# Position.Z vs. Particle Type (97 data points):
# "Particle Type" Position.Z
1.0 0.0 
1.0 0.0 
1.0 0.0 
1.0 0.0 
1.0 0.0 
1.0 0.0 
1.0 0.0 
1.0 0.0 
1.0 0.0 
1.0 2.2741768 
1.0 2.2741768 
1.0 2.2741768 
1.0 2.2741768 
1.0 2.2741768 
1.0 2.2741768 
1.0 2.2741768 
1.0 2.2741768 
1.0 2.2741768 
1.0 5.5095383 
1.0 4.81777765 
1.0 4.3214311 
1.0 4.1853546 
1.0 4.29331805 
1.0 4.3854223 
1.0 4.66881415 
1.0 4.5454087 
1.0 4.31268845 
1.0 7.18645935 
1.0 7.10748535 
1.0 6.74027865 
1.0 7.3614135 
1.0 6.522929 
1.0 7.86282805 
1.0 6.7168234 
1.0 6.1997446 
1.0 6.5814077 
2.0 8.4646429 
2.0 12.34728775 
2.0 7.9352917 
3.0 9.6620195 
3.0 9.0961598 
3.0 13.34287325 
3.0 11.3528233 
3.0 16.6142011 
3.0 10.8939957 
3.0 9.7499374 
3.0 13.1702179 
3.0 19.05970185 
3.0 19.6851039 
3.0 21.70112315 
3.0 16.68563855 
3.0 15.9732713 
3.0 17.84696375 
3.0 16.7383972 
3.0 19.95187705 
3.0 19.1998009 
3.0 23.63671065 
3.0 23.38373345 
3.0 22.01697575 
3.0 21.23500015 
3.0 21.6518778 
4.0 17.5640444 
4.0 16.4544835 
4.0 11.55967855 
4.0 10.8135188 
4.0 9.96338315 
4.0 9.77492145 
4.0 12.7912764 
4.0 14.0627144 
4.0 20.0003167 
4.0 19.08753245 
4.0 19.94562185 
4.0 20.4657047 
4.0 21.1268498 
4.0 21.67707255 
4.0 17.593184 
4.0 16.343054 
4.0 16.5926719 
4.0 16.01966275 
4.0 17.7645468 
4.0 17.56922475 
4.0 15.99600625 
4.0 16.49153835 
4.0 19.28441935 
4.0 20.1940578 
4.0 19.3732028 
4.0 18.48675115 
4.0 23.56588325 
4.0 24.18062535 
4.0 22.78019625 
4.0 23.43345725 
4.0 22.73768875 
4.0 22.04719195 
4.0 21.44855825 
4.0 22.0224102 
4.0 20.76963665 
4.0 21.5996627 
