# Position.Z vs. Particle Type (97 data points):
# "Particle Type" Position.Z
1.0 0.0 
1.0 0.0 
1.0 0.0 
1.0 0.0 
1.0 0.0 
1.0 0.0 
1.0 0.0 
1.0 0.0 
1.0 0.0 
1.0 2.2741768 
1.0 2.2741768 
1.0 2.2741768 
1.0 2.2741768 
1.0 2.2741768 
1.0 2.2741768 
1.0 2.2741768 
1.0 2.2741768 
1.0 2.2741768 
1.0 5.5664217 
1.0 4.82683915 
1.0 4.27444115 
1.0 4.40483295 
1.0 4.2957817 
1.0 4.41320565 
1.0 4.74131595 
1.0 4.56911665 
1.0 4.4126026 
1.0 7.24755325 
1.0 6.75995495 
1.0 6.88317455 
1.0 7.43493415 
1.0 6.2898717 
1.0 8.33948955 
1.0 6.8601526 
1.0 6.6855824 
1.0 6.42575675 
2.0 8.32785625 
2.0 13.8251078 
2.0 7.7945616 
3.0 9.499021 
3.0 8.99729145 
3.0 12.74075635 
3.0 14.92473605 
3.0 19.04700805 
3.0 11.84795465 
3.0 10.25736075 
3.0 17.06133205 
3.0 20.55959465 
3.0 20.50267065 
3.0 23.79198605 
3.0 17.44074465 
3.0 17.59517585 
3.0 19.77426465 
3.0 18.5883383 
3.0 21.82778605 
3.0 20.82548895 
3.0 25.16351775 
3.0 25.37562965 
3.0 23.36268865 
3.0 23.2848609 
3.0 23.3501394 
4.0 19.51302815 
4.0 18.2593698 
4.0 11.4458547 
4.0 11.65524115 
4.0 10.955819 
4.0 10.0056229 
4.0 17.31722335 
4.0 17.2673739 
4.0 21.4963357 
4.0 20.44627795 
4.0 20.9601917 
4.0 20.7150636 
4.0 22.9925101 
4.0 23.55896585 
4.0 16.6038089 
4.0 17.04897145 
4.0 18.23055045 
4.0 18.2793548 
4.0 20.0248566 
4.0 19.38508775 
4.0 17.77719545 
4.0 18.6723362 
4.0 20.9955424 
4.0 22.3180566 
4.0 20.67674805 
4.0 20.0819388 
4.0 24.9755793 
4.0 25.14805265 
4.0 24.6354626 
4.0 26.0650593 
4.0 24.00906375 
4.0 23.2480171 
4.0 23.2748026 
4.0 24.1046967 
4.0 22.4804209 
4.0 23.3012353 
