# Position.Z vs. Particle Type (97 data points):
# "Particle Type" Position.Z
1.0 0.0 
1.0 0.0 
1.0 0.0 
1.0 0.0 
1.0 0.0 
1.0 0.0 
1.0 0.0 
1.0 0.0 
1.0 0.0 
1.0 2.2741768 
1.0 2.2741768 
1.0 2.2741768 
1.0 2.2741768 
1.0 2.2741768 
1.0 2.2741768 
1.0 2.2741768 
1.0 2.2741768 
1.0 2.2741768 
1.0 4.45446435 
1.0 4.30080805 
1.0 4.37360245 
1.0 4.475856 
1.0 4.4293907 
1.0 4.36732415 
1.0 4.3570128 
1.0 4.50812495 
1.0 5.01692275 
1.0 6.95720795 
1.0 7.61208 
1.0 6.95451925 
1.0 7.1657404 
1.0 6.41037775 
1.0 6.594035 
1.0 6.6441326 
1.0 6.4035412 
1.0 7.0876792 
2.0 8.3420519 
2.0 15.4013461 
2.0 8.03053755 
3.0 9.4383233 
3.0 9.22767755 
3.0 14.25425715 
3.0 16.46540875 
3.0 9.7494243 
3.0 10.39063095 
3.0 9.6200636 
3.0 13.08389565 
3.0 13.4437499 
3.0 12.6007147 
3.0 19.8374036 
3.0 17.76992315 
3.0 17.4926612 
3.0 18.7843334 
3.0 18.7672828 
3.0 14.79910285 
3.0 21.4106165 
3.0 21.5488007 
3.0 21.078344 
3.0 21.9170182 
3.0 23.5344641 
3.0 21.55428135 
4.0 9.6423096 
4.0 9.9105993 
4.0 11.3478883 
4.0 10.0717176 
4.0 9.4047695 
4.0 9.4687831 
4.0 12.8299346 
4.0 12.6094871 
4.0 13.56547465 
4.0 13.9903778 
4.0 12.3663358 
4.0 11.7946276 
4.0 19.1569763 
4.0 20.19165365 
4.0 17.90689495 
4.0 16.9527477 
4.0 18.02131275 
4.0 17.64648095 
4.0 18.29985115 
4.0 19.7488417 
4.0 18.6064312 
4.0 18.57292605 
4.0 15.62741145 
4.0 14.13721155 
4.0 20.546841 
4.0 21.46950995 
4.0 21.99108695 
4.0 21.4121159 
4.0 21.2883832 
4.0 21.5082231 
4.0 21.9060198 
4.0 21.11804205 
4.0 23.09746425 
4.0 24.4686533 
4.0 21.73648785 
4.0 22.07629025 
