# Position.Z vs. Particle Type (97 data points):
# "Particle Type" Position.Z
1.0 0.0 
1.0 0.0 
1.0 0.0 
1.0 0.0 
1.0 0.0 
1.0 0.0 
1.0 0.0 
1.0 0.0 
1.0 0.0 
1.0 2.2741768 
1.0 2.2741768 
1.0 2.2741768 
1.0 2.2741768 
1.0 2.2741768 
1.0 2.2741768 
1.0 2.2741768 
1.0 2.2741768 
1.0 2.2741768 
1.0 5.58615225 
1.0 4.64882425 
1.0 4.2198065 
1.0 4.5645411 
1.0 4.2866936 
1.0 4.2533239 
1.0 4.26090035 
1.0 4.7127899 
1.0 4.36936605 
1.0 7.18145225 
1.0 6.98223225 
1.0 6.45023505 
1.0 7.5938527 
1.0 6.07778885 
1.0 7.8181432 
1.0 6.6730279 
1.0 6.6670723 
1.0 6.714785 
2.0 8.50354995 
2.0 12.3730719 
2.0 7.65614325 
3.0 9.71411 
3.0 8.8528993 
3.0 12.4148955 
3.0 12.34298905 
3.0 15.6407636 
3.0 9.38779765 
3.0 10.12931605 
3.0 11.0432994 
3.0 16.7404741 
3.0 16.7940731 
3.0 18.7688179 
3.0 17.36494935 
3.0 14.80894205 
3.0 19.7016141 
3.0 17.7898735 
3.0 18.36830135 
3.0 20.22558055 
3.0 21.8956409 
3.0 22.9576949 
3.0 21.0668206 
3.0 23.2828358 
3.0 21.28841575 
4.0 15.9129355 
4.0 15.14896355 
4.0 9.04695785 
4.0 9.5225522 
4.0 10.6039899 
4.0 10.54136545 
4.0 10.98346935 
4.0 10.26362995 
4.0 16.8602483 
4.0 17.5641746 
4.0 16.78685645 
4.0 17.44788325 
4.0 19.0608894 
4.0 19.5728946 
4.0 17.0826789 
4.0 16.83956365 
4.0 15.4142492 
4.0 14.3161613 
4.0 18.9736372 
4.0 20.4918609 
4.0 17.72207115 
4.0 17.1119774 
4.0 17.86737085 
4.0 18.4210166 
4.0 19.4814361 
4.0 19.86265855 
4.0 22.5483608 
4.0 22.2792416 
4.0 22.66590235 
4.0 22.39547905 
4.0 20.90676945 
4.0 20.14477185 
4.0 22.693874 
4.0 24.1776969 
4.0 21.26331025 
4.0 22.0214596 
