# Position.Z vs. Particle Type (97 data points):
# "Particle Type" Position.Z
1.0 0.0 
1.0 0.0 
1.0 0.0 
1.0 0.0 
1.0 0.0 
1.0 0.0 
1.0 0.0 
1.0 0.0 
1.0 0.0 
1.0 2.2741768 
1.0 2.2741768 
1.0 2.2741768 
1.0 2.2741768 
1.0 2.2741768 
1.0 2.2741768 
1.0 2.2741768 
1.0 2.2741768 
1.0 2.2741768 
1.0 5.1998156 
1.0 4.6008935 
1.0 4.27888335 
1.0 4.2650622 
1.0 4.42307915 
1.0 4.3302063 
1.0 4.3554189 
1.0 4.3856918 
1.0 4.5126193 
1.0 7.1201347 
1.0 7.1285347 
1.0 6.91583935 
1.0 7.03889795 
1.0 6.55671765 
1.0 7.4782638 
1.0 6.68819585 
1.0 6.22680345 
1.0 6.64248725 
2.0 8.27691585 
2.0 14.1182146 
2.0 7.90953135 
3.0 9.49404715 
3.0 9.11534855 
3.0 14.285075 
3.0 13.93623385 
3.0 10.4038389 
3.0 11.47194755 
3.0 9.47510585 
3.0 11.5425142 
3.0 15.9119016 
3.0 11.90468965 
3.0 19.29695215 
3.0 18.89246485 
3.0 16.1247317 
3.0 19.7303526 
3.0 17.79520575 
3.0 18.55539455 
3.0 20.1513417 
3.0 21.7701834 
3.0 22.84715615 
3.0 21.28103635 
3.0 22.9241012 
3.0 21.7680491 
4.0 10.3321771 
4.0 9.9282477 
4.0 11.9442323 
4.0 10.87878785 
4.0 9.81301685 
4.0 9.9807442 
4.0 11.566247 
4.0 11.69806715 
4.0 15.95994785 
4.0 15.95489945 
4.0 12.8332624 
4.0 11.5345097 
4.0 19.5109334 
4.0 20.11699795 
4.0 19.80771765 
4.0 18.74571475 
4.0 15.8009509 
4.0 16.932538 
4.0 19.37035625 
4.0 20.66173025 
4.0 17.99672665 
4.0 17.81243415 
4.0 17.5767025 
4.0 18.71133985 
4.0 19.2750194 
4.0 20.1193713 
4.0 22.1836769 
4.0 22.48485925 
4.0 22.4894446 
4.0 22.191736 
4.0 20.89499965 
4.0 20.46693705 
4.0 22.38898235 
4.0 23.76230115 
4.0 21.31123085 
4.0 22.12308875 
