# Position.Z vs. Particle Type (97 data points):
# "Particle Type" Position.Z
1.0 0.0 
1.0 0.0 
1.0 0.0 
1.0 0.0 
1.0 0.0 
1.0 0.0 
1.0 0.0 
1.0 0.0 
1.0 0.0 
1.0 2.2741768 
1.0 2.2741768 
1.0 2.2741768 
1.0 2.2741768 
1.0 2.2741768 
1.0 2.2741768 
1.0 2.2741768 
1.0 2.2741768 
1.0 2.2741768 
1.0 5.27027725 
1.0 4.51142265 
1.0 4.24247215 
1.0 4.42378475 
1.0 4.2171724 
1.0 4.3476461 
1.0 4.42961715 
1.0 4.39844335 
1.0 4.60149235 
1.0 7.27600265 
1.0 6.859874 
1.0 6.88038855 
1.0 7.02623285 
1.0 6.3414456 
1.0 7.69026405 
1.0 6.65732935 
1.0 6.38100365 
1.0 6.5703316 
2.0 8.1700766 
2.0 13.72279265 
2.0 7.80865995 
3.0 9.3919308 
3.0 9.01634265 
3.0 12.78601065 
3.0 14.6411874 
3.0 19.2801091 
3.0 11.11526395 
3.0 9.64212235 
3.0 17.71291445 
3.0 21.302827 
3.0 19.4031838 
3.0 24.41459755 
3.0 20.65524685 
3.0 17.1453639 
3.0 22.46130145 
3.0 19.74237405 
3.0 21.3824359 
3.0 20.8533927 
3.0 25.14056545 
3.0 24.6930096 
3.0 24.0612022 
3.0 24.35657875 
3.0 23.5005477 
4.0 20.02065765 
4.0 19.1826768 
4.0 10.5874804 
4.0 10.98208335 
4.0 9.94000805 
4.0 9.652699 
4.0 17.1046988 
4.0 17.13186125 
4.0 22.21457035 
4.0 21.26409425 
4.0 20.1453532 
4.0 19.29106025 
4.0 23.69264835 
4.0 23.98566205 
4.0 20.4719305 
4.0 20.3247422 
4.0 16.9727908 
4.0 17.96146765 
4.0 21.92723855 
4.0 22.1903955 
4.0 20.1789735 
4.0 18.9276227 
4.0 21.716884 
4.0 22.18382705 
4.0 20.18186275 
4.0 20.3540456 
4.0 25.0442997 
4.0 25.3821659 
4.0 24.0910236 
4.0 25.5223976 
4.0 24.3254179 
4.0 24.5626906 
4.0 24.4557432 
4.0 24.45529975 
4.0 22.555365 
4.0 23.6793585 
