# Position.Z vs. Particle Type (97 data points):
# "Particle Type" Position.Z
1.0 0.0 
1.0 0.0 
1.0 0.0 
1.0 0.0 
1.0 0.0 
1.0 0.0 
1.0 0.0 
1.0 0.0 
1.0 0.0 
1.0 2.2741768 
1.0 2.2741768 
1.0 2.2741768 
1.0 2.2741768 
1.0 2.2741768 
1.0 2.2741768 
1.0 2.2741768 
1.0 2.2741768 
1.0 2.2741768 
1.0 4.3474466 
1.0 4.6083583 
1.0 4.3121715 
1.0 4.30891265 
1.0 4.35853285 
1.0 4.29705535 
1.0 4.72906315 
1.0 4.3529017 
1.0 5.09371835 
1.0 6.57416165 
1.0 7.76385925 
1.0 7.29131025 
1.0 7.05392205 
1.0 6.45792525 
1.0 6.69462605 
1.0 6.69251905 
1.0 6.599523 
1.0 6.7737586 
2.0 8.16745895 
2.0 15.4248633 
2.0 8.1142453 
3.0 9.35266955 
3.0 9.3176748 
3.0 15.353191 
3.0 15.75099015 
3.0 9.86706595 
3.0 10.6644566 
3.0 10.35445285 
3.0 13.41978645 
3.0 14.48883765 
3.0 13.2658456 
3.0 20.4200388 
3.0 19.50709005 
3.0 18.5817849 
3.0 19.07890495 
3.0 19.1002707 
3.0 15.9257427 
3.0 21.87497095 
3.0 22.06360065 
3.0 22.05684915 
3.0 22.2865188 
3.0 23.9181404 
3.0 22.08627435 
4.0 9.74738765 
4.0 10.3288437 
4.0 11.5925033 
4.0 10.34128935 
4.0 10.11567165 
4.0 10.3690447 
4.0 13.5627226 
4.0 13.14242965 
4.0 15.3231589 
4.0 14.0696395 
4.0 13.71028505 
4.0 13.3186508 
4.0 19.5118602 
4.0 20.75898195 
4.0 20.2631415 
4.0 18.78167585 
4.0 18.6160954 
4.0 18.7256776 
4.0 18.87463305 
4.0 20.0695502 
4.0 18.97288435 
4.0 18.92071125 
4.0 16.5559737 
4.0 15.22762745 
4.0 20.9388004 
4.0 22.065883 
4.0 22.5046934 
4.0 22.2028646 
4.0 22.24522405 
4.0 21.9453108 
4.0 22.19995505 
4.0 21.5802181 
4.0 23.6443312 
4.0 24.8743047 
4.0 22.2723207 
4.0 22.8051698 
