# Position.Z vs. Particle Type (97 data points):
# "Particle Type" Position.Z
1.0 0.0 
1.0 0.0 
1.0 0.0 
1.0 0.0 
1.0 0.0 
1.0 0.0 
1.0 0.0 
1.0 0.0 
1.0 0.0 
1.0 2.2741768 
1.0 2.2741768 
1.0 2.2741768 
1.0 2.2741768 
1.0 2.2741768 
1.0 2.2741768 
1.0 2.2741768 
1.0 2.2741768 
1.0 2.2741768 
1.0 5.2884615 
1.0 4.40673275 
1.0 4.36806125 
1.0 4.3209005 
1.0 4.26096055 
1.0 4.33427015 
1.0 4.54658435 
1.0 4.4800224 
1.0 4.5039484 
1.0 6.98548375 
1.0 6.9375971 
1.0 6.6680334 
1.0 7.3864518 
1.0 6.312229 
1.0 7.4323935 
1.0 6.73659875 
1.0 6.47168865 
1.0 6.61054205 
2.0 8.25814045 
2.0 12.8501247 
2.0 7.78114715 
3.0 9.41482535 
3.0 8.9968753 
3.0 12.59028645 
3.0 13.10264095 
3.0 11.5058174 
3.0 9.63454625 
3.0 9.2858997 
3.0 11.2421939 
3.0 16.6192593 
3.0 15.9238401 
3.0 19.25128345 
3.0 16.15721625 
3.0 14.5261949 
3.0 13.03444835 
3.0 11.59485915 
3.0 14.7058569 
3.0 16.7303192 
3.0 20.4933673 
3.0 19.15601695 
3.0 20.14971875 
3.0 19.4201819 
3.0 17.9663092 
4.0 12.3355554 
4.0 11.42060325 
4.0 9.9174971 
4.0 10.24168425 
4.0 9.39121715 
4.0 10.04238655 
4.0 11.50495185 
4.0 10.67475115 
4.0 16.6013071 
4.0 16.0709591 
4.0 15.9059978 
4.0 16.69907085 
4.0 18.2554372 
4.0 19.5318844 
4.0 15.68611905 
4.0 16.30617345 
4.0 14.1136716 
4.0 15.01067505 
4.0 13.6009139 
4.0 12.68867355 
4.0 10.99390775 
4.0 11.893973 
4.0 14.13393275 
4.0 15.19856135 
4.0 16.1106603 
4.0 17.63487005 
4.0 20.04516605 
4.0 21.4359565 
4.0 18.97133035 
4.0 19.4114872 
4.0 20.1795545 
4.0 20.08850585 
4.0 19.64205075 
4.0 19.7589084 
4.0 17.0905497 
4.0 18.3484301 
