# Position.Z vs. Particle Type (97 data points):
# "Particle Type" Position.Z
1.0 0.0 
1.0 0.0 
1.0 0.0 
1.0 0.0 
1.0 0.0 
1.0 0.0 
1.0 0.0 
1.0 0.0 
1.0 0.0 
1.0 2.2741768 
1.0 2.2741768 
1.0 2.2741768 
1.0 2.2741768 
1.0 2.2741768 
1.0 2.2741768 
1.0 2.2741768 
1.0 2.2741768 
1.0 2.2741768 
1.0 5.6020664 
1.0 4.79866205 
1.0 4.2804622 
1.0 4.307758 
1.0 4.2145012 
1.0 4.2953533 
1.0 4.84756615 
1.0 4.64879135 
1.0 4.42161405 
1.0 7.52231515 
1.0 7.08279145 
1.0 7.0597247 
1.0 7.14742805 
1.0 6.45786435 
1.0 7.93419515 
1.0 6.868848 
1.0 6.2255221 
1.0 6.51966315 
2.0 8.37519935 
2.0 13.47933545 
2.0 8.02128495 
3.0 9.5778907 
3.0 9.18620535 
3.0 13.217589 
3.0 13.73872955 
3.0 11.85564345 
3.0 11.64538305 
3.0 10.2125128 
3.0 10.2949959 
3.0 14.62250545 
3.0 14.50451485 
3.0 16.6565595 
3.0 16.0935691 
3.0 13.0742458 
3.0 17.69008955 
3.0 15.89948535 
3.0 16.1199787 
3.0 18.22827195 
3.0 20.19975825 
3.0 18.6714934 
3.0 18.60170725 
3.0 20.5569546 
3.0 19.19483965 
4.0 12.76850435 
4.0 11.3913807 
4.0 11.000745 
4.0 12.5330247 
4.0 10.4152545 
4.0 10.61894925 
4.0 10.38501205 
4.0 10.6456063 
4.0 14.14574875 
4.0 15.0300864 
4.0 14.8129534 
4.0 14.99706985 
4.0 17.11136105 
4.0 17.34962495 
4.0 16.95816605 
4.0 15.57800125 
4.0 12.571272 
4.0 12.5586118 
4.0 17.11324475 
4.0 18.6370506 
4.0 15.60930455 
4.0 15.7723545 
4.0 15.5941366 
4.0 16.24560525 
4.0 17.38643235 
4.0 18.2192969 
4.0 20.48652655 
4.0 20.08809635 
4.0 18.81232465 
4.0 18.68372765 
4.0 18.53566995 
4.0 17.70778485 
4.0 19.86557055 
4.0 21.392637 
4.0 19.24943335 
4.0 19.64869585 
