# Position.Z vs. Particle Type (97 data points):
# "Particle Type" Position.Z
1.0 0.0 
1.0 0.0 
1.0 0.0 
1.0 0.0 
1.0 0.0 
1.0 0.0 
1.0 0.0 
1.0 0.0 
1.0 0.0 
1.0 2.2741768 
1.0 2.2741768 
1.0 2.2741768 
1.0 2.2741768 
1.0 2.2741768 
1.0 2.2741768 
1.0 2.2741768 
1.0 2.2741768 
1.0 2.2741768 
1.0 4.68495335 
1.0 4.60681165 
1.0 4.1846735 
1.0 4.29964535 
1.0 4.57003505 
1.0 4.33953275 
1.0 4.5258962 
1.0 4.22416855 
1.0 5.1842014 
1.0 6.6994711 
1.0 7.7622965 
1.0 7.11961005 
1.0 7.14992705 
1.0 6.6399431 
1.0 6.85870255 
1.0 6.8266821 
1.0 6.55600575 
1.0 6.6900932 
2.0 8.48522465 
2.0 15.65590915 
2.0 8.1353909 
3.0 9.58350015 
3.0 9.2930082 
3.0 16.4612973 
3.0 14.9037581 
3.0 9.76985905 
3.0 11.2615006 
3.0 10.9094426 
3.0 14.2868271 
3.0 14.7083755 
3.0 13.3183253 
3.0 20.26380125 
3.0 19.1508079 
3.0 18.1441918 
3.0 19.5345619 
3.0 19.79734785 
3.0 16.52298515 
3.0 22.3844866 
3.0 22.588412 
3.0 22.4209055 
3.0 22.2760188 
3.0 23.78268305 
3.0 22.6882936 
4.0 9.7553533 
4.0 9.8428302 
4.0 12.06444715 
4.0 11.14451765 
4.0 10.7411192 
4.0 10.04869845 
4.0 15.1744915 
4.0 14.28025025 
4.0 15.39749925 
4.0 14.0782222 
4.0 13.26331895 
4.0 12.55434495 
4.0 19.64127865 
4.0 20.84093795 
4.0 19.7868972 
4.0 18.2746172 
4.0 18.80980255 
4.0 18.05756645 
4.0 19.0581398 
4.0 20.50219115 
4.0 19.1191567 
4.0 19.90683275 
4.0 16.7571348 
4.0 15.58346265 
4.0 21.4173211 
4.0 22.4943922 
4.0 22.84481675 
4.0 22.65419485 
4.0 22.7998582 
4.0 22.80984195 
4.0 22.61908285 
4.0 21.3249148 
4.0 23.22982305 
4.0 24.67644025 
4.0 22.77525285 
4.0 23.0755602 
