# Position.Z vs. Particle Type (97 data points):
# "Particle Type" Position.Z
1.0 0.0 
1.0 0.0 
1.0 0.0 
1.0 0.0 
1.0 0.0 
1.0 0.0 
1.0 0.0 
1.0 0.0 
1.0 0.0 
1.0 2.2741768 
1.0 2.2741768 
1.0 2.2741768 
1.0 2.2741768 
1.0 2.2741768 
1.0 2.2741768 
1.0 2.2741768 
1.0 2.2741768 
1.0 2.2741768 
1.0 5.37419715 
1.0 4.30969595 
1.0 4.4380434 
1.0 4.43525565 
1.0 4.26025565 
1.0 4.30143105 
1.0 4.37811395 
1.0 4.43844485 
1.0 4.74035205 
1.0 7.42277865 
1.0 7.25382315 
1.0 6.8115992 
1.0 7.2897692 
1.0 6.35313875 
1.0 7.3869495 
1.0 6.6370808 
1.0 6.37888405 
1.0 6.60106125 
2.0 8.60466495 
2.0 12.9445785 
2.0 8.010093 
3.0 9.8391076 
3.0 9.19689505 
3.0 12.7368766 
3.0 13.272343 
3.0 12.59372345 
3.0 9.5188352 
3.0 9.32590505 
3.0 10.66932755 
3.0 15.9307547 
3.0 16.3814637 
3.0 18.03246795 
3.0 15.60369195 
3.0 13.93497 
3.0 12.6468839 
3.0 11.76068495 
3.0 15.4113631 
3.0 15.9411063 
3.0 19.6492562 
3.0 18.58812725 
3.0 19.8881984 
3.0 19.07701355 
3.0 18.78421405 
4.0 13.53374505 
4.0 12.56553725 
4.0 10.0923235 
4.0 9.83015145 
4.0 9.26662765 
4.0 9.99827605 
4.0 11.43091845 
4.0 10.1266403 
4.0 15.75321125 
4.0 15.5554434 
4.0 16.3113818 
4.0 17.30747445 
4.0 17.09108695 
4.0 18.30985065 
4.0 15.69528485 
4.0 15.69713775 
4.0 13.44700735 
4.0 14.54646725 
4.0 13.04022405 
4.0 12.0378692 
4.0 10.96974305 
4.0 11.681936 
4.0 14.78811845 
4.0 15.47368025 
4.0 15.11337415 
4.0 16.63338355 
4.0 19.0755026 
4.0 20.50359255 
4.0 18.82861365 
4.0 18.95238695 
4.0 19.56869145 
4.0 19.2169747 
4.0 19.54761795 
4.0 19.0639708 
4.0 17.9424147 
4.0 19.37885145 
