# Position.Z vs. Particle Type (97 data points):
# "Particle Type" Position.Z
1.0 0.0 
1.0 0.0 
1.0 0.0 
1.0 0.0 
1.0 0.0 
1.0 0.0 
1.0 0.0 
1.0 0.0 
1.0 0.0 
1.0 2.2741768 
1.0 2.2741768 
1.0 2.2741768 
1.0 2.2741768 
1.0 2.2741768 
1.0 2.2741768 
1.0 2.2741768 
1.0 2.2741768 
1.0 2.2741768 
1.0 5.7987468 
1.0 4.64803815 
1.0 4.46013645 
1.0 4.4258914 
1.0 4.28006915 
1.0 4.3592206 
1.0 4.4452492 
1.0 4.9387807 
1.0 4.41905415 
1.0 7.15776775 
1.0 7.1180592 
1.0 6.6927959 
1.0 7.5146953 
1.0 6.34396735 
1.0 8.016036 
1.0 6.8216218 
1.0 6.56516735 
1.0 6.76946375 
2.0 8.41435385 
2.0 12.2860738 
2.0 8.09217115 
3.0 9.6299665 
3.0 9.28763465 
3.0 12.2434627 
3.0 12.25956655 
3.0 15.70665565 
3.0 9.5156481 
3.0 10.2670715 
3.0 10.80889985 
3.0 16.9874985 
3.0 16.69263295 
3.0 18.82733685 
3.0 17.4736513 
3.0 14.82090295 
3.0 19.62175775 
3.0 16.9679398 
3.0 18.2611919 
3.0 20.07161835 
3.0 22.00222535 
3.0 21.1803165 
3.0 20.36361145 
3.0 22.2287282 
3.0 21.11781525 
4.0 15.910538 
4.0 15.1748107 
4.0 9.69222065 
4.0 9.64355385 
4.0 10.68100635 
4.0 10.3762071 
4.0 10.6688288 
4.0 10.496423 
4.0 17.1098004 
4.0 17.7100133 
4.0 16.7546834 
4.0 16.9823906 
4.0 19.13008335 
4.0 19.64730075 
4.0 16.9304079 
4.0 16.77179455 
4.0 15.55943235 
4.0 14.10847725 
4.0 18.8936839 
4.0 20.5039429 
4.0 17.23720915 
4.0 16.6636295 
4.0 17.5883652 
4.0 18.54982465 
4.0 19.30195575 
4.0 19.8820356 
4.0 22.5334816 
4.0 21.9820559 
4.0 21.246141 
4.0 21.0163835 
4.0 20.35841465 
4.0 19.4733602 
4.0 21.6459474 
4.0 23.102961 
4.0 21.0027496 
4.0 21.6272812 
