# Position.Z vs. Particle Type (97 data points):
# "Particle Type" Position.Z
1.0 0.0 
1.0 0.0 
1.0 0.0 
1.0 0.0 
1.0 0.0 
1.0 0.0 
1.0 0.0 
1.0 0.0 
1.0 0.0 
1.0 2.2741768 
1.0 2.2741768 
1.0 2.2741768 
1.0 2.2741768 
1.0 2.2741768 
1.0 2.2741768 
1.0 2.2741768 
1.0 2.2741768 
1.0 2.2741768 
1.0 5.5976221 
1.0 4.7030942 
1.0 4.20275835 
1.0 4.5760638 
1.0 4.2938784 
1.0 4.23444 
1.0 4.31611985 
1.0 4.9777154 
1.0 4.44525725 
1.0 7.1821449 
1.0 7.09795345 
1.0 6.5462593 
1.0 7.41381445 
1.0 6.2051507 
1.0 8.05924735 
1.0 6.7090744 
1.0 6.6010798 
1.0 6.57610415 
2.0 8.4395514 
2.0 13.80940225 
2.0 7.86688945 
3.0 9.63576565 
3.0 9.06319715 
3.0 14.3968839 
3.0 13.1250819 
3.0 15.62440355 
3.0 10.03052855 
3.0 10.04710665 
3.0 14.0167706 
3.0 18.72248735 
3.0 18.1680317 
3.0 21.38568145 
3.0 18.22147145 
3.0 16.7923546 
3.0 20.50334895 
3.0 18.05446545 
3.0 19.4871635 
3.0 20.04021845 
3.0 23.1591248 
3.0 23.18797005 
3.0 21.6717144 
3.0 22.6296945 
3.0 22.05777875 
4.0 15.44047435 
4.0 14.8092392 
4.0 10.4483379 
4.0 9.09960975 
4.0 9.89080995 
4.0 10.54147535 
4.0 13.85423655 
4.0 14.84605045 
4.0 18.84600795 
4.0 19.6614229 
4.0 18.3000475 
4.0 18.21468565 
4.0 20.9144355 
4.0 21.42847595 
4.0 18.045489 
4.0 17.37849785 
4.0 17.3301779 
4.0 17.2020254 
4.0 19.8181774 
4.0 21.3630844 
4.0 18.54699595 
4.0 17.47725175 
4.0 19.77841005 
4.0 20.11921765 
4.0 19.488882 
4.0 19.4520809 
4.0 23.55348695 
4.0 23.4716615 
4.0 22.7124156 
4.0 23.9685936 
4.0 22.0661315 
4.0 21.47468435 
4.0 22.4301812 
4.0 22.96829465 
4.0 21.2442279 
4.0 22.4181083 
