# Position.Z vs. Particle Type (97 data points):
# "Particle Type" Position.Z
1.0 0.0 
1.0 0.0 
1.0 0.0 
1.0 0.0 
1.0 0.0 
1.0 0.0 
1.0 0.0 
1.0 0.0 
1.0 0.0 
1.0 2.2741768 
1.0 2.2741768 
1.0 2.2741768 
1.0 2.2741768 
1.0 2.2741768 
1.0 2.2741768 
1.0 2.2741768 
1.0 2.2741768 
1.0 2.2741768 
1.0 5.25872165 
1.0 5.1797466 
1.0 4.32495595 
1.0 4.43157085 
1.0 4.2805609 
1.0 4.372277 
1.0 4.3238468 
1.0 4.28877855 
1.0 4.8371568 
1.0 6.903183 
1.0 7.43812755 
1.0 6.6504753 
1.0 7.7463526 
1.0 6.34455885 
1.0 7.53702775 
1.0 6.71297935 
1.0 6.34470235 
1.0 6.8193748 
2.0 8.4504749 
2.0 13.2873195 
2.0 7.7908733 
3.0 9.5117183 
3.0 9.02198465 
3.0 12.9238214 
3.0 13.6781449 
3.0 12.35147025 
3.0 9.8456547 
3.0 9.41627085 
3.0 10.92612185 
3.0 14.85764035 
3.0 16.16220165 
3.0 18.35859165 
3.0 15.75341075 
3.0 13.64935075 
3.0 11.40490365 
3.0 10.3506655 
3.0 15.70206995 
3.0 15.68792785 
3.0 19.88275275 
3.0 18.48850815 
3.0 19.174568 
3.0 19.97576525 
3.0 18.2023737 
4.0 13.13912705 
4.0 11.7223029 
4.0 10.39707795 
4.0 9.65319565 
4.0 9.5603823 
4.0 10.15720895 
4.0 11.57309615 
4.0 10.2446771 
4.0 15.309931 
4.0 15.223299 
4.0 16.12226245 
4.0 17.1146934 
4.0 17.4140827 
4.0 18.27900725 
4.0 15.7064551 
4.0 15.5257123 
4.0 13.380374 
4.0 14.19928405 
4.0 11.89398945 
4.0 11.33331605 
4.0 9.63402055 
4.0 10.65584905 
4.0 15.48722525 
4.0 15.46441855 
4.0 15.2000534 
4.0 16.643361 
4.0 19.27698395 
4.0 20.7790898 
4.0 18.5890677 
4.0 19.13967335 
4.0 19.1894514 
4.0 19.0733067 
4.0 19.79993855 
4.0 19.7996827 
4.0 17.3506095 
4.0 18.84139565 
