# Position.Z vs. Particle Type (97 data points):
# "Particle Type" Position.Z
1.0 0.0 
1.0 0.0 
1.0 0.0 
1.0 0.0 
1.0 0.0 
1.0 0.0 
1.0 0.0 
1.0 0.0 
1.0 0.0 
1.0 2.2741768 
1.0 2.2741768 
1.0 2.2741768 
1.0 2.2741768 
1.0 2.2741768 
1.0 2.2741768 
1.0 2.2741768 
1.0 2.2741768 
1.0 2.2741768 
1.0 5.28242575 
1.0 5.0751323 
1.0 4.1695815 
1.0 4.3185618 
1.0 4.35696555 
1.0 4.2410522 
1.0 4.50775885 
1.0 4.4511789 
1.0 4.42502235 
1.0 7.3406543 
1.0 7.3643017 
1.0 6.8229063 
1.0 7.2857064 
1.0 6.5358195 
1.0 7.7862995 
1.0 6.6836728 
1.0 6.2444739 
1.0 6.75742585 
2.0 8.50031 
2.0 12.7741614 
2.0 7.9269099 
3.0 9.69448795 
3.0 9.1755391 
3.0 12.5832021 
3.0 12.87413085 
3.0 17.3305776 
3.0 10.2139849 
3.0 9.92427975 
3.0 14.833441 
3.0 20.0022074 
3.0 20.09923475 
3.0 22.9326902 
3.0 17.6371839 
3.0 16.58695745 
3.0 18.79289825 
3.0 17.5925365 
3.0 20.8802048 
3.0 19.89313165 
3.0 24.78205275 
3.0 22.8230569 
3.0 22.97435175 
3.0 22.65462325 
3.0 22.3365674 
4.0 18.24854115 
4.0 16.92028345 
4.0 10.7624097 
4.0 9.3205735 
4.0 10.1954412 
4.0 10.61458335 
4.0 14.9523927 
4.0 13.8702865 
4.0 21.00613515 
4.0 19.82229375 
4.0 20.25590455 
4.0 20.94801625 
4.0 22.12845355 
4.0 22.6726724 
4.0 18.61821395 
4.0 17.40904095 
4.0 17.3059901 
4.0 16.89562455 
4.0 19.08199755 
4.0 18.22445275 
4.0 16.93239205 
4.0 17.567067 
4.0 20.11109275 
4.0 21.2520581 
4.0 19.7118586 
4.0 19.0274245 
4.0 24.3880091 
4.0 25.59298525 
4.0 22.98958935 
4.0 23.1965979 
4.0 23.04060745 
4.0 22.91202235 
4.0 22.659021 
4.0 23.55556455 
4.0 21.3886344 
4.0 22.3748504 
