# Position.Z vs. Particle Type (97 data points):
# "Particle Type" Position.Z
1.0 0.0 
1.0 0.0 
1.0 0.0 
1.0 0.0 
1.0 0.0 
1.0 0.0 
1.0 0.0 
1.0 0.0 
1.0 0.0 
1.0 2.2741768 
1.0 2.2741768 
1.0 2.2741768 
1.0 2.2741768 
1.0 2.2741768 
1.0 2.2741768 
1.0 2.2741768 
1.0 2.2741768 
1.0 2.2741768 
1.0 4.27765835 
1.0 4.2409339 
1.0 4.1765619 
1.0 4.3899933 
1.0 4.17718 
1.0 4.1730073 
1.0 4.4153284 
1.0 4.2071953 
1.0 4.37870825 
1.0 7.0433475 
1.0 6.9443927 
1.0 6.5522814 
1.0 6.9883513 
1.0 6.1975165 
1.0 6.17656935 
1.0 6.49192635 
1.0 6.19924935 
1.0 6.52594565 
2.0 7.64583925 
2.0 10.7278976 
2.0 7.2089836 
3.0 8.8395902 
3.0 8.4121723 
3.0 9.61614815 
3.0 11.80555215 
3.0 9.97085705 
3.0 9.8317436 
3.0 9.4390954 
3.0 10.10154915 
3.0 11.3457442 
3.0 11.18850215 
3.0 14.8761501 
3.0 13.9138881 
3.0 13.2431663 
3.0 14.1381674 
3.0 13.85193985 
3.0 13.5923907 
3.0 17.19002985 
3.0 18.3216698 
3.0 17.3542103 
3.0 17.6887018 
3.0 18.1107241 
3.0 17.4204205 
4.0 9.10923755 
4.0 9.92932395 
4.0 10.42771625 
4.0 9.76998295 
4.0 9.8450226 
4.0 9.90094875 
4.0 10.11661105 
4.0 9.15892075 
4.0 10.97223015 
4.0 12.3369365 
4.0 11.0327105 
4.0 10.81394965 
4.0 15.77749915 
4.0 14.4862844 
4.0 14.20435765 
4.0 13.73405355 
4.0 13.5324266 
4.0 12.2852807 
4.0 14.45183005 
4.0 14.4786278 
4.0 13.63983285 
4.0 13.15468875 
4.0 13.50850865 
4.0 12.7202789 
4.0 16.23881245 
4.0 17.59563015 
4.0 18.2425866 
4.0 17.8864875 
4.0 17.379334 
4.0 18.15625105 
4.0 17.63007155 
4.0 16.9002148 
4.0 17.8679053 
4.0 18.31092655 
4.0 17.4371064 
4.0 16.6874631 
