# Position.Z vs. Particle Type (97 data points):
# "Particle Type" Position.Z
1.0 0.0 
1.0 0.0 
1.0 0.0 
1.0 0.0 
1.0 0.0 
1.0 0.0 
1.0 0.0 
1.0 0.0 
1.0 0.0 
1.0 2.2741768 
1.0 2.2741768 
1.0 2.2741768 
1.0 2.2741768 
1.0 2.2741768 
1.0 2.2741768 
1.0 2.2741768 
1.0 2.2741768 
1.0 2.2741768 
1.0 5.41070355 
1.0 4.5050453 
1.0 4.2215656 
1.0 4.493888 
1.0 4.25815565 
1.0 4.312021 
1.0 4.2701792 
1.0 4.73751285 
1.0 4.5784774 
1.0 7.1695057 
1.0 7.0227276 
1.0 6.7336801 
1.0 7.4197977 
1.0 6.1882429 
1.0 7.80555615 
1.0 6.69492145 
1.0 6.5605715 
1.0 6.920165 
2.0 8.3363623 
2.0 12.7872108 
2.0 8.0741696 
3.0 9.57421745 
3.0 9.2881418 
3.0 13.2157025 
3.0 12.4763359 
3.0 16.10981645 
3.0 10.03280145 
3.0 9.7564033 
3.0 11.72808805 
3.0 16.6902078 
3.0 15.1428116 
3.0 19.45592285 
3.0 17.0529058 
3.0 14.75847555 
3.0 19.7913142 
3.0 16.63438525 
3.0 18.2094556 
3.0 18.5205601 
3.0 22.25740545 
3.0 22.6653252 
3.0 20.6387041 
3.0 21.5199761 
3.0 20.18463475 
4.0 15.7622276 
4.0 15.7100727 
4.0 10.02893115 
4.0 10.2533172 
4.0 9.842658 
4.0 10.450923 
4.0 11.7549215 
4.0 11.0312664 
4.0 16.8668626 
4.0 17.64691075 
4.0 15.75064715 
4.0 14.29914955 
4.0 19.635714 
4.0 19.79035835 
4.0 16.8519316 
4.0 16.546327 
4.0 15.1068883 
4.0 13.7934265 
4.0 19.1756096 
4.0 20.6328682 
4.0 17.3329443 
4.0 15.9533262 
4.0 17.8499041 
4.0 19.10430375 
4.0 17.99391965 
4.0 17.77320195 
4.0 22.500226 
4.0 22.63294005 
4.0 21.75097365 
4.0 22.56648205 
4.0 20.336666 
4.0 20.1672933 
4.0 21.3007662 
4.0 21.11861395 
4.0 19.5722618 
4.0 20.5516283 
