# Position.Z vs. Particle Type (97 data points):
# "Particle Type" Position.Z
1.0 0.0 
1.0 0.0 
1.0 0.0 
1.0 0.0 
1.0 0.0 
1.0 0.0 
1.0 0.0 
1.0 0.0 
1.0 0.0 
1.0 2.2741768 
1.0 2.2741768 
1.0 2.2741768 
1.0 2.2741768 
1.0 2.2741768 
1.0 2.2741768 
1.0 2.2741768 
1.0 2.2741768 
1.0 2.2741768 
1.0 5.70516065 
1.0 4.6889129 
1.0 4.1939527 
1.0 4.5261237 
1.0 4.2420133 
1.0 4.23572625 
1.0 4.45226075 
1.0 4.6995585 
1.0 4.43868775 
1.0 7.1493422 
1.0 7.00855505 
1.0 6.48915785 
1.0 7.7975499 
1.0 6.15097105 
1.0 8.04590955 
1.0 7.13809985 
1.0 6.5698129 
1.0 6.5936682 
2.0 8.46200005 
2.0 12.3124414 
2.0 7.97543075 
3.0 9.625497 
3.0 9.1528318 
3.0 12.07809295 
3.0 12.55747255 
3.0 14.93068395 
3.0 9.57850005 
3.0 10.0632112 
3.0 10.8945977 
3.0 17.80393125 
3.0 18.0062232 
3.0 19.80311655 
3.0 17.6965404 
3.0 14.72036895 
3.0 20.96383905 
3.0 19.54038835 
3.0 18.89713455 
3.0 21.59740905 
3.0 23.26205665 
3.0 24.0870413 
3.0 21.9154012 
3.0 23.94568225 
3.0 22.45634055 
4.0 15.4139503 
4.0 14.76775405 
4.0 9.19126215 
4.0 9.22845805 
4.0 10.11126375 
4.0 10.4481608 
4.0 11.0537315 
4.0 10.4215405 
4.0 17.83308905 
4.0 18.5982216 
4.0 17.85989835 
4.0 18.4894542 
4.0 20.2371645 
4.0 20.60930235 
4.0 17.74299485 
4.0 16.7331899 
4.0 15.46182365 
4.0 13.9562563 
4.0 20.45681365 
4.0 21.7942564 
4.0 19.46779345 
4.0 19.07129 
4.0 18.6184754 
4.0 18.8496686 
4.0 20.87791405 
4.0 21.3217802 
4.0 23.7310031 
4.0 23.3589272 
4.0 23.79345045 
4.0 23.31741895 
4.0 21.94521175 
4.0 20.9598011 
4.0 23.1192024 
4.0 24.68339125 
4.0 22.55349915 
4.0 23.053793 
