# Position.Z vs. Particle Type (97 data points):
# "Particle Type" Position.Z
1.0 0.0 
1.0 0.0 
1.0 0.0 
1.0 0.0 
1.0 0.0 
1.0 0.0 
1.0 0.0 
1.0 0.0 
1.0 0.0 
1.0 2.2741768 
1.0 2.2741768 
1.0 2.2741768 
1.0 2.2741768 
1.0 2.2741768 
1.0 2.2741768 
1.0 2.2741768 
1.0 2.2741768 
1.0 2.2741768 
1.0 5.4400416 
1.0 4.27170275 
1.0 4.46792745 
1.0 4.63571395 
1.0 4.4169006 
1.0 4.2150066 
1.0 4.33838895 
1.0 4.5373027 
1.0 4.5384136 
1.0 7.07138565 
1.0 7.0556052 
1.0 6.70307505 
1.0 7.3559388 
1.0 6.54798445 
1.0 7.9067387 
1.0 6.96282545 
1.0 6.5341962 
1.0 6.6894492 
2.0 8.3480838 
2.0 13.33779125 
2.0 7.8775459 
3.0 9.55435075 
3.0 9.0421807 
3.0 13.81449195 
3.0 12.78102945 
3.0 16.2286159 
3.0 10.49135395 
3.0 9.92326545 
3.0 12.59058115 
3.0 17.64186865 
3.0 15.19663985 
3.0 20.26076465 
3.0 16.9149008 
3.0 16.027494 
3.0 19.93111995 
3.0 17.14075335 
3.0 17.970652 
3.0 18.2668801 
3.0 22.35330825 
3.0 22.5203258 
3.0 20.63721485 
3.0 21.51539145 
3.0 20.4723204 
4.0 15.4590086 
4.0 16.05516815 
4.0 10.18829455 
4.0 10.6816045 
4.0 10.14515215 
4.0 10.68048625 
4.0 13.0073573 
4.0 12.344661 
4.0 17.5525021 
4.0 18.52975775 
4.0 16.1578088 
4.0 14.89186685 
4.0 20.1538288 
4.0 20.51084035 
4.0 16.6740791 
4.0 16.49767945 
4.0 16.51738515 
4.0 15.1924227 
4.0 19.1288867 
4.0 20.77409355 
4.0 17.64742035 
4.0 16.4367868 
4.0 17.5297472 
4.0 18.7795202 
4.0 18.85793105 
4.0 17.81575355 
4.0 22.84423155 
4.0 22.6972963 
4.0 21.6858985 
4.0 23.09225975 
4.0 21.35671125 
4.0 20.6302068 
4.0 21.42495705 
4.0 21.69355265 
4.0 19.58697755 
4.0 20.7268257 
