# Position.Z vs. Particle Type (97 data points):
# "Particle Type" Position.Z
1.0 0.0 
1.0 0.0 
1.0 0.0 
1.0 0.0 
1.0 0.0 
1.0 0.0 
1.0 0.0 
1.0 0.0 
1.0 0.0 
1.0 2.2741768 
1.0 2.2741768 
1.0 2.2741768 
1.0 2.2741768 
1.0 2.2741768 
1.0 2.2741768 
1.0 2.2741768 
1.0 2.2741768 
1.0 2.2741768 
1.0 5.31769175 
1.0 4.7314897 
1.0 4.2827729 
1.0 4.3437639 
1.0 4.24387005 
1.0 4.3970101 
1.0 4.427192 
1.0 4.6640398 
1.0 4.24694025 
1.0 7.4438924 
1.0 6.9911961 
1.0 6.7128796 
1.0 7.03349815 
1.0 6.65310975 
1.0 7.84821065 
1.0 6.6282251 
1.0 6.37385 
1.0 6.39295405 
2.0 8.2773901 
2.0 11.2245539 
2.0 7.73948105 
3.0 9.52997185 
3.0 8.92597335 
3.0 11.6363681 
3.0 10.8542504 
3.0 14.05475925 
3.0 10.36490595 
3.0 9.9685614 
3.0 12.164544 
3.0 15.9632872 
3.0 18.96787585 
3.0 21.1297352 
3.0 18.1223819 
3.0 16.38123655 
3.0 15.55741285 
3.0 14.4700479 
3.0 19.0872325 
3.0 18.09203725 
3.0 22.60556165 
3.0 23.10528255 
3.0 21.1863596 
3.0 20.61019275 
3.0 20.8009851 
4.0 14.6684335 
4.0 13.311368 
4.0 10.49072325 
4.0 9.4530177 
4.0 10.1586905 
4.0 10.6594131 
4.0 12.8255463 
4.0 11.571959 
4.0 15.5555022 
4.0 16.58645485 
4.0 19.2943198 
4.0 19.7519448 
4.0 20.3955808 
4.0 21.12600315 
4.0 18.2115101 
4.0 17.53621695 
4.0 15.7099194 
4.0 17.0842616 
4.0 15.8628715 
4.0 15.3415164 
4.0 15.03973625 
4.0 13.91891865 
4.0 18.3418543 
4.0 19.3789141 
4.0 18.1500046 
4.0 17.4534584 
4.0 22.34235185 
4.0 22.97852655 
4.0 22.39342595 
4.0 23.40299745 
4.0 21.93220785 
4.0 21.28540645 
4.0 20.76973675 
4.0 21.47788475 
4.0 19.92000745 
4.0 20.6014991 
