# Position.Z vs. Particle Type (97 data points):
# "Particle Type" Position.Z
1.0 0.0 
1.0 0.0 
1.0 0.0 
1.0 0.0 
1.0 0.0 
1.0 0.0 
1.0 0.0 
1.0 0.0 
1.0 0.0 
1.0 2.2741768 
1.0 2.2741768 
1.0 2.2741768 
1.0 2.2741768 
1.0 2.2741768 
1.0 2.2741768 
1.0 2.2741768 
1.0 2.2741768 
1.0 2.2741768 
1.0 5.4531764 
1.0 4.5167682 
1.0 4.27794675 
1.0 4.3260077 
1.0 4.30243625 
1.0 4.35591695 
1.0 4.4394567 
1.0 4.38251555 
1.0 4.8173349 
1.0 6.881994 
1.0 7.4529441 
1.0 6.7644549 
1.0 7.2385838 
1.0 6.2150634 
1.0 7.54735415 
1.0 6.5753016 
1.0 6.4844276 
1.0 6.9870451 
2.0 8.336993 
2.0 12.5777022 
2.0 7.9253636 
3.0 9.51692945 
3.0 9.16402585 
3.0 11.7246206 
3.0 13.46101225 
3.0 12.0956787 
3.0 9.56262195 
3.0 9.46650705 
3.0 11.6576264 
3.0 14.945168 
3.0 15.92304 
3.0 18.5559451 
3.0 15.38537735 
3.0 14.0272454 
3.0 11.56405775 
3.0 10.17704415 
3.0 15.6051196 
3.0 15.76836205 
3.0 20.20266535 
3.0 18.569663 
3.0 19.24060145 
3.0 19.94936055 
3.0 18.0299896 
4.0 12.97531865 
4.0 11.41144095 
4.0 9.9511657 
4.0 9.9602454 
4.0 9.60433915 
4.0 10.16241485 
4.0 11.88090505 
4.0 10.98092135 
4.0 15.12206045 
4.0 15.49975035 
4.0 15.7300962 
4.0 16.89088345 
4.0 17.710196 
4.0 18.30323565 
4.0 15.4507374 
4.0 15.15774575 
4.0 13.46126075 
4.0 14.53825765 
4.0 12.28767365 
4.0 11.7888778 
4.0 9.5069625 
4.0 10.6394939 
4.0 14.640864 
4.0 15.71920175 
4.0 15.06362375 
4.0 16.6243742 
4.0 19.6477239 
4.0 21.01724275 
4.0 18.58577665 
4.0 19.13053345 
4.0 19.1086924 
4.0 19.43192615 
4.0 19.82818145 
4.0 20.1063625 
4.0 17.0838164 
4.0 18.64869825 
