# Position.Z vs. Particle Type (97 data points):
# "Particle Type" Position.Z
1.0 0.0 
1.0 0.0 
1.0 0.0 
1.0 0.0 
1.0 0.0 
1.0 0.0 
1.0 0.0 
1.0 0.0 
1.0 0.0 
1.0 2.2741768 
1.0 2.2741768 
1.0 2.2741768 
1.0 2.2741768 
1.0 2.2741768 
1.0 2.2741768 
1.0 2.2741768 
1.0 2.2741768 
1.0 2.2741768 
1.0 5.58627055 
1.0 4.55736925 
1.0 4.46945345 
1.0 4.4727396 
1.0 4.3333801 
1.0 4.31927965 
1.0 4.2718473 
1.0 4.6607127 
1.0 4.21862035 
1.0 7.07811335 
1.0 7.02791005 
1.0 6.5856413 
1.0 7.7624477 
1.0 6.32153515 
1.0 8.04816915 
1.0 6.62053245 
1.0 6.5444757 
1.0 6.9660304 
2.0 8.40648165 
2.0 12.4624605 
2.0 7.83640865 
3.0 9.53781045 
3.0 9.06372985 
3.0 12.5212997 
3.0 12.38138615 
3.0 13.87429435 
3.0 9.4615031 
3.0 10.1639734 
3.0 11.05584935 
3.0 15.92099985 
3.0 15.5452038 
3.0 18.16964275 
3.0 16.1232806 
3.0 13.87007895 
3.0 18.90631225 
3.0 16.20895185 
3.0 16.56007185 
3.0 18.77886045 
3.0 20.90601835 
3.0 22.04317815 
3.0 19.57807775 
3.0 20.53375765 
3.0 20.22688535 
4.0 12.9535896 
4.0 13.8700625 
4.0 9.20917445 
4.0 9.64049765 
4.0 10.2617725 
4.0 10.52422175 
4.0 10.7642787 
4.0 10.20205655 
4.0 16.14110435 
4.0 16.7824979 
4.0 15.7100286 
4.0 15.95763085 
4.0 18.42501885 
4.0 18.94114145 
4.0 15.9135907 
4.0 15.6067128 
4.0 14.6107675 
4.0 13.09422695 
4.0 18.0892075 
4.0 19.53205765 
4.0 16.1441259 
4.0 15.38365395 
4.0 16.03844165 
4.0 17.4328042 
4.0 17.8697106 
4.0 18.67425595 
4.0 21.7295988 
4.0 21.20331045 
4.0 21.7482608 
4.0 21.47301485 
4.0 19.1330888 
4.0 18.93635975 
4.0 20.16516705 
4.0 20.72911855 
4.0 20.0104093 
4.0 20.1930253 
