# Position.Z vs. Particle Type (97 data points):
# "Particle Type" Position.Z
1.0 0.0 
1.0 0.0 
1.0 0.0 
1.0 0.0 
1.0 0.0 
1.0 0.0 
1.0 0.0 
1.0 0.0 
1.0 0.0 
1.0 2.2741768 
1.0 2.2741768 
1.0 2.2741768 
1.0 2.2741768 
1.0 2.2741768 
1.0 2.2741768 
1.0 2.2741768 
1.0 2.2741768 
1.0 2.2741768 
1.0 5.08248195 
1.0 4.3717681 
1.0 4.31345355 
1.0 4.3546398 
1.0 4.3383823 
1.0 4.3867145 
1.0 4.318552 
1.0 4.4191987 
1.0 4.45409475 
1.0 7.06131265 
1.0 7.01861055 
1.0 6.54929205 
1.0 7.2995713 
1.0 6.24197105 
1.0 7.4017321 
1.0 6.6465035 
1.0 6.403362 
1.0 6.6160094 
2.0 8.2118008 
2.0 13.0638445 
2.0 7.80472805 
3.0 9.40596405 
3.0 8.98200485 
3.0 12.4235181 
3.0 13.67767765 
3.0 14.16088205 
3.0 9.8179956 
3.0 9.36812555 
3.0 11.21834735 
3.0 17.27171845 
3.0 18.21522115 
3.0 19.69999395 
3.0 16.169713 
3.0 15.8655196 
3.0 16.1722393 
3.0 12.03827905 
3.0 18.2335461 
3.0 18.35791125 
3.0 21.56501655 
3.0 22.1737467 
3.0 20.82870405 
3.0 20.53358195 
3.0 20.73206695 
4.0 15.1021731 
4.0 13.6923374 
4.0 9.0212073 
4.0 10.54099375 
4.0 9.55610215 
4.0 9.95271725 
4.0 11.48595035 
4.0 10.69742485 
4.0 17.89444825 
4.0 17.64043295 
4.0 18.70562155 
4.0 18.92171575 
4.0 19.17909245 
4.0 20.0572414 
4.0 16.71734715 
4.0 16.68940105 
4.0 14.99699215 
4.0 16.02658855 
4.0 16.17058975 
4.0 16.17037975 
4.0 12.3256161 
4.0 12.13970975 
4.0 17.36799085 
4.0 18.36631615 
4.0 18.4197062 
4.0 17.4226297 
4.0 21.00127085 
4.0 22.46801165 
4.0 21.7884443 
4.0 21.87783675 
4.0 21.2104592 
4.0 20.14912585 
4.0 20.6955049 
4.0 20.90694725 
4.0 19.9358978 
4.0 20.70323395 
