# Position.Z vs. Particle Type (97 data points):
# "Particle Type" Position.Z
1.0 0.0 
1.0 0.0 
1.0 0.0 
1.0 0.0 
1.0 0.0 
1.0 0.0 
1.0 0.0 
1.0 0.0 
1.0 0.0 
1.0 2.2741768 
1.0 2.2741768 
1.0 2.2741768 
1.0 2.2741768 
1.0 2.2741768 
1.0 2.2741768 
1.0 2.2741768 
1.0 2.2741768 
1.0 2.2741768 
1.0 5.33215445 
1.0 4.6592252 
1.0 4.30926265 
1.0 4.36117045 
1.0 4.49445535 
1.0 4.34481915 
1.0 4.2702562 
1.0 4.4582552 
1.0 4.4116569 
1.0 6.79082215 
1.0 6.7898572 
1.0 6.8363624 
1.0 7.29482635 
1.0 6.35280485 
1.0 8.0087322 
1.0 6.7700493 
1.0 6.72667625 
1.0 6.52805685 
2.0 8.1706016 
2.0 15.2994051 
2.0 7.8695638 
3.0 9.3680601 
3.0 9.0574309 
3.0 15.7061695 
3.0 14.9278528 
3.0 18.18176115 
3.0 10.47029445 
3.0 10.03751945 
3.0 18.1079045 
3.0 18.4038421 
3.0 19.6532399 
3.0 23.7072087 
3.0 19.7715161 
3.0 16.5726792 
3.0 22.0819606 
3.0 19.90629305 
3.0 21.5408487 
3.0 20.96612735 
3.0 25.5911838 
3.0 25.4461725 
3.0 23.7331549 
3.0 23.2850079 
3.0 23.7110132 
4.0 18.07909565 
4.0 18.2480501 
4.0 10.80484265 
4.0 9.65509755 
4.0 10.24526685 
4.0 10.1436986 
4.0 17.27308275 
4.0 17.8089247 
4.0 18.64374295 
4.0 19.27368835 
4.0 20.2605053 
4.0 19.4088937 
4.0 23.10074445 
4.0 23.8518063 
4.0 19.92090065 
4.0 19.7991598 
4.0 16.8992677 
4.0 17.14228425 
4.0 21.10378935 
4.0 22.49368765 
4.0 20.64494425 
4.0 19.0951474 
4.0 21.89810455 
4.0 22.4116844 
4.0 20.7676119 
4.0 20.58597135 
4.0 25.10899895 
4.0 26.0899016 
4.0 25.19546225 
4.0 25.6568851 
4.0 24.44566775 
4.0 23.56279415 
4.0 23.44476785 
4.0 24.12467505 
4.0 22.78316145 
4.0 24.02101835 
