# Position.Z vs. Particle Type (97 data points):
# "Particle Type" Position.Z
1.0 0.0 
1.0 0.0 
1.0 0.0 
1.0 0.0 
1.0 0.0 
1.0 0.0 
1.0 0.0 
1.0 0.0 
1.0 0.0 
1.0 2.2741768 
1.0 2.2741768 
1.0 2.2741768 
1.0 2.2741768 
1.0 2.2741768 
1.0 2.2741768 
1.0 2.2741768 
1.0 2.2741768 
1.0 2.2741768 
1.0 5.4409397 
1.0 4.53959765 
1.0 4.23272115 
1.0 4.513621 
1.0 4.3505756 
1.0 4.2006524 
1.0 4.2936082 
1.0 4.5981376 
1.0 4.2573622 
1.0 7.21848225 
1.0 6.99854155 
1.0 6.5408154 
1.0 7.39809875 
1.0 6.13720695 
1.0 7.66081575 
1.0 6.76004735 
1.0 6.3209636 
1.0 6.717536 
2.0 8.43426535 
2.0 14.9807182 
2.0 7.8671138 
3.0 9.6213677 
3.0 9.08076225 
3.0 15.4199675 
3.0 14.42816095 
3.0 18.3720663 
3.0 9.8394016 
3.0 9.1768621 
3.0 18.06023485 
3.0 19.02297985 
3.0 20.63900405 
3.0 24.2329976 
3.0 18.31739805 
3.0 17.14510385 
3.0 22.5205547 
3.0 19.8801225 
3.0 21.65813405 
3.0 21.1634668 
3.0 25.8751521 
3.0 25.8331311 
3.0 24.3200545 
3.0 24.3631759 
3.0 23.8612591 
4.0 18.54883905 
4.0 17.75760875 
4.0 9.04433775 
4.0 10.11659775 
4.0 9.7279413 
4.0 9.6826478 
4.0 17.51508815 
4.0 18.30074155 
4.0 19.0031996 
4.0 19.9548594 
4.0 21.01592535 
4.0 19.82786295 
4.0 23.38144515 
4.0 24.23647835 
4.0 18.74809475 
4.0 17.4534829 
4.0 16.7277488 
4.0 17.6929697 
4.0 21.71488725 
4.0 23.0153791 
4.0 20.29728575 
4.0 19.41217005 
4.0 21.9151639 
4.0 22.3951609 
4.0 20.76772145 
4.0 20.8076743 
4.0 25.1527136 
4.0 26.6443982 
4.0 25.01991625 
4.0 26.23427275 
4.0 24.65205645 
4.0 24.47740995 
4.0 24.58797705 
4.0 25.0286078 
4.0 22.9359025 
4.0 23.8174223 
