# Position.Z vs. Particle Type (97 data points):
# "Particle Type" Position.Z
1.0 0.0 
1.0 0.0 
1.0 0.0 
1.0 0.0 
1.0 0.0 
1.0 0.0 
1.0 0.0 
1.0 0.0 
1.0 0.0 
1.0 2.2741768 
1.0 2.2741768 
1.0 2.2741768 
1.0 2.2741768 
1.0 2.2741768 
1.0 2.2741768 
1.0 2.2741768 
1.0 2.2741768 
1.0 2.2741768 
1.0 5.19671985 
1.0 4.2981337 
1.0 4.2633185 
1.0 4.31005855 
1.0 4.25908035 
1.0 4.3270437 
1.0 4.3620171 
1.0 4.5546956 
1.0 4.620686 
1.0 7.1353408 
1.0 7.219842 
1.0 6.7128355 
1.0 7.3137561 
1.0 6.30642635 
1.0 7.26112065 
1.0 6.7341764 
1.0 6.25580585 
1.0 6.6104668 
2.0 8.366533 
2.0 13.0401887 
2.0 7.79081835 
3.0 9.55340855 
3.0 8.98815155 
3.0 12.43485005 
3.0 13.64743905 
3.0 12.28220805 
3.0 9.5307905 
3.0 9.3874865 
3.0 10.76879335 
3.0 15.1680781 
3.0 16.7307805 
3.0 18.23292065 
3.0 16.21683595 
3.0 14.85531495 
3.0 12.76496375 
3.0 11.63392405 
3.0 15.44090205 
3.0 16.49751355 
3.0 19.83022475 
3.0 19.14618265 
3.0 19.91355135 
3.0 19.53830865 
3.0 18.80665675 
4.0 13.20917745 
4.0 12.0036273 
4.0 10.0974307 
4.0 9.5848837 
4.0 9.3452758 
4.0 9.91345565 
4.0 11.01291275 
4.0 9.9690626 
4.0 15.671838 
4.0 15.3539029 
4.0 16.75862685 
4.0 17.6553559 
4.0 17.2873911 
4.0 18.1618073 
4.0 16.1347935 
4.0 15.9955796 
4.0 14.11283265 
4.0 15.2452034 
4.0 13.38084475 
4.0 12.21581235 
4.0 10.72387435 
4.0 11.73486195 
4.0 14.51482375 
4.0 15.7966207 
4.0 16.05378985 
4.0 17.49382285 
4.0 19.035737 
4.0 20.33029005 
4.0 18.9647976 
4.0 19.84731 
4.0 19.8062249 
4.0 19.13860795 
4.0 19.9998554 
4.0 19.83025345 
4.0 18.11781895 
4.0 19.59515775 
