# Position.Z vs. Particle Type (97 data points):
# "Particle Type" Position.Z
1.0 0.0 
1.0 0.0 
1.0 0.0 
1.0 0.0 
1.0 0.0 
1.0 0.0 
1.0 0.0 
1.0 0.0 
1.0 0.0 
1.0 2.2741768 
1.0 2.2741768 
1.0 2.2741768 
1.0 2.2741768 
1.0 2.2741768 
1.0 2.2741768 
1.0 2.2741768 
1.0 2.2741768 
1.0 2.2741768 
1.0 5.4549628 
1.0 4.63160635 
1.0 4.20788935 
1.0 4.29081415 
1.0 4.3744764 
1.0 4.35917895 
1.0 4.36511215 
1.0 4.2564375 
1.0 4.2782348 
1.0 7.20110195 
1.0 6.71823355 
1.0 6.45279635 
1.0 7.45451455 
1.0 6.37899955 
1.0 7.68433855 
1.0 6.76577755 
1.0 6.3275975 
1.0 6.69979205 
2.0 8.36908275 
2.0 14.034545 
2.0 7.7004326 
3.0 9.47829015 
3.0 8.8189262 
3.0 13.51629755 
3.0 14.5341336 
3.0 19.0425739 
3.0 10.56738305 
3.0 9.75767205 
3.0 17.1148607 
3.0 20.98738005 
3.0 19.2303188 
3.0 25.25068315 
3.0 20.62571735 
3.0 17.28044885 
3.0 22.56126775 
3.0 19.55384935 
3.0 21.7445452 
3.0 21.0240562 
3.0 25.84232385 
3.0 24.52333555 
3.0 23.7496546 
3.0 23.8500423 
3.0 23.95321215 
4.0 19.88740075 
4.0 19.15517555 
4.0 10.3743381 
4.0 11.0163312 
4.0 10.4357449 
4.0 9.74457925 
4.0 17.26612195 
4.0 16.35832135 
4.0 21.8914787 
4.0 20.8469576 
4.0 19.9152051 
4.0 18.7199495 
4.0 24.6835218 
4.0 24.9495925 
4.0 20.6002335 
4.0 20.4914038 
4.0 17.0545375 
4.0 17.95608325 
4.0 22.0994382 
4.0 22.2756681 
4.0 19.73588225 
4.0 18.58532165 
4.0 22.0347526 
4.0 22.29114895 
4.0 20.35303165 
4.0 20.6215058 
4.0 26.1218496 
4.0 25.15305275 
4.0 24.30411935 
4.0 25.50227085 
4.0 24.1330236 
4.0 24.26108405 
4.0 23.85781265 
4.0 24.54351725 
4.0 23.07128635 
4.0 23.84201715 
