# Position.Z vs. Particle Type (97 data points):
# "Particle Type" Position.Z
1.0 0.0 
1.0 0.0 
1.0 0.0 
1.0 0.0 
1.0 0.0 
1.0 0.0 
1.0 0.0 
1.0 0.0 
1.0 0.0 
1.0 2.2741768 
1.0 2.2741768 
1.0 2.2741768 
1.0 2.2741768 
1.0 2.2741768 
1.0 2.2741768 
1.0 2.2741768 
1.0 2.2741768 
1.0 2.2741768 
1.0 5.3767924 
1.0 4.5560088 
1.0 4.377156 
1.0 4.4399586 
1.0 4.34871815 
1.0 4.31128775 
1.0 4.2971061 
1.0 4.59126815 
1.0 4.36963065 
1.0 7.03480295 
1.0 7.1106595 
1.0 6.50849185 
1.0 7.65805845 
1.0 6.28604725 
1.0 7.6355951 
1.0 6.69211235 
1.0 6.6042984 
1.0 6.63373165 
2.0 8.4470827 
2.0 15.1943624 
2.0 7.80321605 
3.0 9.60244915 
3.0 8.99076675 
3.0 16.1925253 
3.0 14.1103459 
3.0 18.08392845 
3.0 9.6587043 
3.0 9.80504175 
3.0 16.2778798 
3.0 18.3130983 
3.0 19.0837297 
3.0 23.47863735 
3.0 19.5718264 
3.0 17.3897269 
3.0 22.27363705 
3.0 19.42275685 
3.0 21.55267135 
3.0 20.34091325 
3.0 26.55149595 
3.0 25.02996615 
3.0 23.7541003 
3.0 24.1695132 
3.0 23.26746345 
4.0 18.1183884 
4.0 17.56581225 
4.0 10.03188305 
4.0 8.6788247 
4.0 9.89876335 
4.0 10.3120318 
4.0 15.3197849 
4.0 16.4338097 
4.0 18.9019593 
4.0 18.97177205 
4.0 19.94066795 
4.0 18.51905685 
4.0 23.1648158 
4.0 23.39559005 
4.0 19.2967047 
4.0 19.17633025 
4.0 17.7553439 
4.0 17.94215185 
4.0 21.40665765 
4.0 22.84978465 
4.0 20.26268475 
4.0 18.73098465 
4.0 21.85009435 
4.0 22.28737595 
4.0 19.96067395 
4.0 19.8921464 
4.0 25.8216301 
4.0 26.65334315 
4.0 24.57717745 
4.0 25.9418334 
4.0 24.44383795 
4.0 23.81443295 
4.0 24.1896669 
4.0 25.03576215 
4.0 22.32517805 
4.0 23.64322695 
