# Position.Z vs. Particle Type (97 data points):
# "Particle Type" Position.Z
1.0 0.0 
1.0 0.0 
1.0 0.0 
1.0 0.0 
1.0 0.0 
1.0 0.0 
1.0 0.0 
1.0 0.0 
1.0 0.0 
1.0 2.2741768 
1.0 2.2741768 
1.0 2.2741768 
1.0 2.2741768 
1.0 2.2741768 
1.0 2.2741768 
1.0 2.2741768 
1.0 2.2741768 
1.0 2.2741768 
1.0 4.73618705 
1.0 4.35382675 
1.0 4.33473495 
1.0 4.68807885 
1.0 4.67626985 
1.0 4.253529 
1.0 4.69660135 
1.0 4.331299 
1.0 5.0995021 
1.0 6.9123488 
1.0 8.1055268 
1.0 6.7161164 
1.0 6.55256665 
1.0 6.5926903 
1.0 6.50892725 
1.0 7.0808878 
1.0 6.62666655 
1.0 7.4229428 
2.0 8.3019188 
2.0 13.4579627 
2.0 8.334172 
3.0 9.32337945 
3.0 9.4548902 
3.0 12.3228602 
3.0 14.6330604 
3.0 10.3591061 
3.0 11.87195065 
3.0 9.65231785 
3.0 13.48140745 
3.0 13.95424835 
3.0 12.40576295 
3.0 18.0542453 
3.0 17.36315315 
3.0 15.61110495 
3.0 16.4705177 
3.0 17.2462122 
3.0 13.98592405 
3.0 19.4244204 
3.0 19.65263685 
3.0 21.39173365 
3.0 19.76875845 
3.0 21.24955945 
3.0 20.34279765 
4.0 10.2131316 
4.0 11.0708612 
4.0 12.71672185 
4.0 11.89595085 
4.0 9.2127574 
4.0 9.27281495 
4.0 13.6017518 
4.0 12.5095789 
4.0 13.86502705 
4.0 14.8059793 
4.0 11.5786405 
4.0 12.0667085 
4.0 17.9975978 
4.0 18.67689705 
4.0 18.1963005 
4.0 16.65508705 
4.0 15.8302599 
4.0 14.9980775 
4.0 16.7738494 
4.0 17.0877595 
4.0 16.9450568 
4.0 17.41232255 
4.0 14.7635607 
4.0 13.191934 
4.0 18.73867765 
4.0 19.33887725 
4.0 20.2963145 
4.0 19.97797095 
4.0 20.9446972 
4.0 21.1625274 
4.0 19.5138636 
4.0 18.89716115 
4.0 20.73535765 
4.0 22.14712255 
4.0 20.5224271 
4.0 20.87619485 
