# Position.Z vs. Particle Type (97 data points):
# "Particle Type" Position.Z
1.0 0.0 
1.0 0.0 
1.0 0.0 
1.0 0.0 
1.0 0.0 
1.0 0.0 
1.0 0.0 
1.0 0.0 
1.0 0.0 
1.0 2.2741768 
1.0 2.2741768 
1.0 2.2741768 
1.0 2.2741768 
1.0 2.2741768 
1.0 2.2741768 
1.0 2.2741768 
1.0 2.2741768 
1.0 2.2741768 
1.0 5.8487156 
1.0 4.6265989 
1.0 4.2396256 
1.0 4.64683555 
1.0 4.3210643 
1.0 4.2742441 
1.0 4.50942135 
1.0 4.6243918 
1.0 4.24763325 
1.0 7.1054676 
1.0 7.294602 
1.0 6.57709115 
1.0 7.47843565 
1.0 6.15119925 
1.0 7.6868666 
1.0 6.75089835 
1.0 6.508866 
1.0 6.72588 
2.0 8.4314034 
2.0 14.486682 
2.0 7.9242058 
3.0 9.61440515 
3.0 9.1196175 
3.0 14.07786485 
3.0 14.9864617 
3.0 18.30559605 
3.0 11.6248146 
3.0 9.34309915 
3.0 18.25006925 
3.0 20.2596478 
3.0 20.25443315 
3.0 24.39672375 
3.0 18.65880905 
3.0 16.37423165 
3.0 22.1740232 
3.0 19.75800505 
3.0 22.171212 
3.0 20.89782415 
3.0 26.25922215 
3.0 26.1709567 
3.0 24.6451156 
3.0 24.14125665 
3.0 24.2839233 
4.0 18.77758225 
4.0 18.12654025 
4.0 11.7204122 
4.0 12.51712 
4.0 10.0296553 
4.0 8.7119095 
4.0 17.360252 
4.0 18.56871695 
4.0 20.7259164 
4.0 20.25318855 
4.0 21.0462987 
4.0 19.8057202 
4.0 23.5085795 
4.0 24.49974555 
4.0 19.02061385 
4.0 18.0661817 
4.0 15.530144 
4.0 17.08362075 
4.0 21.27916105 
4.0 22.4271411 
4.0 20.5403905 
4.0 19.2121867 
4.0 22.1839702 
4.0 23.10428365 
4.0 20.38794345 
4.0 20.67804025 
4.0 25.69747075 
4.0 26.31998145 
4.0 25.4079056 
4.0 26.9871665 
4.0 25.3474515 
4.0 24.6148868 
4.0 24.2053532 
4.0 24.9486125 
4.0 23.3500841 
4.0 24.26971015 
