# Position.Z vs. Particle Type (97 data points):
# "Particle Type" Position.Z
1.0 0.0 
1.0 0.0 
1.0 0.0 
1.0 0.0 
1.0 0.0 
1.0 0.0 
1.0 0.0 
1.0 0.0 
1.0 0.0 
1.0 2.2741768 
1.0 2.2741768 
1.0 2.2741768 
1.0 2.2741768 
1.0 2.2741768 
1.0 2.2741768 
1.0 2.2741768 
1.0 2.2741768 
1.0 2.2741768 
1.0 5.70317335 
1.0 4.56195845 
1.0 4.3539398 
1.0 4.4558227 
1.0 4.382826 
1.0 4.3344742 
1.0 4.44898475 
1.0 4.737964 
1.0 4.38426555 
1.0 7.4778403 
1.0 7.12636505 
1.0 6.87003625 
1.0 7.0456393 
1.0 6.5077138 
1.0 7.96906075 
1.0 6.659366 
1.0 6.34668545 
1.0 6.64828255 
2.0 8.3212136 
2.0 13.5728936 
2.0 7.8039437 
3.0 9.5343269 
3.0 9.0486116 
3.0 14.22910335 
3.0 12.9257877 
3.0 10.84241445 
3.0 11.7201203 
3.0 10.07174595 
3.0 10.86797775 
3.0 14.95673165 
3.0 13.59045275 
3.0 17.68795245 
3.0 18.014612 
3.0 14.8195964 
3.0 18.792767 
3.0 17.0882523 
3.0 17.28905815 
3.0 19.46713265 
3.0 20.74476355 
3.0 21.99100015 
3.0 19.9992072 
3.0 21.3341625 
3.0 20.4456833 
4.0 11.36340695 
4.0 10.15568575 
4.0 12.08113375 
4.0 10.90339705 
4.0 10.448382 
4.0 10.40687655 
4.0 10.0641933 
4.0 11.55880565 
4.0 15.0414502 
4.0 15.4260134 
4.0 14.17941945 
4.0 13.8101537 
4.0 17.3271462 
4.0 18.66451825 
4.0 18.97263655 
4.0 17.7068696 
4.0 13.83339965 
4.0 15.15091305 
4.0 18.1224757 
4.0 19.6021875 
4.0 17.130596 
4.0 17.25487715 
4.0 16.84471075 
4.0 17.4969452 
4.0 18.6737068 
4.0 19.1765756 
4.0 21.0436443 
4.0 21.31784655 
4.0 21.60133325 
4.0 21.360262 
4.0 20.0524954 
4.0 19.0229284 
4.0 20.8302885 
4.0 22.2863396 
4.0 20.3544516 
4.0 20.8182345 
