# Position.Z vs. Particle Type (97 data points):
# "Particle Type" Position.Z
1.0 0.0 
1.0 0.0 
1.0 0.0 
1.0 0.0 
1.0 0.0 
1.0 0.0 
1.0 0.0 
1.0 0.0 
1.0 0.0 
1.0 2.2741768 
1.0 2.2741768 
1.0 2.2741768 
1.0 2.2741768 
1.0 2.2741768 
1.0 2.2741768 
1.0 2.2741768 
1.0 2.2741768 
1.0 2.2741768 
1.0 5.37205025 
1.0 4.43564765 
1.0 4.3108674 
1.0 4.3921878 
1.0 4.2448763 
1.0 4.2078897 
1.0 4.4957731 
1.0 5.1594354 
1.0 4.8300994 
1.0 7.28911925 
1.0 7.3874325 
1.0 6.96527475 
1.0 7.3106131 
1.0 6.32680125 
1.0 7.9392012 
1.0 6.61774785 
1.0 6.71191465 
1.0 6.80071595 
2.0 8.47778085 
2.0 13.4093561 
2.0 8.0491397 
3.0 9.73096565 
3.0 9.23357085 
3.0 14.08297065 
3.0 12.6883022 
3.0 16.9799714 
3.0 9.5881695 
3.0 9.91775435 
3.0 14.8990772 
3.0 17.5864444 
3.0 18.10981375 
3.0 21.5009452 
3.0 17.9738601 
3.0 16.45028665 
3.0 20.3749098 
3.0 18.60472705 
3.0 19.99548985 
3.0 20.43650665 
3.0 23.3801687 
3.0 24.1904649 
3.0 22.8620994 
3.0 24.0309335 
3.0 22.8348911 
4.0 16.84944275 
4.0 16.1007714 
4.0 10.01849065 
4.0 10.0482102 
4.0 9.7308323 
4.0 10.15947485 
4.0 14.79408805 
4.0 14.97131545 
4.0 17.5220955 
4.0 18.5488751 
4.0 18.68991285 
4.0 17.8653839 
4.0 21.31163965 
4.0 21.98124355 
4.0 18.00786505 
4.0 17.32095505 
4.0 16.85814655 
4.0 16.906939 
4.0 19.85657065 
4.0 21.3385067 
4.0 18.94283755 
4.0 17.77998775 
4.0 20.248788 
4.0 20.787284 
4.0 19.9570609 
4.0 19.7887809 
4.0 24.04354225 
4.0 23.65460545 
4.0 23.6419673 
4.0 25.0966191 
4.0 23.47264255 
4.0 22.35802205 
4.0 23.49866155 
4.0 23.88428175 
4.0 21.99943725 
4.0 23.44087725 
