# Position.Z vs. Particle Type (97 data points):
# "Particle Type" Position.Z
1.0 0.0 
1.0 0.0 
1.0 0.0 
1.0 0.0 
1.0 0.0 
1.0 0.0 
1.0 0.0 
1.0 0.0 
1.0 0.0 
1.0 2.2741768 
1.0 2.2741768 
1.0 2.2741768 
1.0 2.2741768 
1.0 2.2741768 
1.0 2.2741768 
1.0 2.2741768 
1.0 2.2741768 
1.0 2.2741768 
1.0 5.07674195 
1.0 4.45360545 
1.0 4.2874629 
1.0 4.32006785 
1.0 4.6939956 
1.0 4.34883155 
1.0 4.3975197 
1.0 4.3338302 
1.0 4.8516643 
1.0 7.25042745 
1.0 7.60706555 
1.0 6.802593 
1.0 7.15536395 
1.0 6.55825345 
1.0 6.6152632 
1.0 6.9725824 
1.0 6.4321369 
1.0 6.81765735 
2.0 8.31870865 
2.0 16.41593065 
2.0 8.13231895 
3.0 9.4935477 
3.0 9.29483205 
3.0 16.37542865 
3.0 16.484762 
3.0 9.11242535 
3.0 10.50709695 
3.0 9.7341748 
3.0 11.4021005 
3.0 13.15710725 
3.0 11.1807577 
3.0 21.3675686 
3.0 20.1484864 
3.0 19.22603585 
3.0 20.54524465 
3.0 19.6101521 
3.0 18.94988095 
3.0 22.50637585 
3.0 23.00548005 
3.0 23.0834989 
3.0 23.07578 
3.0 24.62725755 
3.0 23.33107105 
4.0 8.9552848 
4.0 9.48983315 
4.0 10.8503276 
4.0 10.745868 
4.0 10.49457535 
4.0 9.2936179 
4.0 10.6574244 
4.0 12.2535693 
4.0 12.6889077 
4.0 13.0483647 
4.0 11.5022334 
4.0 11.02639615 
4.0 21.0488663 
4.0 21.994476 
4.0 21.03564575 
4.0 19.826569 
4.0 18.6083653 
4.0 19.6505414 
4.0 20.2312544 
4.0 21.26810245 
4.0 19.8649703 
4.0 19.7300509 
4.0 18.81969565 
4.0 18.421417 
4.0 21.5392905 
4.0 22.8930268 
4.0 23.7186285 
4.0 22.9169276 
4.0 23.31546175 
4.0 23.36123755 
4.0 22.60490505 
4.0 22.42146445 
4.0 24.20285035 
4.0 25.58283665 
4.0 22.9927327 
4.0 23.9154258 
