# Position.Z vs. Particle Type (97 data points):
# "Particle Type" Position.Z
1.0 0.0 
1.0 0.0 
1.0 0.0 
1.0 0.0 
1.0 0.0 
1.0 0.0 
1.0 0.0 
1.0 0.0 
1.0 0.0 
1.0 2.2741768 
1.0 2.2741768 
1.0 2.2741768 
1.0 2.2741768 
1.0 2.2741768 
1.0 2.2741768 
1.0 2.2741768 
1.0 2.2741768 
1.0 2.2741768 
1.0 5.3572526 
1.0 4.89321455 
1.0 4.21089585 
1.0 4.36553495 
1.0 4.2167223 
1.0 4.20401835 
1.0 4.4031505 
1.0 4.6319525 
1.0 4.4809674 
1.0 7.56881825 
1.0 7.55946345 
1.0 6.5390808 
1.0 7.0729792 
1.0 6.47405465 
1.0 7.88317775 
1.0 6.8067118 
1.0 6.24339135 
1.0 6.53393615 
2.0 8.5694357 
2.0 12.18790265 
2.0 7.8210013 
3.0 9.78969355 
3.0 8.98301145 
3.0 11.7291055 
3.0 12.6146993 
3.0 14.8832516 
3.0 10.3688746 
3.0 9.80741055 
3.0 12.19041635 
3.0 17.1753407 
3.0 19.178859 
3.0 20.64417145 
3.0 16.8950831 
3.0 16.3906407 
3.0 16.3965809 
3.0 14.678118 
3.0 18.80063745 
3.0 18.7670819 
3.0 22.4530894 
3.0 23.00680935 
3.0 21.46679955 
3.0 21.1283135 
3.0 21.30106545 
4.0 15.48593865 
4.0 13.9540282 
4.0 10.7315159 
4.0 9.8413238 
4.0 9.98236225 
4.0 10.5397929 
4.0 11.94382455 
4.0 12.3428781 
4.0 17.05964295 
4.0 17.7874368 
4.0 19.17100185 
4.0 20.1178929 
4.0 19.8334997 
4.0 20.7265464 
4.0 17.7121252 
4.0 17.17139235 
4.0 15.71957345 
4.0 16.3239629 
4.0 16.46032535 
4.0 15.57290735 
4.0 14.830865 
4.0 14.93646735 
4.0 17.81638775 
4.0 18.61528795 
4.0 18.94868115 
4.0 18.11967465 
4.0 22.0281362 
4.0 23.2036833 
4.0 22.5040249 
4.0 23.40288615 
4.0 22.1018049 
4.0 20.9651274 
4.0 21.27294855 
4.0 21.50428525 
4.0 20.5175754 
4.0 21.1324428 
