# Position.Z vs. Particle Type (97 data points):
# "Particle Type" Position.Z
1.0 0.0 
1.0 0.0 
1.0 0.0 
1.0 0.0 
1.0 0.0 
1.0 0.0 
1.0 0.0 
1.0 0.0 
1.0 0.0 
1.0 2.2741768 
1.0 2.2741768 
1.0 2.2741768 
1.0 2.2741768 
1.0 2.2741768 
1.0 2.2741768 
1.0 2.2741768 
1.0 2.2741768 
1.0 2.2741768 
1.0 5.02773495 
1.0 4.28931405 
1.0 4.369323 
1.0 4.5114384 
1.0 4.3734943 
1.0 4.2634368 
1.0 4.35898995 
1.0 4.3728888 
1.0 5.1772336 
1.0 7.2960027 
1.0 7.7886802 
1.0 6.6856069 
1.0 6.9446944 
1.0 6.48917535 
1.0 7.0183169 
1.0 6.8439119 
1.0 6.2857032 
1.0 6.99896295 
2.0 8.43939285 
2.0 16.0518946 
2.0 7.88415915 
3.0 9.63036935 
3.0 9.09874875 
3.0 14.92339275 
3.0 17.1293955 
3.0 9.98506495 
3.0 9.3896173 
3.0 9.46056965 
3.0 12.25031955 
3.0 12.328813 
3.0 11.37558835 
3.0 21.06531315 
3.0 19.2661385 
3.0 18.3030946 
3.0 20.07382895 
3.0 20.3642089 
3.0 17.63975535 
3.0 22.73090085 
3.0 22.9821501 
3.0 22.46339935 
3.0 23.209662 
3.0 24.685094 
3.0 23.31216195 
4.0 9.74152725 
4.0 10.05390505 
4.0 10.05364675 
4.0 8.7527552 
4.0 9.41421425 
4.0 10.24566095 
4.0 12.53056595 
4.0 12.4267822 
4.0 11.3714762 
4.0 12.5192172 
4.0 10.99475405 
4.0 10.8699178 
4.0 20.66657635 
4.0 21.96839155 
4.0 20.1245387 
4.0 18.65599155 
4.0 18.82680625 
4.0 18.76004865 
4.0 19.695109 
4.0 20.95276225 
4.0 20.431502 
4.0 19.7005949 
4.0 17.9231528 
4.0 16.68412445 
4.0 21.82551525 
4.0 22.73549845 
4.0 23.3590525 
4.0 22.7741402 
4.0 22.90480465 
4.0 22.7386285 
4.0 22.9883542 
4.0 22.3596485 
4.0 24.23460165 
4.0 25.6147311 
4.0 23.44528795 
4.0 24.0543485 
