# Position.Z vs. Particle Type (97 data points):
# "Particle Type" Position.Z
1.0 0.0 
1.0 0.0 
1.0 0.0 
1.0 0.0 
1.0 0.0 
1.0 0.0 
1.0 0.0 
1.0 0.0 
1.0 0.0 
1.0 2.2741768 
1.0 2.2741768 
1.0 2.2741768 
1.0 2.2741768 
1.0 2.2741768 
1.0 2.2741768 
1.0 2.2741768 
1.0 2.2741768 
1.0 2.2741768 
1.0 5.47409135 
1.0 4.4054731 
1.0 4.3573635 
1.0 4.36586185 
1.0 4.33970775 
1.0 4.4403793 
1.0 4.69707735 
1.0 4.65340225 
1.0 4.55179935 
1.0 7.60060805 
1.0 7.19035345 
1.0 6.96140585 
1.0 7.1378209 
1.0 6.5352511 
1.0 7.70554645 
1.0 6.9056904 
1.0 6.47948805 
1.0 6.47756095 
2.0 8.3990641 
2.0 12.34224285 
2.0 8.05822465 
3.0 9.6439259 
3.0 9.2421364 
3.0 12.8160634 
3.0 11.692163 
3.0 18.061176 
3.0 10.8467121 
3.0 9.74843485 
3.0 15.56499 
3.0 20.2137215 
3.0 21.43052205 
3.0 23.4651683 
3.0 18.55186445 
3.0 16.6395222 
3.0 18.92091565 
3.0 18.50798985 
3.0 21.4738489 
3.0 20.5359014 
3.0 25.2438011 
3.0 24.9020793 
3.0 23.3668358 
3.0 23.15162535 
3.0 23.2503768 
4.0 18.7417027 
4.0 17.5382123 
4.0 10.63912675 
4.0 10.5379659 
4.0 10.12256175 
4.0 10.3402873 
4.0 15.0272836 
4.0 15.37161045 
4.0 21.0534408 
4.0 20.48513565 
4.0 21.45722845 
4.0 22.2827969 
4.0 22.61970795 
4.0 23.18679475 
4.0 19.4188561 
4.0 18.3723057 
4.0 17.15922005 
4.0 17.27140555 
4.0 19.39446705 
4.0 19.0875279 
4.0 17.6075648 
4.0 18.2885276 
4.0 20.5597861 
4.0 21.84341565 
4.0 20.6012177 
4.0 19.776106 
4.0 24.7297036 
4.0 25.4915717 
4.0 24.5834428 
4.0 25.66544295 
4.0 23.73875105 
4.0 23.62090115 
4.0 23.39636355 
4.0 23.8797517 
4.0 22.283464 
4.0 23.3749719 
