# Position.Z vs. Particle Type (97 data points):
# "Particle Type" Position.Z
1.0 0.0 
1.0 0.0 
1.0 0.0 
1.0 0.0 
1.0 0.0 
1.0 0.0 
1.0 0.0 
1.0 0.0 
1.0 0.0 
1.0 2.2741768 
1.0 2.2741768 
1.0 2.2741768 
1.0 2.2741768 
1.0 2.2741768 
1.0 2.2741768 
1.0 2.2741768 
1.0 2.2741768 
1.0 2.2741768 
1.0 4.643422 
1.0 4.4075255 
1.0 4.2894698 
1.0 4.68249425 
1.0 4.2456771 
1.0 4.24509855 
1.0 4.46248215 
1.0 4.35125005 
1.0 4.9104748 
1.0 7.1304254 
1.0 7.5014142 
1.0 6.81244585 
1.0 6.98284335 
1.0 6.2915804 
1.0 6.3770315 
1.0 6.596163 
1.0 6.4294902 
1.0 7.0803383 
2.0 8.430408 
2.0 14.951797 
2.0 8.0096058 
3.0 9.5659676 
3.0 9.18569085 
3.0 13.7694795 
3.0 16.13081365 
3.0 9.90002195 
3.0 10.59423785 
3.0 9.4121398 
3.0 14.15937425 
3.0 13.2140708 
3.0 12.70233265 
3.0 19.3600379 
3.0 17.26079285 
3.0 16.8453215 
3.0 18.0131098 
3.0 18.6248608 
3.0 14.4937604 
3.0 21.28633955 
3.0 21.30435685 
3.0 20.13059335 
3.0 21.56287525 
3.0 23.0851649 
3.0 21.3412808 
4.0 9.8100947 
4.0 10.00538035 
4.0 11.5440941 
4.0 10.2322759 
4.0 9.90637865 
4.0 8.69690605 
4.0 14.1215214 
4.0 13.2246247 
4.0 13.49885145 
4.0 13.6083444 
4.0 12.82389535 
4.0 11.82417985 
4.0 18.420619 
4.0 19.7676066 
4.0 17.7592576 
4.0 16.33769025 
4.0 17.1872477 
4.0 17.34071955 
4.0 17.75048485 
4.0 18.9723219 
4.0 18.03004315 
4.0 18.22905385 
4.0 15.204588 
4.0 13.94564745 
4.0 20.31157275 
4.0 21.58278325 
4.0 22.04713595 
4.0 21.07395535 
4.0 20.68207855 
4.0 20.505905 
4.0 21.52469585 
4.0 20.670615 
4.0 22.67833855 
4.0 23.86952785 
4.0 21.62637295 
4.0 22.0925572 
