# Position.Z vs. Particle Type (97 data points):
# "Particle Type" Position.Z
1.0 0.0 
1.0 0.0 
1.0 0.0 
1.0 0.0 
1.0 0.0 
1.0 0.0 
1.0 0.0 
1.0 0.0 
1.0 0.0 
1.0 2.2741768 
1.0 2.2741768 
1.0 2.2741768 
1.0 2.2741768 
1.0 2.2741768 
1.0 2.2741768 
1.0 2.2741768 
1.0 2.2741768 
1.0 2.2741768 
1.0 4.64510865 
1.0 4.2386806 
1.0 4.30103765 
1.0 4.6075204 
1.0 4.5680201 
1.0 4.31291385 
1.0 4.32193405 
1.0 4.3532482 
1.0 5.1614507 
1.0 7.13545525 
1.0 7.71171695 
1.0 6.86210875 
1.0 6.7535713 
1.0 6.4830388 
1.0 6.58035315 
1.0 6.8291426 
1.0 6.47513825 
1.0 7.069447 
2.0 8.2643246 
2.0 14.41264475 
2.0 7.98053655 
3.0 9.35716215 
3.0 9.190132 
3.0 13.25118445 
3.0 15.51481995 
3.0 9.9683815 
3.0 11.2317863 
3.0 9.60906485 
3.0 14.6036233 
3.0 13.3340921 
3.0 12.64434745 
3.0 19.03448925 
3.0 17.51271095 
3.0 16.93454 
3.0 17.50663775 
3.0 17.99390845 
3.0 14.6780354 
3.0 20.521004 
3.0 20.47752035 
3.0 20.1894889 
3.0 21.09227995 
3.0 22.07345455 
3.0 21.0493717 
4.0 9.8330162 
4.0 10.1484614 
4.0 11.82089545 
4.0 11.2293937 
4.0 9.29189555 
4.0 8.9931275 
4.0 14.37534175 
4.0 13.9458683 
4.0 13.8241397 
4.0 13.8975865 
4.0 12.40139915 
4.0 11.9689227 
4.0 18.08192505 
4.0 19.23893965 
4.0 18.42552425 
4.0 17.1458091 
4.0 17.14755385 
4.0 17.1882543 
4.0 17.26403245 
4.0 18.42726375 
4.0 17.18501995 
4.0 17.779153 
4.0 15.0811661 
4.0 13.7218837 
4.0 19.51918955 
4.0 20.6992149 
4.0 20.98268165 
4.0 20.7654153 
4.0 20.61108245 
4.0 20.35596465 
4.0 20.87356005 
4.0 20.26720815 
4.0 21.84208495 
4.0 23.0411524 
4.0 20.8627349 
4.0 21.58565815 
