# Position.Z vs. Particle Type (97 data points):
# "Particle Type" Position.Z
1.0 0.0 
1.0 0.0 
1.0 0.0 
1.0 0.0 
1.0 0.0 
1.0 0.0 
1.0 0.0 
1.0 0.0 
1.0 0.0 
1.0 2.2741768 
1.0 2.2741768 
1.0 2.2741768 
1.0 2.2741768 
1.0 2.2741768 
1.0 2.2741768 
1.0 2.2741768 
1.0 2.2741768 
1.0 2.2741768 
1.0 5.4830027 
1.0 4.5227742 
1.0 4.29482935 
1.0 4.39410475 
1.0 4.2164997 
1.0 4.28767815 
1.0 4.3334893 
1.0 4.8478493 
1.0 4.49920835 
1.0 7.29176385 
1.0 7.19073215 
1.0 6.8498899 
1.0 7.3634029 
1.0 6.1910898 
1.0 8.09882185 
1.0 6.5708958 
1.0 6.7289131 
1.0 6.4874418 
2.0 8.4434322 
2.0 13.4090215 
2.0 7.8097082 
3.0 9.6417937 
3.0 9.02705545 
3.0 12.71744985 
3.0 14.1063524 
3.0 16.7354243 
3.0 9.8684628 
3.0 10.0941911 
3.0 10.87258515 
3.0 15.85353665 
3.0 18.1878641 
3.0 20.88593115 
3.0 19.6701204 
3.0 13.63166525 
3.0 21.64213835 
3.0 19.9385172 
3.0 19.3127522 
3.0 22.0494162 
3.0 24.1158806 
3.0 23.98374615 
3.0 21.63195755 
3.0 24.2028542 
3.0 23.3402148 
4.0 17.05233635 
4.0 15.76605205 
4.0 8.9219865 
4.0 9.8996891 
4.0 10.3216211 
4.0 10.38908465 
4.0 10.5345359 
4.0 10.18586135 
4.0 15.9268207 
4.0 16.00356835 
4.0 17.65190805 
4.0 18.70752205 
4.0 20.9870976 
4.0 21.74836965 
4.0 19.4825785 
4.0 18.79544975 
4.0 14.0196049 
4.0 12.76459275 
4.0 20.98804505 
4.0 22.351203 
4.0 20.12898965 
4.0 20.32194395 
4.0 18.98045485 
4.0 19.80849955 
4.0 21.43831795 
4.0 21.72360295 
4.0 24.10999115 
4.0 24.2286562 
4.0 23.9054697 
4.0 23.14148865 
4.0 21.7017318 
4.0 20.91466335 
4.0 23.3242506 
4.0 24.8122217 
4.0 23.1195734 
4.0 23.78284475 
