# Position.Z vs. Particle Type (97 data points):
# "Particle Type" Position.Z
1.0 0.0 
1.0 0.0 
1.0 0.0 
1.0 0.0 
1.0 0.0 
1.0 0.0 
1.0 0.0 
1.0 0.0 
1.0 0.0 
1.0 2.2741768 
1.0 2.2741768 
1.0 2.2741768 
1.0 2.2741768 
1.0 2.2741768 
1.0 2.2741768 
1.0 2.2741768 
1.0 2.2741768 
1.0 2.2741768 
1.0 5.30474875 
1.0 4.31090275 
1.0 4.28178975 
1.0 4.5027507 
1.0 4.288088 
1.0 4.29372895 
1.0 4.46875695 
1.0 4.2892976 
1.0 4.50681735 
1.0 6.9383251 
1.0 7.31392025 
1.0 6.5345833 
1.0 7.52523345 
1.0 6.2309674 
1.0 7.4557042 
1.0 6.67498125 
1.0 6.31177015 
1.0 6.8693576 
2.0 8.4208236 
2.0 12.64165 
2.0 7.75357975 
3.0 9.60266475 
3.0 8.9408081 
3.0 11.9098427 
3.0 13.4692264 
3.0 13.07591215 
3.0 9.55853815 
3.0 9.2409072 
3.0 11.2815024 
3.0 15.54666505 
3.0 16.2655626 
3.0 18.56290275 
3.0 16.34921575 
3.0 14.03466505 
3.0 12.43035675 
3.0 10.9379683 
3.0 15.52108845 
3.0 15.44247285 
3.0 20.8873686 
3.0 17.87492385 
3.0 19.45786955 
3.0 19.3610872 
3.0 18.75969445 
4.0 13.8635784 
4.0 12.5506584 
4.0 9.91707955 
4.0 10.1999807 
4.0 9.0917897 
4.0 10.02625085 
4.0 11.83867685 
4.0 10.65197665 
4.0 15.39162275 
4.0 15.7195969 
4.0 15.8705981 
4.0 17.20379255 
4.0 17.6180781 
4.0 18.88917695 
4.0 16.30726965 
4.0 16.0652009 
4.0 13.5117444 
4.0 14.82354965 
4.0 12.82294475 
4.0 12.207146 
4.0 10.0240469 
4.0 11.22423225 
4.0 14.6528473 
4.0 15.4590457 
4.0 14.8900003 
4.0 16.381106 
4.0 20.15725775 
4.0 20.83204585 
4.0 18.08589405 
4.0 18.31522735 
4.0 20.30350175 
4.0 19.249181 
4.0 19.51533675 
4.0 20.2208629 
4.0 17.8523114 
4.0 19.31697425 
