# Position.Z vs. Particle Type (97 data points):
# "Particle Type" Position.Z
1.0 0.0 
1.0 0.0 
1.0 0.0 
1.0 0.0 
1.0 0.0 
1.0 0.0 
1.0 0.0 
1.0 0.0 
1.0 0.0 
1.0 2.2741768 
1.0 2.2741768 
1.0 2.2741768 
1.0 2.2741768 
1.0 2.2741768 
1.0 2.2741768 
1.0 2.2741768 
1.0 2.2741768 
1.0 2.2741768 
1.0 5.24982535 
1.0 4.4123933 
1.0 4.2166768 
1.0 4.408005 
1.0 4.21366855 
1.0 4.28911385 
1.0 4.3714139 
1.0 4.5769465 
1.0 4.59757515 
1.0 7.2885876 
1.0 7.1394533 
1.0 6.52453655 
1.0 6.9260982 
1.0 6.2626298 
1.0 7.5442661 
1.0 6.71551405 
1.0 6.44488845 
1.0 6.67844415 
2.0 8.3971342 
2.0 13.68784655 
2.0 7.749455 
3.0 9.6377631 
3.0 8.9720218 
3.0 14.03791165 
3.0 13.3230034 
3.0 10.7135385 
3.0 11.29646245 
3.0 9.23630715 
3.0 11.3934702 
3.0 16.2375787 
3.0 12.9142601 
3.0 18.721843 
3.0 18.5242925 
3.0 15.89224735 
3.0 19.5626186 
3.0 17.88510605 
3.0 18.51667965 
3.0 20.2325305 
3.0 21.4935028 
3.0 21.96101565 
3.0 20.7212551 
3.0 22.4892556 
3.0 21.26830405 
4.0 11.1914677 
4.0 10.1241357 
4.0 11.0257189 
4.0 11.0064465 
4.0 9.63774315 
4.0 9.9512805 
4.0 11.84680735 
4.0 12.09520655 
4.0 15.4818265 
4.0 16.2515444 
4.0 13.7878853 
4.0 12.4286484 
4.0 18.64209865 
4.0 19.6555289 
4.0 19.373746 
4.0 18.7125141 
4.0 15.5324379 
4.0 16.408308 
4.0 18.94554725 
4.0 20.44498155 
4.0 18.17146275 
4.0 17.90604725 
4.0 17.8017637 
4.0 18.39119485 
4.0 19.3381559 
4.0 19.9415846 
4.0 21.9353778 
4.0 21.40741575 
4.0 21.80062395 
4.0 21.6990956 
4.0 20.42611725 
4.0 19.90828805 
4.0 22.13714335 
4.0 23.4555447 
4.0 21.0418236 
4.0 21.73656205 
