# Position.Z vs. Particle Type (97 data points):
# "Particle Type" Position.Z
1.0 0.0 
1.0 0.0 
1.0 0.0 
1.0 0.0 
1.0 0.0 
1.0 0.0 
1.0 0.0 
1.0 0.0 
1.0 0.0 
1.0 2.2741768 
1.0 2.2741768 
1.0 2.2741768 
1.0 2.2741768 
1.0 2.2741768 
1.0 2.2741768 
1.0 2.2741768 
1.0 2.2741768 
1.0 2.2741768 
1.0 4.7749107 
1.0 4.47045235 
1.0 4.30102855 
1.0 4.41032585 
1.0 4.2779394 
1.0 4.30173485 
1.0 4.4224369 
1.0 5.1639049 
1.0 4.32646865 
1.0 7.57426285 
1.0 7.42198835 
1.0 6.41950295 
1.0 7.19357065 
1.0 6.4770601 
1.0 6.78139735 
1.0 6.824167 
1.0 6.51556045 
1.0 6.4850807 
2.0 8.6029727 
2.0 11.35233435 
2.0 7.89458565 
3.0 9.8037646 
3.0 9.0689662 
3.0 10.24305695 
3.0 12.480783 
3.0 9.9933267 
3.0 9.6886489 
3.0 10.0112243 
3.0 10.4143123 
3.0 11.97186585 
3.0 11.59074735 
3.0 15.27183245 
3.0 15.2936917 
3.0 13.3575463 
3.0 15.2771808 
3.0 13.64067425 
3.0 14.4491914 
3.0 16.39332135 
3.0 18.1885333 
3.0 18.6611901 
3.0 17.4304515 
3.0 19.2402147 
3.0 17.5019719 
4.0 9.3052498 
4.0 10.2053441 
4.0 10.3656882 
4.0 9.7912528 
4.0 10.48455415 
4.0 10.2271694 
4.0 10.0938733 
4.0 9.8580097 
4.0 11.70607305 
4.0 12.91257905 
4.0 12.46640885 
4.0 11.08858905 
4.0 14.57757945 
4.0 15.2479852 
4.0 16.18207535 
4.0 14.7110131 
4.0 13.6702531 
4.0 12.43166365 
4.0 15.5987195 
4.0 15.98500995 
4.0 13.51850885 
4.0 13.6763256 
4.0 14.45604265 
4.0 14.94033555 
4.0 15.44275775 
4.0 16.87486325 
4.0 18.75081075 
4.0 18.4807231 
4.0 18.6573072 
4.0 18.62326935 
4.0 17.16972985 
4.0 16.72952575 
4.0 18.82050415 
4.0 20.1419673 
4.0 17.4374361 
4.0 18.1309191 
