# Position.Z vs. Particle Type (97 data points):
# "Particle Type" Position.Z
1.0 0.0 
1.0 0.0 
1.0 0.0 
1.0 0.0 
1.0 0.0 
1.0 0.0 
1.0 0.0 
1.0 0.0 
1.0 0.0 
1.0 2.2741768 
1.0 2.2741768 
1.0 2.2741768 
1.0 2.2741768 
1.0 2.2741768 
1.0 2.2741768 
1.0 2.2741768 
1.0 2.2741768 
1.0 2.2741768 
1.0 5.5691552 
1.0 4.3981259 
1.0 4.34176505 
1.0 4.4812355 
1.0 4.29901395 
1.0 4.23984085 
1.0 4.5297238 
1.0 4.57079385 
1.0 4.5077081 
1.0 7.3031182 
1.0 7.13433735 
1.0 6.6820831 
1.0 7.05474595 
1.0 6.2475476 
1.0 7.7994301 
1.0 6.87512315 
1.0 6.2347047 
1.0 6.700624 
2.0 8.41919085 
2.0 12.1788765 
2.0 7.8582357 
3.0 9.6176871 
3.0 9.06262875 
3.0 11.7975998 
3.0 12.4776813 
3.0 18.72763025 
3.0 9.57571265 
3.0 9.8817726 
3.0 15.67627985 
3.0 19.9680222 
3.0 21.2780372 
3.0 23.6641356 
3.0 18.34721035 
3.0 16.93984355 
3.0 19.192817 
3.0 18.59149985 
3.0 21.65370515 
3.0 20.5574817 
3.0 25.75245645 
3.0 24.62283495 
3.0 22.68524055 
3.0 23.64428395 
3.0 23.33845465 
4.0 19.0850247 
4.0 18.12460055 
4.0 9.24992215 
4.0 9.36305685 
4.0 10.56607965 
4.0 10.1858092 
4.0 15.11886215 
4.0 15.75813155 
4.0 20.84258085 
4.0 20.1786298 
4.0 21.4469045 
4.0 21.66626875 
4.0 22.931874 
4.0 23.6417433 
4.0 19.23450165 
4.0 18.533123 
4.0 17.2159148 
4.0 17.34066915 
4.0 19.3476612 
4.0 18.792893 
4.0 17.6554854 
4.0 18.5112396 
4.0 20.82017105 
4.0 22.10276985 
4.0 20.6138233 
4.0 19.79153715 
4.0 25.29032835 
4.0 25.54498415 
4.0 24.2663365 
4.0 25.50887815 
4.0 23.3803766 
4.0 22.7947818 
4.0 23.6424699 
4.0 24.3846995 
4.0 22.441559 
4.0 23.2532678 
