# Position.Z vs. Particle Type (97 data points):
# "Particle Type" Position.Z
1.0 0.0 
1.0 0.0 
1.0 0.0 
1.0 0.0 
1.0 0.0 
1.0 0.0 
1.0 0.0 
1.0 0.0 
1.0 0.0 
1.0 2.2741768 
1.0 2.2741768 
1.0 2.2741768 
1.0 2.2741768 
1.0 2.2741768 
1.0 2.2741768 
1.0 2.2741768 
1.0 2.2741768 
1.0 2.2741768 
1.0 5.30703705 
1.0 4.4573284 
1.0 4.21768165 
1.0 4.39462205 
1.0 4.4862832 
1.0 4.47406155 
1.0 4.3724604 
1.0 4.4448502 
1.0 4.8281226 
1.0 7.26268865 
1.0 7.48426035 
1.0 6.6268006 
1.0 7.1510712 
1.0 6.4477168 
1.0 7.5737431 
1.0 6.77779515 
1.0 6.40317685 
1.0 6.7083142 
2.0 8.33863835 
2.0 15.1650268 
2.0 7.9592513 
3.0 9.5728143 
3.0 9.19712535 
3.0 14.68957805 
3.0 15.76804215 
3.0 10.81962175 
3.0 12.0923978 
3.0 9.5390743 
3.0 11.0952107 
3.0 13.45271585 
3.0 12.2075653 
3.0 20.49774615 
3.0 20.41318965 
3.0 18.6364059 
3.0 20.1264175 
3.0 19.7773219 
3.0 20.3475545 
3.0 22.1447716 
3.0 23.03723835 
3.0 23.32177365 
3.0 23.1059885 
3.0 24.53550995 
3.0 23.4342794 
4.0 11.6271771 
4.0 10.75083135 
4.0 12.776589 
4.0 11.6074119 
4.0 9.9118033 
4.0 9.8401233 
4.0 11.00160845 
4.0 11.88575115 
4.0 14.42198555 
4.0 13.09631995 
4.0 11.9592753 
4.0 11.63463735 
4.0 20.20396 
4.0 21.1871646 
4.0 21.3727759 
4.0 20.08620565 
4.0 18.9597513 
4.0 18.5471328 
4.0 19.73773865 
4.0 21.10384325 
4.0 19.62874585 
4.0 19.93439525 
4.0 19.7734103 
4.0 20.095264 
4.0 21.205205 
4.0 22.1334141 
4.0 23.6554871 
4.0 23.1942186 
4.0 23.50462555 
4.0 22.9824812 
4.0 23.02633935 
4.0 22.19743505 
4.0 23.9684494 
4.0 25.43612995 
4.0 23.1084175 
4.0 23.9161664 
