# Position.Z vs. Particle Type (97 data points):
# "Particle Type" Position.Z
1.0 0.0 
1.0 0.0 
1.0 0.0 
1.0 0.0 
1.0 0.0 
1.0 0.0 
1.0 0.0 
1.0 0.0 
1.0 0.0 
1.0 2.2741768 
1.0 2.2741768 
1.0 2.2741768 
1.0 2.2741768 
1.0 2.2741768 
1.0 2.2741768 
1.0 2.2741768 
1.0 2.2741768 
1.0 2.2741768 
1.0 5.19096585 
1.0 4.36402785 
1.0 4.30435495 
1.0 4.22771825 
1.0 4.4278507 
1.0 4.3432144 
1.0 4.85069445 
1.0 4.41185465 
1.0 4.7438335 
1.0 7.4975264 
1.0 7.30516535 
1.0 6.99735925 
1.0 6.9340348 
1.0 6.38268155 
1.0 7.1615901 
1.0 6.85484905 
1.0 6.32376535 
1.0 6.67662625 
2.0 8.37604005 
2.0 12.30200545 
2.0 8.022875 
3.0 9.47386265 
3.0 9.19901815 
3.0 12.7394568 
3.0 11.7774713 
3.0 14.7313432 
3.0 10.7266285 
3.0 9.0773858 
3.0 10.49766375 
3.0 17.12566835 
3.0 18.48389445 
3.0 20.4898232 
3.0 16.1756063 
3.0 15.78339805 
3.0 16.4932684 
3.0 13.7437447 
3.0 18.0746874 
3.0 17.8524675 
3.0 22.36351075 
3.0 21.7229936 
3.0 20.72730275 
3.0 20.50708625 
3.0 20.2797042 
4.0 15.38552435 
4.0 15.23753665 
4.0 10.34393535 
4.0 11.10534915 
4.0 9.6365367 
4.0 9.61895655 
4.0 11.2570955 
4.0 10.241385 
4.0 17.77328875 
4.0 17.68784255 
4.0 18.81303725 
4.0 19.28695895 
4.0 19.5728379 
4.0 20.41267935 
4.0 16.93679435 
4.0 16.49092165 
4.0 15.0836308 
4.0 15.9423992 
4.0 16.1442267 
4.0 15.7911565 
4.0 13.2724151 
4.0 14.190064 
4.0 17.462004 
4.0 18.03354805 
4.0 17.6081997 
4.0 17.0183279 
4.0 21.79716105 
4.0 22.97978025 
4.0 21.30225265 
4.0 22.2442682 
4.0 21.08283975 
4.0 20.7523967 
4.0 20.93363545 
4.0 20.95055865 
4.0 19.43224955 
4.0 20.3414995 
