# Position.Z vs. Particle Type (97 data points):
# "Particle Type" Position.Z
1.0 0.0 
1.0 0.0 
1.0 0.0 
1.0 0.0 
1.0 0.0 
1.0 0.0 
1.0 0.0 
1.0 0.0 
1.0 0.0 
1.0 2.2741768 
1.0 2.2741768 
1.0 2.2741768 
1.0 2.2741768 
1.0 2.2741768 
1.0 2.2741768 
1.0 2.2741768 
1.0 2.2741768 
1.0 2.2741768 
1.0 5.280569 
1.0 5.0257319 
1.0 4.1186586 
1.0 4.3784713 
1.0 4.31221595 
1.0 4.4301705 
1.0 4.43542155 
1.0 4.2959462 
1.0 4.45056255 
1.0 7.1565389 
1.0 7.56707175 
1.0 6.53849455 
1.0 7.1944663 
1.0 6.55167905 
1.0 7.6911128 
1.0 6.71387535 
1.0 6.3261828 
1.0 6.68081435 
2.0 8.4201789 
2.0 13.10605765 
2.0 7.78768935 
3.0 9.6577124 
3.0 9.01906635 
3.0 13.33811745 
3.0 12.87332235 
3.0 16.2809724 
3.0 10.19241755 
3.0 9.7640088 
3.0 12.26425235 
3.0 18.23657535 
3.0 18.2988883 
3.0 21.1617063 
3.0 16.0082951 
3.0 15.6865415 
3.0 17.26707255 
3.0 15.15335885 
3.0 19.1452268 
3.0 17.830484 
3.0 22.7982895 
3.0 22.2941117 
3.0 20.8711265 
3.0 20.77867365 
3.0 20.2637596 
4.0 17.1082793 
4.0 15.6201374 
4.0 10.6467921 
4.0 9.72117335 
4.0 9.96648905 
4.0 10.1754093 
4.0 12.60341985 
4.0 12.37200685 
4.0 18.0465369 
4.0 18.0321918 
4.0 18.5259284 
4.0 19.1505405 
4.0 20.4797019 
4.0 20.96787805 
4.0 16.87754985 
4.0 16.2349761 
4.0 14.8860362 
4.0 15.73369945 
4.0 16.78567905 
4.0 16.54905945 
4.0 14.3018155 
4.0 15.5355102 
4.0 18.37644935 
4.0 19.3968719 
4.0 17.7376661 
4.0 16.9349005 
4.0 22.43389645 
4.0 23.30886705 
4.0 21.71630405 
4.0 22.7005842 
4.0 21.4767609 
4.0 20.69985155 
4.0 21.0836409 
4.0 21.5672891 
4.0 19.467 
4.0 20.2947955 
