# Position.Z vs. Particle Type (97 data points):
# "Particle Type" Position.Z
1.0 0.0 
1.0 0.0 
1.0 0.0 
1.0 0.0 
1.0 0.0 
1.0 0.0 
1.0 0.0 
1.0 0.0 
1.0 0.0 
1.0 2.2741768 
1.0 2.2741768 
1.0 2.2741768 
1.0 2.2741768 
1.0 2.2741768 
1.0 2.2741768 
1.0 2.2741768 
1.0 2.2741768 
1.0 2.2741768 
1.0 4.5675021 
1.0 4.53927145 
1.0 4.29061815 
1.0 4.4966999 
1.0 4.286653 
1.0 4.2957411 
1.0 4.42065645 
1.0 4.61767985 
1.0 4.40687905 
1.0 7.23243535 
1.0 7.16219105 
1.0 6.73182825 
1.0 7.1245958 
1.0 6.50827415 
1.0 6.67191 
1.0 6.7021493 
1.0 6.4521842 
1.0 6.57771485 
2.0 8.4139804 
2.0 10.54182255 
2.0 7.71177995 
3.0 9.59755265 
3.0 8.85027325 
3.0 9.51924155 
3.0 11.5751069 
3.0 9.9012956 
3.0 9.91514825 
3.0 9.307081 
3.0 9.76830995 
3.0 11.66124085 
3.0 11.31997475 
3.0 15.2807074 
3.0 14.5735667 
3.0 12.94892165 
3.0 15.2076729 
3.0 13.3444465 
3.0 13.8330878 
3.0 16.99626775 
3.0 18.5810639 
3.0 17.71503615 
3.0 17.80852465 
3.0 18.6365991 
3.0 17.014984 
4.0 9.06240125 
4.0 10.0578863 
4.0 10.51619695 
4.0 9.71591145 
4.0 10.01628355 
4.0 9.6048855 
4.0 9.70057725 
4.0 8.87980415 
4.0 11.2276675 
4.0 12.2692493 
4.0 12.05069425 
4.0 10.74438505 
4.0 15.85863195 
4.0 14.74415215 
4.0 15.527169 
4.0 14.11229155 
4.0 13.4294062 
4.0 12.1319905 
4.0 14.980875 
4.0 15.0849237 
4.0 13.23108745 
4.0 12.490093 
4.0 14.2988454 
4.0 14.0154609 
4.0 16.2451737 
4.0 17.6127595 
4.0 18.569551 
4.0 18.15348955 
4.0 17.6495263 
4.0 18.1711852 
4.0 17.9306036 
4.0 16.85409845 
4.0 18.3616874 
4.0 19.5528025 
4.0 17.1655281 
4.0 17.38756915 
