# Position.Z vs. Particle Type (97 data points):
# "Particle Type" Position.Z
1.0 0.0 
1.0 0.0 
1.0 0.0 
1.0 0.0 
1.0 0.0 
1.0 0.0 
1.0 0.0 
1.0 0.0 
1.0 0.0 
1.0 2.2741768 
1.0 2.2741768 
1.0 2.2741768 
1.0 2.2741768 
1.0 2.2741768 
1.0 2.2741768 
1.0 2.2741768 
1.0 2.2741768 
1.0 2.2741768 
1.0 5.51444565 
1.0 4.8145461 
1.0 4.4039863 
1.0 4.4332491 
1.0 4.4521687 
1.0 4.2669921 
1.0 4.52095105 
1.0 4.7311243 
1.0 4.4861852 
1.0 7.44747395 
1.0 7.42396515 
1.0 6.6592785 
1.0 7.06302275 
1.0 6.68702545 
1.0 7.8830535 
1.0 6.7864587 
1.0 6.31413125 
1.0 6.56863025 
2.0 8.4088739 
2.0 12.80468385 
2.0 7.69916805 
3.0 9.605673 
3.0 8.9314022 
3.0 12.94361635 
3.0 12.6935263 
3.0 11.60605775 
3.0 11.01918895 
3.0 9.9036455 
3.0 10.1785509 
3.0 13.67266285 
3.0 14.44598925 
3.0 16.6413492 
3.0 16.6028947 
3.0 12.10601875 
3.0 16.80376005 
3.0 15.5650306 
3.0 16.1777014 
3.0 18.06288225 
3.0 19.41555735 
3.0 19.32405755 
3.0 18.75254465 
3.0 20.52358455 
3.0 19.1193324 
4.0 12.5056974 
4.0 11.45108195 
4.0 10.20768035 
4.0 11.72633805 
4.0 10.13533465 
4.0 10.52417975 
4.0 9.5992505 
4.0 10.18505355 
4.0 13.01020035 
4.0 14.5468953 
4.0 14.21064365 
4.0 14.60298455 
4.0 16.6974423 
4.0 17.58221535 
4.0 17.52453465 
4.0 16.2384635 
4.0 11.4324413 
4.0 11.7299742 
4.0 16.3627212 
4.0 17.706066 
4.0 15.90198085 
4.0 15.7309341 
4.0 15.4705614 
4.0 15.95677965 
4.0 17.39214855 
4.0 17.6735657 
4.0 19.70594185 
4.0 19.7544424 
4.0 19.46123515 
4.0 19.228552 
4.0 18.64822225 
4.0 17.80451435 
4.0 19.70805585 
4.0 21.3035844 
4.0 19.0053087 
4.0 19.7479786 
