# Position.Z vs. Particle Type (97 data points):
# "Particle Type" Position.Z
1.0 0.0 
1.0 0.0 
1.0 0.0 
1.0 0.0 
1.0 0.0 
1.0 0.0 
1.0 0.0 
1.0 0.0 
1.0 0.0 
1.0 2.2741768 
1.0 2.2741768 
1.0 2.2741768 
1.0 2.2741768 
1.0 2.2741768 
1.0 2.2741768 
1.0 2.2741768 
1.0 2.2741768 
1.0 2.2741768 
1.0 5.528306 
1.0 4.8351128 
1.0 4.28837255 
1.0 4.19064625 
1.0 4.3064735 
1.0 4.39208595 
1.0 4.5721837 
1.0 4.5564974 
1.0 4.2999537 
1.0 7.54382545 
1.0 7.02711695 
1.0 6.8748554 
1.0 7.1567944 
1.0 6.6736222 
1.0 7.8296484 
1.0 6.82547075 
1.0 6.26221435 
1.0 6.53108015 
2.0 8.3768328 
2.0 13.544034 
2.0 7.90891395 
3.0 9.55232285 
3.0 9.0900152 
3.0 13.6996349 
3.0 13.38027985 
3.0 11.747337 
3.0 11.96605655 
3.0 10.03868915 
3.0 10.7314095 
3.0 15.4717948 
3.0 14.3114608 
3.0 17.2035458 
3.0 16.78765445 
3.0 13.8656252 
3.0 17.99915845 
3.0 16.24098735 
3.0 16.3471056 
3.0 18.1351863 
3.0 20.5733108 
3.0 19.37656455 
3.0 18.7810035 
3.0 20.95675085 
3.0 19.701948 
4.0 12.4334854 
4.0 11.0052978 
4.0 11.8322064 
4.0 11.7647649 
4.0 10.60070725 
4.0 10.3806563 
4.0 11.3154867 
4.0 10.86985375 
4.0 15.0020801 
4.0 16.42612685 
4.0 14.7321895 
4.0 14.65681735 
4.0 17.2759853 
4.0 18.1173685 
4.0 17.65405075 
4.0 16.3194913 
4.0 13.5277541 
4.0 13.04188935 
4.0 17.4605879 
4.0 18.85078265 
4.0 16.45261415 
4.0 16.49255195 
4.0 15.6477307 
4.0 16.64177305 
4.0 17.26925655 
4.0 17.92016555 
4.0 20.93463505 
4.0 20.4653274 
4.0 19.29789995 
4.0 19.24469575 
4.0 18.83590205 
4.0 17.9668419 
4.0 20.191444 
4.0 21.6572328 
4.0 19.49063025 
4.0 20.32834055 
