# Position.Z vs. Particle Type (97 data points):
# "Particle Type" Position.Z
1.0 0.0 
1.0 0.0 
1.0 0.0 
1.0 0.0 
1.0 0.0 
1.0 0.0 
1.0 0.0 
1.0 0.0 
1.0 0.0 
1.0 2.2741768 
1.0 2.2741768 
1.0 2.2741768 
1.0 2.2741768 
1.0 2.2741768 
1.0 2.2741768 
1.0 2.2741768 
1.0 2.2741768 
1.0 2.2741768 
1.0 5.48023035 
1.0 4.90404425 
1.0 4.3362851 
1.0 4.4924901 
1.0 4.2563458 
1.0 4.34956095 
1.0 4.39714485 
1.0 4.6131358 
1.0 4.3180655 
1.0 7.2996987 
1.0 7.40942965 
1.0 6.73285165 
1.0 7.0704417 
1.0 6.7983412 
1.0 8.0141866 
1.0 6.63187245 
1.0 6.37370265 
1.0 6.5548539 
2.0 8.47284375 
2.0 12.0597547 
2.0 7.9621885 
3.0 9.69552255 
3.0 9.10842975 
3.0 12.74725235 
3.0 11.40934305 
3.0 15.4406084 
3.0 9.990225 
3.0 10.20201735 
3.0 11.9587111 
3.0 17.39301655 
3.0 18.7333272 
3.0 20.8554486 
3.0 15.72760385 
3.0 14.96389685 
3.0 17.5799092 
3.0 15.64633 
3.0 20.23967295 
3.0 17.87418395 
3.0 23.75328025 
3.0 22.51564455 
3.0 20.71000435 
3.0 21.27695115 
3.0 20.4843527 
4.0 16.16430165 
4.0 14.55027805 
4.0 10.6412397 
4.0 9.14519375 
4.0 10.24099755 
4.0 10.6491 
4.0 11.5175508 
4.0 12.92363345 
4.0 17.4965462 
4.0 17.81854305 
4.0 19.1709413 
4.0 19.38961465 
4.0 20.98914545 
4.0 20.63104435 
4.0 16.7222104 
4.0 15.77160445 
4.0 15.0146101 
4.0 15.4768936 
4.0 17.3776029 
4.0 16.9610336 
4.0 15.1646789 
4.0 15.6350362 
4.0 19.8807602 
4.0 20.4777279 
4.0 18.19333355 
4.0 17.44449035 
4.0 24.18543715 
4.0 23.56342415 
4.0 21.74976755 
4.0 23.15592195 
4.0 21.34269655 
4.0 20.5843974 
4.0 21.16202095 
4.0 22.2340923 
4.0 19.5077554 
4.0 20.49469135 
