# Position.Z vs. Particle Type (97 data points):
# "Particle Type" Position.Z
1.0 0.0 
1.0 0.0 
1.0 0.0 
1.0 0.0 
1.0 0.0 
1.0 0.0 
1.0 0.0 
1.0 0.0 
1.0 0.0 
1.0 2.2741768 
1.0 2.2741768 
1.0 2.2741768 
1.0 2.2741768 
1.0 2.2741768 
1.0 2.2741768 
1.0 2.2741768 
1.0 2.2741768 
1.0 2.2741768 
1.0 5.14886785 
1.0 4.6790709 
1.0 4.1939219 
1.0 4.31009565 
1.0 4.26225905 
1.0 4.19127065 
1.0 4.4468872 
1.0 4.87078375 
1.0 4.34044135 
1.0 7.1236487 
1.0 7.1855553 
1.0 6.61450685 
1.0 7.40326335 
1.0 6.3139776 
1.0 7.8337777 
1.0 6.4399433 
1.0 6.5545025 
1.0 6.3977319 
2.0 8.4027937 
2.0 12.4762232 
2.0 7.48882225 
3.0 9.5779992 
3.0 8.73828165 
3.0 12.6890302 
3.0 12.303179 
3.0 15.92909885 
3.0 9.38676025 
3.0 9.4763865 
3.0 10.85739725 
3.0 16.26503095 
3.0 14.46906755 
3.0 18.7218878 
3.0 16.84252185 
3.0 14.52034745 
3.0 19.3970315 
3.0 16.43183955 
3.0 18.17274725 
3.0 18.07498385 
3.0 22.29185595 
3.0 22.70922045 
3.0 20.0692471 
3.0 21.3139766 
3.0 20.2207523 
4.0 15.38488945 
4.0 15.55030505 
4.0 10.15404635 
4.0 9.17102305 
4.0 9.3282707 
4.0 10.02442455 
4.0 10.14546435 
4.0 11.30305995 
4.0 16.5132751 
4.0 17.1603292 
4.0 15.05318115 
4.0 13.6669232 
4.0 18.7569522 
4.0 19.22980465 
4.0 16.6130671 
4.0 16.50271105 
4.0 14.9866318 
4.0 13.5791705 
4.0 18.98105125 
4.0 20.32532145 
4.0 17.1601178 
4.0 15.68390355 
4.0 17.60526635 
4.0 18.6355883 
4.0 17.5551852 
4.0 17.4214796 
4.0 22.71848775 
4.0 22.58612965 
4.0 21.7848106 
4.0 23.3480898 
4.0 20.2470485 
4.0 19.65632305 
4.0 20.9158005 
4.0 21.52214365 
4.0 19.36681005 
4.0 20.4474361 
