# Position.Z vs. Particle Type (97 data points):
# "Particle Type" Position.Z
1.0 0.0 
1.0 0.0 
1.0 0.0 
1.0 0.0 
1.0 0.0 
1.0 0.0 
1.0 0.0 
1.0 0.0 
1.0 0.0 
1.0 2.2741768 
1.0 2.2741768 
1.0 2.2741768 
1.0 2.2741768 
1.0 2.2741768 
1.0 2.2741768 
1.0 2.2741768 
1.0 2.2741768 
1.0 2.2741768 
1.0 5.53780115 
1.0 4.5458525 
1.0 4.3454593 
1.0 4.4177168 
1.0 4.4446836 
1.0 4.28816675 
1.0 4.318174 
1.0 4.68711075 
1.0 4.56111845 
1.0 7.57050735 
1.0 7.2689477 
1.0 6.70324025 
1.0 6.78087725 
1.0 6.69667985 
1.0 8.0783325 
1.0 6.6585932 
1.0 6.36703865 
1.0 6.78811875 
2.0 8.2923715 
2.0 13.95871015 
2.0 7.688863 
3.0 9.39055565 
3.0 8.91142315 
3.0 14.18102735 
3.0 13.74438905 
3.0 11.89419525 
3.0 9.73749455 
3.0 10.3036528 
3.0 11.1375173 
3.0 14.18755555 
3.0 14.5573344 
3.0 17.0147845 
3.0 16.4054765 
3.0 12.1323986 
3.0 17.4318886 
3.0 16.3083641 
3.0 16.7472984 
3.0 18.24489065 
3.0 19.5480845 
3.0 19.70431085 
3.0 18.863852 
3.0 20.83814285 
3.0 19.5539869 
4.0 12.8508037 
4.0 11.46965785 
4.0 9.69062745 
4.0 9.43225955 
4.0 10.8355702 
4.0 10.744251 
4.0 11.3835281 
4.0 10.1561334 
4.0 13.8083267 
4.0 13.6769318 
4.0 14.64215235 
4.0 15.13153145 
4.0 16.97882095 
4.0 18.044593 
4.0 17.2526312 
4.0 15.87964805 
4.0 11.65066105 
4.0 12.0227982 
4.0 16.9318023 
4.0 18.36681315 
4.0 16.37470485 
4.0 16.49504745 
4.0 15.95916245 
4.0 16.88297835 
4.0 17.51959965 
4.0 17.8666565 
4.0 20.25868775 
4.0 19.7318366 
4.0 19.79485025 
4.0 19.3664975 
4.0 18.81024215 
4.0 18.03743375 
4.0 20.16376775 
4.0 21.38579695 
4.0 19.3690861 
4.0 19.9129735 
