# Position.Z vs. Particle Type (97 data points):
# "Particle Type" Position.Z
1.0 0.0 
1.0 0.0 
1.0 0.0 
1.0 0.0 
1.0 0.0 
1.0 0.0 
1.0 0.0 
1.0 0.0 
1.0 0.0 
1.0 2.2741768 
1.0 2.2741768 
1.0 2.2741768 
1.0 2.2741768 
1.0 2.2741768 
1.0 2.2741768 
1.0 2.2741768 
1.0 2.2741768 
1.0 2.2741768 
1.0 5.1364649 
1.0 4.31254005 
1.0 4.36470475 
1.0 4.44050915 
1.0 4.2425845 
1.0 4.2363671 
1.0 4.35194235 
1.0 4.8205465 
1.0 4.36906995 
1.0 6.99152615 
1.0 7.09789815 
1.0 6.4937383 
1.0 7.3092509 
1.0 6.364015 
1.0 7.74006135 
1.0 6.6138835 
1.0 6.4866795 
1.0 6.6120467 
2.0 8.36086055 
2.0 13.89276595 
2.0 7.7718151 
3.0 9.54595845 
3.0 8.990751 
3.0 14.3452267 
3.0 13.30981715 
3.0 15.4998732 
3.0 10.4821269 
3.0 9.7021708 
3.0 12.81828695 
3.0 18.04057605 
3.0 15.9137972 
3.0 20.6157784 
3.0 17.3045103 
3.0 15.70060345 
3.0 19.61167845 
3.0 17.2330417 
3.0 18.61603555 
3.0 19.10870605 
3.0 22.5059569 
3.0 22.80809685 
3.0 20.6900862 
3.0 21.7374871 
3.0 21.55781635 
4.0 15.4975121 
4.0 15.51941545 
4.0 10.5446733 
4.0 10.2337466 
4.0 9.91802175 
4.0 10.2253571 
4.0 12.6125132 
4.0 12.7893248 
4.0 18.09584245 
4.0 18.9606459 
4.0 16.82432255 
4.0 15.42627275 
4.0 20.17950095 
4.0 20.88550555 
4.0 17.21318095 
4.0 16.40908745 
4.0 16.4344334 
4.0 14.90933535 
4.0 18.7426792 
4.0 20.18749775 
4.0 17.69845175 
4.0 16.5112584 
4.0 18.7967101 
4.0 19.4041568 
4.0 18.8695129 
4.0 18.49769355 
4.0 22.1973626 
4.0 22.66111435 
4.0 22.32657385 
4.0 23.7295723 
4.0 21.23876755 
4.0 20.81528715 
4.0 21.4853296 
4.0 22.0294977 
4.0 20.690054 
4.0 21.70695765 
