# Position.Z vs. Particle Type (97 data points):
# "Particle Type" Position.Z
1.0 0.0 
1.0 0.0 
1.0 0.0 
1.0 0.0 
1.0 0.0 
1.0 0.0 
1.0 0.0 
1.0 0.0 
1.0 0.0 
1.0 2.2741768 
1.0 2.2741768 
1.0 2.2741768 
1.0 2.2741768 
1.0 2.2741768 
1.0 2.2741768 
1.0 2.2741768 
1.0 2.2741768 
1.0 2.2741768 
1.0 4.4572794 
1.0 4.25180875 
1.0 4.41828975 
1.0 4.5461059 
1.0 4.5656037 
1.0 4.26022835 
1.0 4.4358027 
1.0 4.3860355 
1.0 5.16459125 
1.0 7.1179689 
1.0 8.01964485 
1.0 6.84759775 
1.0 6.59666035 
1.0 6.7330144 
1.0 6.6536323 
1.0 7.0761243 
1.0 6.5672712 
1.0 7.29343475 
2.0 8.317078 
2.0 14.1828148 
2.0 8.2575731 
3.0 9.3139655 
3.0 9.48013955 
3.0 13.0521405 
3.0 15.2744025 
3.0 10.19523715 
3.0 11.76320915 
3.0 10.1489052 
3.0 14.28801115 
3.0 13.57121185 
3.0 12.4929861 
3.0 18.195275 
3.0 17.93717065 
3.0 15.72029655 
3.0 17.0061178 
3.0 17.59152325 
3.0 14.26295045 
3.0 20.11046905 
3.0 19.7158192 
3.0 20.9294421 
3.0 20.0845638 
3.0 21.3439429 
3.0 21.0322203 
4.0 10.1419738 
4.0 10.69870865 
4.0 12.3058684 
4.0 11.36424065 
4.0 9.49337585 
4.0 9.5371094 
4.0 14.35334775 
4.0 13.3956214 
4.0 13.5681259 
4.0 14.45673985 
4.0 11.93306555 
4.0 11.86722985 
4.0 17.25873275 
4.0 18.6810505 
4.0 18.79897985 
4.0 17.52440025 
4.0 15.9268221 
4.0 15.34062845 
4.0 16.73564375 
4.0 17.9744159 
4.0 17.19015865 
4.0 17.4904142 
4.0 14.89992455 
4.0 13.42624185 
4.0 19.23396265 
4.0 19.96352855 
4.0 20.1360635 
4.0 20.21800725 
4.0 21.10789695 
4.0 20.60828875 
4.0 20.02789075 
4.0 19.20398725 
4.0 20.88913575 
4.0 22.0558548 
4.0 20.8935272 
4.0 21.48339445 
