# Position.Z vs. Particle Type (97 data points):
# "Particle Type" Position.Z
1.0 0.0 
1.0 0.0 
1.0 0.0 
1.0 0.0 
1.0 0.0 
1.0 0.0 
1.0 0.0 
1.0 0.0 
1.0 0.0 
1.0 2.2741768 
1.0 2.2741768 
1.0 2.2741768 
1.0 2.2741768 
1.0 2.2741768 
1.0 2.2741768 
1.0 2.2741768 
1.0 2.2741768 
1.0 2.2741768 
1.0 4.9637595 
1.0 4.4417394 
1.0 4.289803 
1.0 4.36679775 
1.0 4.2923195 
1.0 4.5173268 
1.0 4.4312912 
1.0 4.28287405 
1.0 4.7397952 
1.0 7.03435775 
1.0 7.36953945 
1.0 6.7992316 
1.0 7.0727069 
1.0 6.3052682 
1.0 7.5177046 
1.0 6.7515763 
1.0 6.46935345 
1.0 6.686029 
2.0 8.2165286 
2.0 14.47240305 
2.0 7.86463335 
3.0 9.4034234 
3.0 9.09002395 
3.0 13.29756645 
3.0 15.6463559 
3.0 14.96843565 
3.0 10.83859805 
3.0 9.4959991 
3.0 10.85290535 
3.0 15.5300355 
3.0 16.5068505 
3.0 18.85442125 
3.0 17.9217654 
3.0 12.50486335 
3.0 19.02253185 
3.0 18.02661945 
3.0 18.46717775 
3.0 19.8720151 
3.0 21.2959775 
3.0 21.6061146 
3.0 20.76402825 
3.0 22.77750755 
3.0 21.3024077 
4.0 15.31485865 
4.0 13.99513675 
4.0 10.1483858 
4.0 11.0368083 
4.0 9.6062085 
4.0 10.0150183 
4.0 11.255426 
4.0 10.2522805 
4.0 15.79654615 
4.0 16.0045879 
4.0 16.25738555 
4.0 16.9917055 
4.0 18.94419415 
4.0 19.79390385 
4.0 17.90983635 
4.0 16.9475761 
4.0 12.0398194 
4.0 12.37172965 
4.0 18.5821531 
4.0 19.88239225 
4.0 17.84784855 
4.0 18.31048835 
4.0 17.7266089 
4.0 18.5320975 
4.0 19.2207092 
4.0 19.4244995 
4.0 22.0982909 
4.0 21.47342575 
4.0 21.2472477 
4.0 21.3111108 
4.0 20.5050223 
4.0 20.00035835 
4.0 22.0049004 
4.0 23.5384961 
4.0 21.32465755 
4.0 22.10165055 
