# Position.Z vs. Particle Type (97 data points):
# "Particle Type" Position.Z
1.0 0.0 
1.0 0.0 
1.0 0.0 
1.0 0.0 
1.0 0.0 
1.0 0.0 
1.0 0.0 
1.0 0.0 
1.0 0.0 
1.0 2.2741768 
1.0 2.2741768 
1.0 2.2741768 
1.0 2.2741768 
1.0 2.2741768 
1.0 2.2741768 
1.0 2.2741768 
1.0 2.2741768 
1.0 2.2741768 
1.0 5.45792415 
1.0 4.62837585 
1.0 4.28102815 
1.0 4.34927815 
1.0 4.41656705 
1.0 4.43975665 
1.0 4.4805278 
1.0 4.41155645 
1.0 4.41049735 
1.0 6.87324435 
1.0 7.1143674 
1.0 6.56091905 
1.0 7.37946475 
1.0 6.2891647 
1.0 7.9456468 
1.0 6.7057004 
1.0 6.57316065 
1.0 6.6867094 
2.0 8.34568805 
2.0 15.19513905 
2.0 7.7269388 
3.0 9.52782285 
3.0 8.92281425 
3.0 15.8154906 
3.0 14.7356062 
3.0 18.37988355 
3.0 9.9066394 
3.0 10.12768715 
3.0 17.8657311 
3.0 18.66663575 
3.0 19.7950466 
3.0 23.8721777 
3.0 19.04766815 
3.0 17.4084127 
3.0 21.80819725 
3.0 19.9751279 
3.0 21.56111965 
3.0 20.9349791 
3.0 25.89331185 
3.0 25.37714725 
3.0 23.93499675 
3.0 23.7972994 
3.0 23.6570285 
4.0 18.3384642 
4.0 17.81009265 
4.0 9.61491195 
4.0 9.18608845 
4.0 9.9745037 
4.0 10.5570962 
4.0 17.5208649 
4.0 18.07580495 
4.0 18.8584284 
4.0 19.3985141 
4.0 20.15865075 
4.0 19.49807195 
4.0 23.0134541 
4.0 23.9133391 
4.0 19.4191578 
4.0 18.3803865 
4.0 17.5326823 
4.0 18.2885591 
4.0 20.9232177 
4.0 22.33596295 
4.0 20.5858471 
4.0 19.3133591 
4.0 21.5309549 
4.0 22.3804105 
4.0 20.7248272 
4.0 20.6065713 
4.0 25.26102495 
4.0 26.5560624 
4.0 24.7805425 
4.0 26.18471765 
4.0 24.5139923 
4.0 23.7350134 
4.0 23.83372985 
4.0 24.6986061 
4.0 22.702715 
4.0 23.51391805 
