# Position.Z vs. Particle Type (97 data points):
# "Particle Type" Position.Z
1.0 0.0 
1.0 0.0 
1.0 0.0 
1.0 0.0 
1.0 0.0 
1.0 0.0 
1.0 0.0 
1.0 0.0 
1.0 0.0 
1.0 2.2741768 
1.0 2.2741768 
1.0 2.2741768 
1.0 2.2741768 
1.0 2.2741768 
1.0 2.2741768 
1.0 2.2741768 
1.0 2.2741768 
1.0 2.2741768 
1.0 5.147408 
1.0 5.1112635 
1.0 4.22069095 
1.0 4.3733046 
1.0 4.26403915 
1.0 4.48854595 
1.0 4.35562155 
1.0 4.51367 
1.0 4.4335053 
1.0 7.0942704 
1.0 7.1806721 
1.0 6.42525625 
1.0 7.33275795 
1.0 6.5473429 
1.0 7.6913641 
1.0 6.73016225 
1.0 6.3036337 
1.0 6.59049475 
2.0 8.3768104 
2.0 12.03508075 
2.0 7.91033075 
3.0 9.5751593 
3.0 9.1005201 
3.0 12.5720462 
3.0 11.52175605 
3.0 15.25094655 
3.0 10.05047015 
3.0 9.88616685 
3.0 12.1322446 
3.0 17.1950478 
3.0 18.8659317 
3.0 21.5099206 
3.0 16.1887474 
3.0 16.1668346 
3.0 16.8407946 
3.0 15.40815885 
3.0 19.37614875 
3.0 18.4135 
3.0 22.9238912 
3.0 22.86062065 
3.0 21.07847175 
3.0 20.66182685 
3.0 21.22870855 
4.0 15.8050368 
4.0 15.2217961 
4.0 10.4231491 
4.0 9.4668308 
4.0 10.20402565 
4.0 10.5139657 
4.0 13.09026565 
4.0 12.1246335 
4.0 17.0894927 
4.0 17.6701427 
4.0 19.18648375 
4.0 19.45382705 
4.0 20.642181 
4.0 21.58993865 
4.0 17.07236055 
4.0 16.38833105 
4.0 15.57909465 
4.0 16.05084775 
4.0 16.179569 
4.0 16.306248 
4.0 15.6664361 
4.0 14.52198755 
4.0 18.4939678 
4.0 19.53987595 
4.0 18.33686925 
4.0 17.5159502 
4.0 22.5350244 
4.0 23.16294015 
4.0 22.2820311 
4.0 23.6663784 
4.0 21.82485025 
4.0 20.99554695 
4.0 20.9247444 
4.0 21.6004789 
4.0 20.40737405 
4.0 20.86003395 
