# Position.Z vs. Particle Type (97 data points):
# "Particle Type" Position.Z
1.0 0.0 
1.0 0.0 
1.0 0.0 
1.0 0.0 
1.0 0.0 
1.0 0.0 
1.0 0.0 
1.0 0.0 
1.0 0.0 
1.0 2.2741768 
1.0 2.2741768 
1.0 2.2741768 
1.0 2.2741768 
1.0 2.2741768 
1.0 2.2741768 
1.0 2.2741768 
1.0 2.2741768 
1.0 2.2741768 
1.0 5.4435115 
1.0 4.4339169 
1.0 4.3391061 
1.0 4.4653224 
1.0 4.3975127 
1.0 4.3040319 
1.0 4.42004255 
1.0 4.74524225 
1.0 4.53790925 
1.0 7.4694816 
1.0 7.1055313 
1.0 6.70269075 
1.0 7.0967337 
1.0 6.5606142 
1.0 7.74492075 
1.0 6.78188315 
1.0 6.1437376 
1.0 6.5601886 
2.0 8.29312785 
2.0 13.62718875 
2.0 7.9066771 
3.0 9.48022845 
3.0 9.0716563 
3.0 14.26341735 
3.0 12.9790206 
3.0 10.69199775 
3.0 11.5637186 
3.0 9.65686435 
3.0 11.3166851 
3.0 15.4058786 
3.0 13.4496327 
3.0 18.1874224 
3.0 18.2908915 
3.0 15.09703055 
3.0 19.09833975 
3.0 17.31097655 
3.0 17.90198445 
3.0 19.7248653 
3.0 21.1730946 
3.0 21.87596495 
3.0 20.60844135 
3.0 22.47775635 
3.0 20.9111539 
4.0 11.33219535 
4.0 9.8815913 
4.0 11.400683 
4.0 11.7256027 
4.0 10.06448345 
4.0 10.29333445 
4.0 10.59789325 
4.0 12.1136155 
4.0 15.344539 
4.0 15.5715868 
4.0 13.23952105 
4.0 12.78209485 
4.0 18.40338115 
4.0 19.12083495 
4.0 19.0919162 
4.0 18.6311433 
4.0 14.6429234 
4.0 16.0460363 
4.0 18.6799837 
4.0 20.0337361 
4.0 17.2628911 
4.0 17.1947349 
4.0 17.14845755 
4.0 17.7769004 
4.0 18.82038795 
4.0 19.4504149 
4.0 21.73965185 
4.0 21.46185685 
4.0 21.5733973 
4.0 21.2182236 
4.0 20.50239975 
4.0 19.721716 
4.0 21.84665525 
4.0 23.30924715 
4.0 20.87853075 
4.0 21.6789629 
