# Position.Z vs. Particle Type (97 data points):
# "Particle Type" Position.Z
1.0 0.0 
1.0 0.0 
1.0 0.0 
1.0 0.0 
1.0 0.0 
1.0 0.0 
1.0 0.0 
1.0 0.0 
1.0 0.0 
1.0 2.2741768 
1.0 2.2741768 
1.0 2.2741768 
1.0 2.2741768 
1.0 2.2741768 
1.0 2.2741768 
1.0 2.2741768 
1.0 2.2741768 
1.0 2.2741768 
1.0 5.1985885 
1.0 4.59981515 
1.0 4.31175605 
1.0 4.2979608 
1.0 4.35879255 
1.0 4.28010135 
1.0 4.50066225 
1.0 4.3831291 
1.0 4.59717475 
1.0 7.39547025 
1.0 7.1222354 
1.0 6.68439485 
1.0 7.01244495 
1.0 6.36569675 
1.0 7.36992655 
1.0 6.59657495 
1.0 6.23363405 
1.0 6.5157757 
2.0 8.28653245 
2.0 10.24582265 
2.0 7.63017185 
3.0 9.4385998 
3.0 8.8512795 
3.0 10.7682442 
3.0 9.948638 
3.0 18.35680175 
3.0 11.55065555 
3.0 9.4544163 
3.0 17.2869137 
3.0 20.32448495 
3.0 21.44623565 
3.0 23.8799036 
3.0 16.18213835 
3.0 16.5326168 
3.0 19.76991695 
3.0 19.11837585 
3.0 22.16376925 
3.0 21.4097156 
3.0 25.39242965 
3.0 24.82005785 
3.0 23.13706955 
3.0 23.47415735 
3.0 23.8603134 
4.0 19.0087478 
4.0 17.5225974 
4.0 11.6438924 
4.0 10.97380305 
4.0 10.21337345 
4.0 9.60593795 
4.0 16.8162302 
4.0 17.53174745 
4.0 21.1705011 
4.0 20.46526895 
4.0 21.5247585 
4.0 20.9950391 
4.0 23.1802627 
4.0 23.89787085 
4.0 15.7645467 
4.0 17.0932153 
4.0 16.9963409 
4.0 16.573368 
4.0 19.93329975 
4.0 19.3933054 
4.0 18.4837639 
4.0 18.85715895 
4.0 21.52503115 
4.0 22.5878849 
4.0 21.5931933 
4.0 20.6477621 
4.0 25.1317052 
4.0 25.0355112 
4.0 24.5541303 
4.0 25.77326535 
4.0 23.1861868 
4.0 23.5626419 
4.0 23.59354515 
4.0 24.3320189 
4.0 22.91237585 
4.0 23.7804987 
