# Position.Z vs. Particle Type (97 data points):
# "Particle Type" Position.Z
1.0 0.0 
1.0 0.0 
1.0 0.0 
1.0 0.0 
1.0 0.0 
1.0 0.0 
1.0 0.0 
1.0 0.0 
1.0 0.0 
1.0 2.2741768 
1.0 2.2741768 
1.0 2.2741768 
1.0 2.2741768 
1.0 2.2741768 
1.0 2.2741768 
1.0 2.2741768 
1.0 2.2741768 
1.0 2.2741768 
1.0 5.57114005 
1.0 5.10280015 
1.0 4.3382969 
1.0 4.53780495 
1.0 4.3804047 
1.0 4.2333809 
1.0 4.6269769 
1.0 4.51935225 
1.0 4.3447635 
1.0 7.29564675 
1.0 7.2345434 
1.0 6.59124375 
1.0 7.34562115 
1.0 6.71605655 
1.0 7.91802165 
1.0 6.97764515 
1.0 6.129788 
1.0 6.61053225 
2.0 8.38285735 
2.0 12.1210222 
2.0 8.0055794 
3.0 9.57065865 
3.0 9.2347311 
3.0 13.0743613 
3.0 11.20486045 
3.0 16.48775485 
3.0 10.6652707 
3.0 9.3311582 
3.0 12.5528228 
3.0 18.5050565 
3.0 19.1222437 
3.0 21.99825985 
3.0 16.53880025 
3.0 15.15204565 
3.0 17.55196415 
3.0 16.5301423 
3.0 19.6724955 
3.0 18.57782045 
3.0 23.75243605 
3.0 22.7061912 
3.0 21.62237175 
3.0 21.4096232 
3.0 21.21474215 
4.0 17.1075464 
4.0 15.63501345 
4.0 11.3091531 
4.0 10.31001965 
4.0 9.72625675 
4.0 8.9218136 
4.0 12.25570815 
4.0 13.514669 
4.0 19.1342431 
4.0 18.52072285 
4.0 19.3553101 
4.0 19.80562045 
4.0 21.351855 
4.0 21.7923979 
4.0 17.51898925 
4.0 16.37611465 
4.0 15.7132822 
4.0 15.70296875 
4.0 17.9052272 
4.0 17.27398645 
4.0 16.3001573 
4.0 15.79406395 
4.0 18.86746505 
4.0 20.009633 
4.0 18.8438523 
4.0 17.77927585 
4.0 23.38302225 
4.0 23.6772956 
4.0 22.21869545 
4.0 23.0077204 
4.0 22.21828805 
4.0 21.8415561 
4.0 21.65291625 
4.0 22.23833605 
4.0 20.3095585 
4.0 21.44480975 
