# Position.Z vs. Particle Type (97 data points):
# "Particle Type" Position.Z
1.0 0.0 
1.0 0.0 
1.0 0.0 
1.0 0.0 
1.0 0.0 
1.0 0.0 
1.0 0.0 
1.0 0.0 
1.0 0.0 
1.0 2.2741768 
1.0 2.2741768 
1.0 2.2741768 
1.0 2.2741768 
1.0 2.2741768 
1.0 2.2741768 
1.0 2.2741768 
1.0 2.2741768 
1.0 2.2741768 
1.0 5.01163635 
1.0 4.42587705 
1.0 4.27198135 
1.0 4.39701325 
1.0 4.38117925 
1.0 4.3765589 
1.0 4.4761339 
1.0 4.28985795 
1.0 4.81490415 
1.0 7.18696545 
1.0 7.8072477 
1.0 6.87915375 
1.0 7.1992263 
1.0 6.4052198 
1.0 6.93324345 
1.0 6.68556805 
1.0 6.34584265 
1.0 6.7031328 
2.0 8.6395442 
2.0 16.5344774 
2.0 7.80262805 
3.0 9.8157647 
3.0 8.98329215 
3.0 16.89594865 
3.0 16.1655816 
3.0 9.9609811 
3.0 11.2976381 
3.0 9.2040522 
3.0 11.75776175 
3.0 13.073655 
3.0 11.5153402 
3.0 21.3998813 
3.0 20.08603135 
3.0 18.9424305 
3.0 20.37001085 
3.0 20.37430465 
3.0 17.67508925 
3.0 22.96537355 
3.0 22.93338565 
3.0 22.86505235 
3.0 23.20593345 
3.0 24.74210865 
3.0 23.99502105 
4.0 10.3115327 
4.0 10.30578185 
4.0 11.47237735 
4.0 10.80544395 
4.0 9.8602672 
4.0 9.4720878 
4.0 10.89554305 
4.0 12.33344595 
4.0 13.5518866 
4.0 12.4285868 
4.0 11.62053725 
4.0 12.00054555 
4.0 21.0611807 
4.0 22.16063815 
4.0 20.99774285 
4.0 19.4148017 
4.0 19.57837175 
4.0 19.2839444 
4.0 19.93113675 
4.0 21.3198944 
4.0 20.227067 
4.0 20.0418365 
4.0 18.0640208 
4.0 17.58117515 
4.0 21.998816 
4.0 23.12562735 
4.0 23.496627 
4.0 23.19794365 
4.0 23.11658475 
4.0 23.29169535 
4.0 23.016007 
4.0 22.42886835 
4.0 24.31438835 
4.0 25.64124185 
4.0 24.1445372 
4.0 24.55919025 
