# Position.Z vs. Particle Type (97 data points):
# "Particle Type" Position.Z
1.0 0.0 
1.0 0.0 
1.0 0.0 
1.0 0.0 
1.0 0.0 
1.0 0.0 
1.0 0.0 
1.0 0.0 
1.0 0.0 
1.0 2.2741768 
1.0 2.2741768 
1.0 2.2741768 
1.0 2.2741768 
1.0 2.2741768 
1.0 2.2741768 
1.0 2.2741768 
1.0 2.2741768 
1.0 2.2741768 
1.0 5.14214365 
1.0 4.43166255 
1.0 4.3113056 
1.0 4.4169475 
1.0 4.2505904 
1.0 4.2893137 
1.0 4.3564871 
1.0 5.0357328 
1.0 4.4349228 
1.0 7.3209388 
1.0 7.30244095 
1.0 6.57301365 
1.0 7.10439275 
1.0 6.23868665 
1.0 7.52609795 
1.0 6.60266495 
1.0 6.63188435 
1.0 6.7344557 
2.0 8.35152815 
2.0 13.89474765 
2.0 7.89427765 
3.0 9.54563435 
3.0 9.0819358 
3.0 14.38625405 
3.0 13.38521345 
3.0 15.2716634 
3.0 9.78110735 
3.0 9.40181095 
3.0 12.75688575 
3.0 17.53384955 
3.0 16.2913555 
3.0 20.2800143 
3.0 17.5142912 
3.0 15.6707957 
3.0 19.6243397 
3.0 17.82040715 
3.0 19.01650555 
3.0 19.70141145 
3.0 22.5582637 
3.0 23.0664035 
3.0 21.48348895 
3.0 22.8794216 
3.0 22.14847355 
4.0 15.7269714 
4.0 15.4694393 
4.0 9.42959955 
4.0 9.53453305 
4.0 9.4523387 
4.0 9.4951794 
4.0 13.20627945 
4.0 12.6426111 
4.0 17.6328159 
4.0 18.42031625 
4.0 17.185658 
4.0 16.03848715 
4.0 19.97312835 
4.0 21.07036155 
4.0 17.4544251 
4.0 16.70800705 
4.0 16.13456075 
4.0 14.7821982 
4.0 18.837987 
4.0 20.4063545 
4.0 18.09554075 
4.0 17.0903936 
4.0 19.4673675 
4.0 19.78020345 
4.0 19.45929405 
4.0 18.86198475 
4.0 22.52590025 
4.0 22.76821295 
4.0 22.717723 
4.0 23.99156235 
4.0 21.6953667 
4.0 20.99481475 
4.0 22.3377266 
4.0 22.9222301 
4.0 21.25817785 
4.0 22.4197869 
