# Position.Z vs. Particle Type (97 data points):
# "Particle Type" Position.Z
1.0 0.0 
1.0 0.0 
1.0 0.0 
1.0 0.0 
1.0 0.0 
1.0 0.0 
1.0 0.0 
1.0 0.0 
1.0 0.0 
1.0 2.2741768 
1.0 2.2741768 
1.0 2.2741768 
1.0 2.2741768 
1.0 2.2741768 
1.0 2.2741768 
1.0 2.2741768 
1.0 2.2741768 
1.0 2.2741768 
1.0 5.5723759 
1.0 4.64337195 
1.0 4.44072475 
1.0 4.2482846 
1.0 4.35524215 
1.0 4.4358209 
1.0 4.4262967 
1.0 4.2910693 
1.0 4.4472085 
1.0 6.9780235 
1.0 6.8106969 
1.0 6.6122924 
1.0 7.7782523 
1.0 6.42144475 
1.0 7.5203219 
1.0 6.75067995 
1.0 6.43218765 
1.0 6.7722683 
2.0 8.26901215 
2.0 13.14908595 
2.0 7.86388085 
3.0 9.4074834 
3.0 9.16994575 
3.0 12.4661565 
3.0 13.81758035 
3.0 11.87588325 
3.0 9.960958 
3.0 9.3799027 
3.0 10.83227565 
3.0 14.5109776 
3.0 16.52671055 
3.0 18.38274725 
3.0 15.87960045 
3.0 14.0074123 
3.0 12.971203 
3.0 11.169018 
3.0 15.8567304 
3.0 15.86695005 
3.0 19.78943645 
3.0 18.51383275 
3.0 20.2128423 
3.0 19.82029805 
3.0 18.45730915 
4.0 12.88460075 
4.0 11.6105535 
4.0 10.70349175 
4.0 9.8366716 
4.0 9.03027335 
4.0 9.9772015 
4.0 11.1654298 
4.0 10.1124177 
4.0 14.9406215 
4.0 15.08425205 
4.0 16.5879462 
4.0 17.39805165 
4.0 17.4321511 
4.0 18.36442545 
4.0 15.7740926 
4.0 15.67595015 
4.0 13.28678295 
4.0 14.5010642 
4.0 13.18058595 
4.0 12.34017155 
4.0 10.43398895 
4.0 11.58869845 
4.0 15.00764755 
4.0 16.22543335 
4.0 15.26308245 
4.0 16.79085975 
4.0 19.33354465 
4.0 20.7055443 
4.0 18.67658345 
4.0 19.32463365 
4.0 19.90603615 
4.0 19.61176735 
4.0 20.1879307 
4.0 19.89902565 
4.0 17.53938725 
4.0 19.00872785 
