# Position.Z vs. Particle Type (97 data points):
# "Particle Type" Position.Z
1.0 0.0 
1.0 0.0 
1.0 0.0 
1.0 0.0 
1.0 0.0 
1.0 0.0 
1.0 0.0 
1.0 0.0 
1.0 0.0 
1.0 2.2741768 
1.0 2.2741768 
1.0 2.2741768 
1.0 2.2741768 
1.0 2.2741768 
1.0 2.2741768 
1.0 2.2741768 
1.0 2.2741768 
1.0 2.2741768 
1.0 5.2778782 
1.0 4.46945205 
1.0 4.25225255 
1.0 4.44995075 
1.0 4.3337644 
1.0 4.3801226 
1.0 4.2816578 
1.0 4.40073375 
1.0 4.4981188 
1.0 7.1095164 
1.0 6.87171485 
1.0 6.42668915 
1.0 7.1049251 
1.0 6.2383951 
1.0 7.5290558 
1.0 6.819771 
1.0 6.4741005 
1.0 6.7950764 
2.0 8.17082665 
2.0 12.48929675 
2.0 7.904183 
3.0 9.37138405 
3.0 9.0975493 
3.0 11.66443215 
3.0 13.3570122 
3.0 12.841122 
3.0 9.6757857 
3.0 9.70069345 
3.0 11.1179019 
3.0 17.38406565 
3.0 16.62070655 
3.0 19.5292104 
3.0 16.20464405 
3.0 14.6890107 
3.0 12.88418775 
3.0 11.6373684 
3.0 15.17494755 
3.0 17.29830655 
3.0 20.7096533 
3.0 19.80260625 
3.0 19.81525385 
3.0 19.15636205 
3.0 19.37513725 
4.0 13.6582901 
4.0 12.49433045 
4.0 9.84791325 
4.0 9.8547519 
4.0 9.838164 
4.0 10.20641475 
4.0 11.74670175 
4.0 10.51163995 
4.0 17.1211509 
4.0 16.67202495 
4.0 17.203935 
4.0 17.1816274 
4.0 18.61615595 
4.0 19.4521789 
4.0 15.85451315 
4.0 16.45121765 
4.0 14.015827 
4.0 15.2365738 
4.0 13.27767455 
4.0 12.24678455 
4.0 10.70483365 
4.0 11.88154975 
4.0 15.61343945 
4.0 14.88552415 
4.0 16.4099117 
4.0 17.93373855 
4.0 20.32892785 
4.0 21.6981639 
4.0 20.1996319 
4.0 20.3385042 
4.0 19.60345275 
4.0 19.56306905 
4.0 19.3579925 
4.0 19.8700082 
4.0 18.64340205 
4.0 19.4053601 
