# Position.Z vs. Particle Type (97 data points):
# "Particle Type" Position.Z
1.0 0.0 
1.0 0.0 
1.0 0.0 
1.0 0.0 
1.0 0.0 
1.0 0.0 
1.0 0.0 
1.0 0.0 
1.0 0.0 
1.0 2.2741768 
1.0 2.2741768 
1.0 2.2741768 
1.0 2.2741768 
1.0 2.2741768 
1.0 2.2741768 
1.0 2.2741768 
1.0 2.2741768 
1.0 2.2741768 
1.0 5.2170587 
1.0 4.5705422 
1.0 4.2370146 
1.0 4.38638025 
1.0 4.285631 
1.0 4.2292656 
1.0 4.38841025 
1.0 4.8765724 
1.0 4.33496035 
1.0 7.05881295 
1.0 7.1183154 
1.0 6.6236016 
1.0 7.2580123 
1.0 6.2812722 
1.0 8.2025258 
1.0 6.79010115 
1.0 6.5717071 
1.0 6.6621366 
2.0 8.2914328 
2.0 13.81405515 
2.0 7.8358546 
3.0 9.4804682 
3.0 9.0199669 
3.0 14.1267721 
3.0 13.3886767 
3.0 16.1662739 
3.0 9.94220815 
3.0 9.40510095 
3.0 14.66666565 
3.0 18.06030135 
3.0 18.16292625 
3.0 21.2136491 
3.0 18.22785055 
3.0 16.8900312 
3.0 20.10875685 
3.0 18.26274625 
3.0 19.50869725 
3.0 20.21922 
3.0 22.66165825 
3.0 23.71666325 
3.0 22.14415245 
3.0 23.98831365 
3.0 22.62961995 
4.0 15.7029222 
4.0 15.53486375 
4.0 10.1613813 
4.0 10.43780885 
4.0 9.6240207 
4.0 8.73474 
4.0 14.74379585 
4.0 15.2878446 
4.0 18.31801335 
4.0 18.9567945 
4.0 18.55755755 
4.0 17.742984 
4.0 20.877682 
4.0 21.8384033 
4.0 18.1594903 
4.0 17.4336512 
4.0 17.5333109 
4.0 17.33908155 
4.0 19.4731082 
4.0 21.02527805 
4.0 18.62402255 
4.0 17.67654175 
4.0 19.5170696 
4.0 20.4463042 
4.0 19.941257 
4.0 19.54755145 
4.0 23.18520925 
4.0 22.96902895 
4.0 23.23752585 
4.0 24.6256913 
4.0 22.9062393 
4.0 21.9398893 
4.0 23.47566795 
4.0 23.6316542 
4.0 21.76640235 
4.0 23.0529243 
