# Position.Z vs. Particle Type (97 data points):
# "Particle Type" Position.Z
1.0 0.0 
1.0 0.0 
1.0 0.0 
1.0 0.0 
1.0 0.0 
1.0 0.0 
1.0 0.0 
1.0 0.0 
1.0 0.0 
1.0 2.2741768 
1.0 2.2741768 
1.0 2.2741768 
1.0 2.2741768 
1.0 2.2741768 
1.0 2.2741768 
1.0 2.2741768 
1.0 2.2741768 
1.0 2.2741768 
1.0 5.40005095 
1.0 4.7151671 
1.0 4.35329055 
1.0 4.4709014 
1.0 4.37783885 
1.0 4.2770385 
1.0 4.4513924 
1.0 4.35380155 
1.0 4.60558525 
1.0 6.60118795 
1.0 7.44653875 
1.0 6.5242093 
1.0 7.50400805 
1.0 6.46034655 
1.0 8.00728355 
1.0 6.7089204 
1.0 6.8208014 
1.0 6.71173615 
2.0 8.4525399 
2.0 13.33108 
2.0 7.7989184 
3.0 9.5706408 
3.0 8.99986955 
3.0 12.45892515 
3.0 14.1167145 
3.0 16.3077019 
3.0 10.7730602 
3.0 10.3951225 
3.0 11.2524538 
3.0 17.4101466 
3.0 17.88171945 
3.0 20.3462385 
3.0 18.4868999 
3.0 13.33904425 
3.0 20.324836 
3.0 19.63449915 
3.0 19.99500615 
3.0 21.55675095 
3.0 23.377711 
3.0 22.9321897 
3.0 23.13651305 
3.0 25.01281195 
3.0 22.74433945 
4.0 16.6418224 
4.0 15.4466305 
4.0 10.9331887 
4.0 9.7968605 
4.0 10.66735845 
4.0 10.8316971 
4.0 11.27404565 
4.0 10.6234737 
4.0 18.40936055 
4.0 17.19937835 
4.0 17.476655 
4.0 18.3453809 
4.0 20.3509978 
4.0 21.28370755 
4.0 18.68696235 
4.0 17.59539775 
4.0 13.3364462 
4.0 12.5264797 
4.0 19.75258005 
4.0 21.25749675 
4.0 19.7765148 
4.0 19.526437 
4.0 19.4750164 
4.0 19.9736453 
4.0 21.00912345 
4.0 20.93399105 
4.0 23.7625668 
4.0 23.49801195 
4.0 22.8283811 
4.0 22.85158785 
4.0 22.85857875 
4.0 22.35045995 
4.0 24.8100783 
4.0 24.636507 
4.0 22.48036735 
4.0 23.6069127 
