# Position.Z vs. Particle Type (97 data points):
# "Particle Type" Position.Z
1.0 0.0 
1.0 0.0 
1.0 0.0 
1.0 0.0 
1.0 0.0 
1.0 0.0 
1.0 0.0 
1.0 0.0 
1.0 0.0 
1.0 2.2741768 
1.0 2.2741768 
1.0 2.2741768 
1.0 2.2741768 
1.0 2.2741768 
1.0 2.2741768 
1.0 2.2741768 
1.0 2.2741768 
1.0 2.2741768 
1.0 5.54902005 
1.0 4.7151734 
1.0 4.327358 
1.0 4.3891848 
1.0 4.3663613 
1.0 4.36638755 
1.0 4.36063145 
1.0 4.4607724 
1.0 4.35088745 
1.0 6.93239785 
1.0 6.99452285 
1.0 6.61716615 
1.0 7.4845869 
1.0 6.49187735 
1.0 7.811706 
1.0 6.8193734 
1.0 6.67181305 
1.0 6.7339314 
2.0 8.22882305 
2.0 15.1333406 
2.0 8.0168879 
3.0 9.47063705 
3.0 9.20885595 
3.0 15.6429658 
3.0 14.5329793 
3.0 18.33595155 
3.0 10.1347834 
3.0 9.5633083 
3.0 18.1352822 
3.0 19.22097135 
3.0 20.7380138 
3.0 24.3475232 
3.0 18.76422065 
3.0 17.12026505 
3.0 21.82614315 
3.0 19.8453325 
3.0 22.16263 
3.0 20.87648395 
3.0 26.1635962 
3.0 25.3064329 
3.0 23.92936455 
3.0 23.78148185 
3.0 23.56062695 
4.0 18.8630666 
4.0 17.8184251 
4.0 10.37806245 
4.0 9.1934556 
4.0 10.15300265 
4.0 10.13221895 
4.0 17.6096151 
4.0 18.8063638 
4.0 19.51068455 
4.0 20.0049003 
4.0 20.8776386 
4.0 19.9787511 
4.0 23.576154 
4.0 24.13101985 
4.0 19.06314865 
4.0 17.8478125 
4.0 17.1661476 
4.0 17.7586479 
4.0 21.3306849 
4.0 22.32036415 
4.0 20.7041338 
4.0 19.34969855 
4.0 22.59494895 
4.0 22.87496785 
4.0 20.57837915 
4.0 20.39266215 
4.0 25.53960185 
4.0 27.0317803 
4.0 24.70159335 
4.0 25.82476225 
4.0 24.54337165 
4.0 23.76594395 
4.0 24.0206855 
4.0 24.5102809 
4.0 22.6026857 
4.0 23.67239035 
