# Position.Z vs. Particle Type (97 data points):
# "Particle Type" Position.Z
1.0 0.0 
1.0 0.0 
1.0 0.0 
1.0 0.0 
1.0 0.0 
1.0 0.0 
1.0 0.0 
1.0 0.0 
1.0 0.0 
1.0 2.2741768 
1.0 2.2741768 
1.0 2.2741768 
1.0 2.2741768 
1.0 2.2741768 
1.0 2.2741768 
1.0 2.2741768 
1.0 2.2741768 
1.0 2.2741768 
1.0 5.2361057 
1.0 4.33696305 
1.0 4.4628654 
1.0 4.46275655 
1.0 4.3604638 
1.0 4.2330722 
1.0 4.53788685 
1.0 4.49661065 
1.0 4.5028417 
1.0 7.5202484 
1.0 7.0600439 
1.0 6.6645621 
1.0 6.8600693 
1.0 6.40090605 
1.0 7.3368995 
1.0 6.8905508 
1.0 6.33333785 
1.0 6.51252595 
2.0 8.3872047 
2.0 14.3351754 
2.0 7.9245922 
3.0 9.5546654 
3.0 9.0640123 
3.0 13.5367869 
3.0 15.21928765 
3.0 14.75417055 
3.0 10.39512355 
3.0 9.7960261 
3.0 10.83675075 
3.0 15.2211472 
3.0 15.99813845 
3.0 18.35912295 
3.0 17.649317 
3.0 12.12668275 
3.0 19.2284673 
3.0 18.0484759 
3.0 17.80971255 
3.0 20.38242395 
3.0 20.82226055 
3.0 21.62081285 
3.0 20.6126935 
3.0 22.35180535 
3.0 20.9349385 
4.0 15.4817845 
4.0 13.95014075 
4.0 10.0048284 
4.0 10.644459 
4.0 9.9336027 
4.0 10.2416643 
4.0 11.7230043 
4.0 10.3077002 
4.0 15.07667245 
4.0 15.29769465 
4.0 15.5507338 
4.0 16.53440495 
4.0 18.3590918 
4.0 19.25731115 
4.0 18.64151205 
4.0 17.56873195 
4.0 11.5814867 
4.0 11.6375217 
4.0 18.36709455 
4.0 19.73884675 
4.0 17.8509548 
4.0 18.1789209 
4.0 17.12384065 
4.0 17.83265645 
4.0 19.54673385 
4.0 20.0764172 
4.0 21.08546405 
4.0 21.1016323 
4.0 21.3249274 
4.0 21.47901665 
4.0 20.54349325 
4.0 19.62287005 
4.0 21.6881406 
4.0 23.2102017 
4.0 20.8026588 
4.0 21.677691 
