# Position.Z vs. Particle Type (97 data points):
# "Particle Type" Position.Z
1.0 0.0 
1.0 0.0 
1.0 0.0 
1.0 0.0 
1.0 0.0 
1.0 0.0 
1.0 0.0 
1.0 0.0 
1.0 0.0 
1.0 2.2741768 
1.0 2.2741768 
1.0 2.2741768 
1.0 2.2741768 
1.0 2.2741768 
1.0 2.2741768 
1.0 2.2741768 
1.0 2.2741768 
1.0 2.2741768 
1.0 5.0845445 
1.0 5.0206107 
1.0 4.2408324 
1.0 4.3359113 
1.0 4.39112835 
1.0 4.2468643 
1.0 4.5016559 
1.0 4.38547865 
1.0 4.55518665 
1.0 7.24630375 
1.0 7.3008026 
1.0 6.83712365 
1.0 7.2633869 
1.0 6.71133015 
1.0 7.6157655 
1.0 6.716486 
1.0 6.30303135 
1.0 6.76728605 
2.0 8.4509761 
2.0 12.3571 
2.0 7.8723386 
3.0 9.622914 
3.0 9.07038405 
3.0 12.7192548 
3.0 12.0620626 
3.0 16.10241605 
3.0 9.46872745 
3.0 9.825991 
3.0 11.4578401 
3.0 18.37545395 
3.0 18.56849365 
3.0 20.78755595 
3.0 16.11770335 
3.0 15.9207041 
3.0 17.3370253 
3.0 15.45503435 
3.0 19.5379009 
3.0 17.8087525 
3.0 22.95725705 
3.0 22.6490978 
3.0 20.8513753 
3.0 20.8933459 
3.0 20.3868931 
4.0 16.8204645 
4.0 15.86201015 
4.0 9.7903631 
4.0 9.43987065 
4.0 10.01977585 
4.0 10.28898185 
4.0 12.0871009 
4.0 10.9457299 
4.0 18.22645965 
4.0 18.51981705 
4.0 18.99231635 
4.0 19.30181925 
4.0 20.4281441 
4.0 20.77029815 
4.0 16.9663753 
4.0 16.40687685 
4.0 14.9875593 
4.0 15.8523421 
4.0 16.82959775 
4.0 16.7200516 
4.0 14.79433795 
4.0 14.9080435 
4.0 18.73080685 
4.0 19.6005782 
4.0 17.84756295 
4.0 17.1113922 
4.0 22.43618895 
4.0 22.97860215 
4.0 22.15222135 
4.0 23.43484325 
4.0 21.57976205 
4.0 20.9245344 
4.0 20.8645003 
4.0 21.78279705 
4.0 19.50330165 
4.0 20.3101675 
