# Position.Z vs. Particle Type (97 data points):
# "Particle Type" Position.Z
1.0 0.0 
1.0 0.0 
1.0 0.0 
1.0 0.0 
1.0 0.0 
1.0 0.0 
1.0 0.0 
1.0 0.0 
1.0 0.0 
1.0 2.2741768 
1.0 2.2741768 
1.0 2.2741768 
1.0 2.2741768 
1.0 2.2741768 
1.0 2.2741768 
1.0 2.2741768 
1.0 2.2741768 
1.0 2.2741768 
1.0 4.5398472 
1.0 4.40957755 
1.0 4.46944015 
1.0 4.63776355 
1.0 4.6562789 
1.0 4.25499585 
1.0 4.55858235 
1.0 4.26021855 
1.0 5.23308765 
1.0 7.25612475 
1.0 8.05288435 
1.0 6.9673464 
1.0 6.8044375 
1.0 6.3254261 
1.0 6.7065166 
1.0 7.06067985 
1.0 6.41981235 
1.0 7.1528737 
2.0 8.4788375 
2.0 12.8174655 
2.0 8.42775115 
3.0 9.62313345 
3.0 9.59388115 
3.0 11.86047205 
3.0 13.74728985 
3.0 10.1164056 
3.0 11.3799672 
3.0 9.6550195 
3.0 12.9351971 
3.0 13.53406635 
3.0 12.5181364 
3.0 17.3620328 
3.0 16.7802649 
3.0 15.64234245 
3.0 17.05463655 
3.0 16.67435525 
3.0 13.87452115 
3.0 19.2406123 
3.0 19.60110985 
3.0 20.48601485 
3.0 19.78296215 
3.0 21.0322924 
3.0 20.013763 
4.0 10.4033566 
4.0 10.44198925 
4.0 11.6232179 
4.0 10.93030435 
4.0 9.1716562 
4.0 9.0119547 
4.0 13.2417124 
4.0 11.96124475 
4.0 13.2963677 
4.0 14.29573285 
4.0 12.15809525 
4.0 13.1297558 
4.0 16.84368665 
4.0 17.7478889 
4.0 17.70271125 
4.0 16.5030229 
4.0 15.9433407 
4.0 14.678209 
4.0 16.8021798 
4.0 17.8740569 
4.0 16.19301285 
4.0 16.70970665 
4.0 14.49344925 
4.0 13.45202915 
4.0 18.3052863 
4.0 19.2188808 
4.0 19.73409585 
4.0 19.9076801 
4.0 20.59160355 
4.0 20.153882 
4.0 19.8688049 
4.0 18.89575695 
4.0 20.8927803 
4.0 21.9929878 
4.0 19.9234672 
4.0 20.3184331 
