# Position.Z vs. Particle Type (97 data points):
# "Particle Type" Position.Z
1.0 0.0 
1.0 0.0 
1.0 0.0 
1.0 0.0 
1.0 0.0 
1.0 0.0 
1.0 0.0 
1.0 0.0 
1.0 0.0 
1.0 2.2741768 
1.0 2.2741768 
1.0 2.2741768 
1.0 2.2741768 
1.0 2.2741768 
1.0 2.2741768 
1.0 2.2741768 
1.0 2.2741768 
1.0 2.2741768 
1.0 5.3980745 
1.0 4.4067842 
1.0 4.38498725 
1.0 4.40270565 
1.0 4.38824295 
1.0 4.2586327 
1.0 4.35937355 
1.0 4.6332244 
1.0 4.65822105 
1.0 7.38364795 
1.0 7.3738665 
1.0 6.7406101 
1.0 6.89181395 
1.0 6.67116065 
1.0 7.7820701 
1.0 6.7914014 
1.0 6.21299805 
1.0 6.50634565 
2.0 8.38822355 
2.0 11.5427711 
2.0 7.90787165 
3.0 9.57202155 
3.0 9.12455635 
3.0 12.32113435 
3.0 10.8307836 
3.0 14.495649 
3.0 9.7395018 
3.0 9.6875408 
3.0 11.53808705 
3.0 16.39325065 
3.0 18.90432285 
3.0 20.5944914 
3.0 17.14456975 
3.0 16.2273685 
3.0 15.95009535 
3.0 14.18918795 
3.0 18.937065 
3.0 18.12690285 
3.0 22.74789265 
3.0 22.81440245 
3.0 21.1224979 
3.0 21.1176322 
3.0 20.8248754 
4.0 15.1005771 
4.0 14.0521409 
4.0 10.0945117 
4.0 9.80264705 
4.0 9.76986325 
4.0 10.5173264 
4.0 12.19996925 
4.0 11.06728105 
4.0 15.8621848 
4.0 16.87553245 
4.0 19.0374625 
4.0 19.73661865 
4.0 19.87125805 
4.0 20.68393705 
4.0 17.6360114 
4.0 17.0970814 
4.0 15.41305045 
4.0 16.6004783 
4.0 15.9673808 
4.0 15.2305545 
4.0 14.5054441 
4.0 14.1805517 
4.0 17.9770955 
4.0 19.1574705 
4.0 18.34769195 
4.0 17.46808035 
4.0 22.13003555 
4.0 23.0837894 
4.0 22.2260738 
4.0 23.254182 
4.0 21.68920285 
4.0 20.8485256 
4.0 21.39008935 
4.0 21.8197791 
4.0 19.8567222 
4.0 20.94015595 
