# Position.Z vs. Particle Type (97 data points):
# "Particle Type" Position.Z
1.0 0.0 
1.0 0.0 
1.0 0.0 
1.0 0.0 
1.0 0.0 
1.0 0.0 
1.0 0.0 
1.0 0.0 
1.0 0.0 
1.0 2.2741768 
1.0 2.2741768 
1.0 2.2741768 
1.0 2.2741768 
1.0 2.2741768 
1.0 2.2741768 
1.0 2.2741768 
1.0 2.2741768 
1.0 2.2741768 
1.0 5.22590005 
1.0 4.37877475 
1.0 4.2838418 
1.0 4.44995915 
1.0 4.4688007 
1.0 4.18711335 
1.0 4.36927715 
1.0 5.22719645 
1.0 4.4858275 
1.0 7.49900935 
1.0 7.4741898 
1.0 6.5744882 
1.0 7.3537667 
1.0 6.3767235 
1.0 7.75740385 
1.0 6.8378548 
1.0 6.60184595 
1.0 6.534129 
2.0 8.59000135 
2.0 13.5561825 
2.0 7.7601671 
3.0 9.76518725 
3.0 8.96675115 
3.0 14.24477705 
3.0 12.95813645 
3.0 15.7665585 
3.0 9.93921635 
3.0 10.00329225 
3.0 12.99988235 
3.0 17.2588437 
3.0 16.6560842 
3.0 20.08646115 
3.0 17.9509029 
3.0 15.8970511 
3.0 19.98608325 
3.0 17.7311512 
3.0 19.6093037 
3.0 19.51468855 
3.0 22.5812286 
3.0 23.5663554 
3.0 22.2367593 
3.0 23.7746565 
3.0 21.8238671 
4.0 15.55336895 
4.0 15.71531535 
4.0 9.62761625 
4.0 9.30468175 
4.0 10.10193415 
4.0 9.99173245 
4.0 12.8259572 
4.0 12.41393475 
4.0 17.28841905 
4.0 18.2033936 
4.0 17.34692855 
4.0 16.79366395 
4.0 20.03195565 
4.0 20.5268028 
4.0 17.8337544 
4.0 17.2520376 
4.0 16.4061114 
4.0 15.0127446 
4.0 19.3745188 
4.0 20.8414962 
4.0 18.2629706 
4.0 16.900849 
4.0 19.88743855 
4.0 20.4123115 
4.0 19.15742675 
4.0 18.8136102 
4.0 23.064811 
4.0 22.93785025 
4.0 22.92789835 
4.0 24.21775335 
4.0 22.66187035 
4.0 22.01631705 
4.0 23.2483041 
4.0 23.52548835 
4.0 21.06543005 
4.0 22.3387437 
