# Position.Z vs. Particle Type (97 data points):
# "Particle Type" Position.Z
1.0 0.0 
1.0 0.0 
1.0 0.0 
1.0 0.0 
1.0 0.0 
1.0 0.0 
1.0 0.0 
1.0 0.0 
1.0 0.0 
1.0 2.2741768 
1.0 2.2741768 
1.0 2.2741768 
1.0 2.2741768 
1.0 2.2741768 
1.0 2.2741768 
1.0 2.2741768 
1.0 2.2741768 
1.0 2.2741768 
1.0 5.3725903 
1.0 4.4962855 
1.0 4.22316335 
1.0 4.5919923 
1.0 4.4668792 
1.0 4.2233702 
1.0 4.2524678 
1.0 4.3525566 
1.0 4.7811624 
1.0 6.72459725 
1.0 7.34163605 
1.0 6.5194703 
1.0 7.3902178 
1.0 6.20317425 
1.0 7.5224352 
1.0 6.73485995 
1.0 6.43784225 
1.0 6.8306882 
2.0 8.19850745 
2.0 12.2365425 
2.0 7.76207705 
3.0 9.39939945 
3.0 9.01667585 
3.0 11.4697359 
3.0 13.0245304 
3.0 12.7524159 
3.0 9.2800764 
3.0 9.3119103 
3.0 10.73132725 
3.0 15.2900265 
3.0 15.7788757 
3.0 18.29172905 
3.0 16.09644855 
3.0 14.0269507 
3.0 12.3222603 
3.0 11.38638165 
3.0 15.1487091 
3.0 15.3670468 
3.0 19.73187265 
3.0 18.00840615 
3.0 19.3985344 
3.0 20.0464971 
3.0 18.7974129 
4.0 13.4688407 
4.0 12.1778447 
4.0 10.0429091 
4.0 9.56452175 
4.0 9.1847049 
4.0 9.9683577 
4.0 11.35143625 
4.0 10.15676515 
4.0 15.16510345 
4.0 15.21937865 
4.0 15.5664964 
4.0 16.73606585 
4.0 17.3367194 
4.0 18.22973425 
4.0 15.77764055 
4.0 15.9352389 
4.0 13.46835035 
4.0 14.75314085 
4.0 12.75179535 
4.0 12.08330095 
4.0 10.4231925 
4.0 11.86582775 
4.0 14.58259495 
4.0 15.405152 
4.0 14.95624165 
4.0 16.36176675 
4.0 19.3582025 
4.0 20.50097245 
4.0 18.50136435 
4.0 18.62694575 
4.0 19.24473215 
4.0 19.0766926 
4.0 19.6958265 
4.0 20.693155 
4.0 17.98283935 
4.0 19.5104189 
