# Position.Z vs. Particle Type (97 data points):
# "Particle Type" Position.Z
1.0 0.0 
1.0 0.0 
1.0 0.0 
1.0 0.0 
1.0 0.0 
1.0 0.0 
1.0 0.0 
1.0 0.0 
1.0 0.0 
1.0 2.2741768 
1.0 2.2741768 
1.0 2.2741768 
1.0 2.2741768 
1.0 2.2741768 
1.0 2.2741768 
1.0 2.2741768 
1.0 2.2741768 
1.0 2.2741768 
1.0 5.35735025 
1.0 4.99007775 
1.0 4.2119826 
1.0 4.3550955 
1.0 4.26977635 
1.0 4.27608475 
1.0 4.42247225 
1.0 4.49615775 
1.0 4.34928375 
1.0 7.14340305 
1.0 7.1724156 
1.0 6.54474695 
1.0 7.30412655 
1.0 6.68952795 
1.0 7.9109429 
1.0 6.82601115 
1.0 6.3078862 
1.0 6.71090245 
2.0 8.40718935 
2.0 12.69324035 
2.0 7.8882566 
3.0 9.6673444 
3.0 9.0534416 
3.0 11.7733217 
3.0 13.44326445 
3.0 18.37884405 
3.0 9.6290929 
3.0 9.4463999 
3.0 15.1517548 
3.0 19.7821757 
3.0 20.2822879 
3.0 23.47333555 
3.0 16.9666378 
3.0 17.22666015 
3.0 19.1572689 
3.0 17.807272 
3.0 21.426804 
3.0 19.81275695 
3.0 25.0611081 
3.0 23.146879 
3.0 22.6972445 
3.0 23.00241125 
3.0 22.3592453 
4.0 18.87747785 
4.0 18.07319745 
4.0 9.9711738 
4.0 9.2503453 
4.0 9.50383665 
4.0 10.35454805 
4.0 15.67320055 
4.0 14.25340455 
4.0 20.76894085 
4.0 19.63658235 
4.0 20.49353425 
4.0 21.190204 
4.0 22.58920265 
4.0 23.25850765 
4.0 17.8121027 
4.0 17.0983764 
4.0 17.7576462 
4.0 16.8384552 
4.0 19.26482425 
4.0 18.93875375 
4.0 16.91113655 
4.0 17.77071905 
4.0 20.806282 
4.0 21.93280565 
4.0 19.7240246 
4.0 19.0664635 
4.0 24.7154635 
4.0 26.00202185 
4.0 23.02002675 
4.0 23.93832805 
4.0 22.9783295 
4.0 22.94531995 
4.0 23.00018315 
4.0 23.87889735 
4.0 21.4890277 
4.0 22.2658667 
