# Position.Z vs. Particle Type (97 data points):
# "Particle Type" Position.Z
1.0 0.0 
1.0 0.0 
1.0 0.0 
1.0 0.0 
1.0 0.0 
1.0 0.0 
1.0 0.0 
1.0 0.0 
1.0 0.0 
1.0 2.2741768 
1.0 2.2741768 
1.0 2.2741768 
1.0 2.2741768 
1.0 2.2741768 
1.0 2.2741768 
1.0 2.2741768 
1.0 2.2741768 
1.0 2.2741768 
1.0 5.1255533 
1.0 5.04044275 
1.0 4.4174662 
1.0 4.3990548 
1.0 4.3351406 
1.0 4.3475425 
1.0 4.31911935 
1.0 4.34727195 
1.0 4.3491042 
1.0 7.207165 
1.0 7.12299245 
1.0 6.6209717 
1.0 7.36849155 
1.0 6.57519625 
1.0 7.44801715 
1.0 6.68567725 
1.0 6.54833935 
1.0 6.78260135 
2.0 8.50497165 
2.0 12.99991105 
2.0 7.9799013 
3.0 9.6973709 
3.0 9.0869499 
3.0 13.2932702 
3.0 12.71970595 
3.0 15.9932745 
3.0 10.3372122 
3.0 9.58847575 
3.0 12.9388014 
3.0 18.4709854 
3.0 18.4714838 
3.0 20.98842865 
3.0 16.11147055 
3.0 15.25550915 
3.0 16.954441 
3.0 15.52447855 
3.0 18.8893096 
3.0 17.9759062 
3.0 23.0933969 
3.0 22.0250779 
3.0 20.38508815 
3.0 20.6337747 
3.0 20.4786218 
4.0 16.9272824 
4.0 15.4198506 
4.0 10.5774396 
4.0 9.5812381 
4.0 9.91902415 
4.0 10.060729 
4.0 12.9738469 
4.0 12.83587025 
4.0 18.68871515 
4.0 18.4549715 
4.0 19.0805489 
4.0 19.1152801 
4.0 20.2391679 
4.0 21.2017358 
4.0 16.86063225 
4.0 16.03742 
4.0 15.90276135 
4.0 15.6551668 
4.0 16.40534805 
4.0 16.4929401 
4.0 15.1782862 
4.0 15.6257591 
4.0 18.1875064 
4.0 19.1218132 
4.0 18.12531805 
4.0 17.60361085 
4.0 23.7857851 
4.0 22.83846215 
4.0 21.4952682 
4.0 22.10524435 
4.0 21.1085539 
4.0 20.45727845 
4.0 20.59691795 
4.0 21.51931355 
4.0 19.581513 
4.0 20.34421165 
