# Position.Z vs. Particle Type (97 data points):
# "Particle Type" Position.Z
1.0 0.0 
1.0 0.0 
1.0 0.0 
1.0 0.0 
1.0 0.0 
1.0 0.0 
1.0 0.0 
1.0 0.0 
1.0 0.0 
1.0 2.2741768 
1.0 2.2741768 
1.0 2.2741768 
1.0 2.2741768 
1.0 2.2741768 
1.0 2.2741768 
1.0 2.2741768 
1.0 2.2741768 
1.0 2.2741768 
1.0 5.20205 
1.0 4.77860915 
1.0 4.4719437 
1.0 4.27593775 
1.0 4.1862667 
1.0 4.18758585 
1.0 4.2241052 
1.0 4.3935892 
1.0 4.3594922 
1.0 7.20390755 
1.0 6.8530847 
1.0 6.4924629 
1.0 7.32450915 
1.0 6.4840454 
1.0 7.5806577 
1.0 6.59512945 
1.0 6.09951405 
1.0 6.6268195 
2.0 8.35329775 
2.0 11.57050755 
2.0 7.7065415 
3.0 9.4728186 
3.0 8.90988805 
3.0 10.4828829 
3.0 12.6727559 
3.0 12.8807126 
3.0 9.26900555 
3.0 9.5262559 
3.0 11.8080326 
3.0 15.2772165 
3.0 17.0789325 
3.0 18.84904805 
3.0 16.4262476 
3.0 14.0812553 
3.0 13.6900876 
3.0 10.7100462 
3.0 15.996778 
3.0 15.9961487 
3.0 20.4006411 
3.0 19.17419805 
3.0 19.98288845 
3.0 20.34062695 
3.0 18.8101508 
4.0 13.67142385 
4.0 12.26932455 
4.0 9.96930655 
4.0 9.5101657 
4.0 9.4563252 
4.0 10.39943765 
4.0 12.230036 
4.0 11.90803285 
4.0 15.68154875 
4.0 15.6333114 
4.0 17.0200205 
4.0 18.0729024 
4.0 17.9146044 
4.0 18.8290011 
4.0 16.5596487 
4.0 16.2878156 
4.0 13.7752713 
4.0 14.72955295 
4.0 13.61250065 
4.0 13.27343115 
4.0 10.0012542 
4.0 10.59306955 
4.0 15.28293305 
4.0 16.22802265 
4.0 15.1601835 
4.0 16.56838225 
4.0 19.5936076 
4.0 21.00178815 
4.0 19.00686095 
4.0 19.8993039 
4.0 19.6861532 
4.0 20.11094855 
4.0 20.2506647 
4.0 20.34509575 
4.0 17.87226035 
4.0 19.28028795 
