# Position.Z vs. Particle Type (97 data points):
# "Particle Type" Position.Z
1.0 0.0 
1.0 0.0 
1.0 0.0 
1.0 0.0 
1.0 0.0 
1.0 0.0 
1.0 0.0 
1.0 0.0 
1.0 0.0 
1.0 2.2741768 
1.0 2.2741768 
1.0 2.2741768 
1.0 2.2741768 
1.0 2.2741768 
1.0 2.2741768 
1.0 2.2741768 
1.0 2.2741768 
1.0 2.2741768 
1.0 5.2468619 
1.0 4.3211133 
1.0 4.3394624 
1.0 4.44675945 
1.0 4.30673985 
1.0 4.19000925 
1.0 4.49629775 
1.0 4.3814225 
1.0 5.03242985 
1.0 7.02953055 
1.0 7.59891055 
1.0 6.7298553 
1.0 7.41573665 
1.0 6.3733901 
1.0 7.2661057 
1.0 6.7911438 
1.0 6.269886 
1.0 6.80680945 
2.0 8.55760465 
2.0 15.3567806 
2.0 7.9731645 
3.0 9.7427295 
3.0 9.139158 
3.0 15.39182435 
3.0 15.3643756 
3.0 10.5581525 
3.0 11.95805835 
3.0 9.38672035 
3.0 10.78664615 
3.0 12.8167991 
3.0 11.56009085 
3.0 20.4567762 
3.0 20.4425606 
3.0 18.74194945 
3.0 20.2814304 
3.0 19.5403173 
3.0 19.98087105 
3.0 22.76593795 
3.0 23.40413985 
3.0 23.5446078 
3.0 23.49429985 
3.0 24.4245932 
3.0 23.17366555 
4.0 11.00366225 
4.0 11.04564755 
4.0 12.30671225 
4.0 11.05177255 
4.0 9.3750216 
4.0 9.6438951 
4.0 10.4714176 
4.0 11.6572001 
4.0 13.6745455 
4.0 12.4172265 
4.0 11.913944 
4.0 10.92336875 
4.0 20.13232095 
4.0 21.34398105 
4.0 21.3918726 
4.0 20.0400655 
4.0 19.24051745 
4.0 18.83460635 
4.0 20.39925545 
4.0 21.18608625 
4.0 19.362812 
4.0 19.90883405 
4.0 19.4653018 
4.0 19.79892215 
4.0 21.7918484 
4.0 23.0073179 
4.0 23.69118185 
4.0 23.5202296 
4.0 23.61682645 
4.0 24.0347954 
4.0 23.13944675 
4.0 22.639008 
4.0 23.954539 
4.0 25.2322175 
4.0 23.1193627 
4.0 23.7431453 
