# Position.Z vs. Particle Type (97 data points):
# "Particle Type" Position.Z
1.0 0.0 
1.0 0.0 
1.0 0.0 
1.0 0.0 
1.0 0.0 
1.0 0.0 
1.0 0.0 
1.0 0.0 
1.0 0.0 
1.0 2.2741768 
1.0 2.2741768 
1.0 2.2741768 
1.0 2.2741768 
1.0 2.2741768 
1.0 2.2741768 
1.0 2.2741768 
1.0 2.2741768 
1.0 2.2741768 
1.0 5.33510425 
1.0 4.4247462 
1.0 4.36109905 
1.0 4.3437156 
1.0 4.25460945 
1.0 4.1837299 
1.0 4.41705635 
1.0 4.41895125 
1.0 4.46320175 
1.0 6.77087495 
1.0 6.97915505 
1.0 6.63283075 
1.0 7.5915798 
1.0 6.52087905 
1.0 7.44568405 
1.0 6.7175724 
1.0 6.1990782 
1.0 6.6332056 
2.0 8.2963776 
2.0 13.06258485 
2.0 7.78058645 
3.0 9.4645446 
3.0 9.0254941 
3.0 12.5638807 
3.0 13.49108565 
3.0 13.4538754 
3.0 9.53749615 
3.0 9.3085216 
3.0 11.08257185 
3.0 16.88362165 
3.0 18.16241595 
3.0 19.78814005 
3.0 16.39811495 
3.0 15.39665925 
3.0 15.71429475 
3.0 11.33277215 
3.0 17.68640615 
3.0 18.1046068 
3.0 22.1851308 
3.0 21.88382105 
3.0 21.02306115 
3.0 21.38890845 
3.0 20.4003849 
4.0 14.30879065 
4.0 12.9284337 
4.0 8.88707925 
4.0 10.04393495 
4.0 9.36789 
4.0 9.98172 
4.0 11.9105203 
4.0 10.8683645 
4.0 17.12093635 
4.0 17.337474 
4.0 18.6165182 
4.0 18.93555615 
4.0 19.3211963 
4.0 20.00146365 
4.0 16.9924692 
4.0 16.72959855 
4.0 14.5768959 
4.0 15.9109881 
4.0 15.7848362 
4.0 14.7752584 
4.0 10.8920119 
4.0 11.20028105 
4.0 16.87093905 
4.0 17.95820355 
4.0 18.26333005 
4.0 17.1349794 
4.0 21.48112855 
4.0 23.04383235 
4.0 21.45696175 
4.0 22.2460476 
4.0 21.4445476 
4.0 21.0640647 
4.0 21.29473045 
4.0 21.46973045 
4.0 19.5850144 
4.0 20.62633825 
