# Position.Z vs. Particle Type (97 data points):
# "Particle Type" Position.Z
1.0 0.0 
1.0 0.0 
1.0 0.0 
1.0 0.0 
1.0 0.0 
1.0 0.0 
1.0 0.0 
1.0 0.0 
1.0 0.0 
1.0 2.2741768 
1.0 2.2741768 
1.0 2.2741768 
1.0 2.2741768 
1.0 2.2741768 
1.0 2.2741768 
1.0 2.2741768 
1.0 2.2741768 
1.0 2.2741768 
1.0 5.31506745 
1.0 4.51133795 
1.0 4.2797293 
1.0 4.74926095 
1.0 4.4524641 
1.0 4.26612585 
1.0 4.2599298 
1.0 5.0862609 
1.0 4.55901495 
1.0 7.4308605 
1.0 7.11666655 
1.0 6.7824813 
1.0 7.31713535 
1.0 6.38206485 
1.0 7.8948198 
1.0 6.93429625 
1.0 6.51785365 
1.0 6.7585581 
2.0 8.44575725 
2.0 13.052816 
2.0 8.0756501 
3.0 9.66976185 
3.0 9.290631 
3.0 12.8625294 
3.0 13.32684465 
3.0 16.94812665 
3.0 9.62813985 
3.0 9.9934618 
3.0 11.257967 
3.0 16.81446655 
3.0 17.5764624 
3.0 20.8278301 
3.0 18.36900835 
3.0 14.3889207 
3.0 21.4643625 
3.0 19.57238185 
3.0 19.98863475 
3.0 21.96903275 
3.0 23.5471677 
3.0 24.0097907 
3.0 22.5047291 
3.0 24.6293705 
3.0 23.28830385 
4.0 17.6166774 
4.0 16.1176757 
4.0 8.80899005 
4.0 9.95986915 
4.0 10.40013065 
4.0 10.645663 
4.0 10.54773895 
4.0 10.9414669 
4.0 15.918462 
4.0 16.9216621 
4.0 17.2348974 
4.0 17.8903928 
4.0 20.8128242 
4.0 21.79979515 
4.0 18.8184003 
4.0 17.8042116 
4.0 14.7470197 
4.0 13.44090755 
4.0 20.6208982 
4.0 22.18841135 
4.0 19.7623384 
4.0 19.365682 
4.0 19.38559735 
4.0 20.22024025 
4.0 21.07316855 
4.0 21.8545026 
4.0 24.1444756 
4.0 23.64275585 
4.0 23.7420827 
4.0 23.2255037 
4.0 22.3580413 
4.0 21.74848515 
4.0 23.8979874 
4.0 25.2366457 
4.0 22.8706506 
4.0 23.90402945 
