# Position.Z vs. Particle Type (97 data points):
# "Particle Type" Position.Z
1.0 0.0 
1.0 0.0 
1.0 0.0 
1.0 0.0 
1.0 0.0 
1.0 0.0 
1.0 0.0 
1.0 0.0 
1.0 0.0 
1.0 2.2741768 
1.0 2.2741768 
1.0 2.2741768 
1.0 2.2741768 
1.0 2.2741768 
1.0 2.2741768 
1.0 2.2741768 
1.0 2.2741768 
1.0 2.2741768 
1.0 4.93557575 
1.0 4.31040645 
1.0 4.27443345 
1.0 4.4776571 
1.0 4.4457994 
1.0 4.3715238 
1.0 4.2460362 
1.0 4.41322525 
1.0 4.889794 
1.0 6.999398 
1.0 7.65509045 
1.0 6.79405265 
1.0 6.85397615 
1.0 6.318158 
1.0 6.8602639 
1.0 6.5967027 
1.0 6.4134203 
1.0 6.7292708 
2.0 8.26668465 
2.0 15.8889591 
2.0 7.90818175 
3.0 9.43477395 
3.0 9.11843345 
3.0 14.6983452 
3.0 17.08307685 
3.0 9.6487664 
3.0 10.12348225 
3.0 9.54922255 
3.0 12.12456315 
3.0 12.9129273 
3.0 11.853415 
3.0 20.72842625 
3.0 20.12589075 
3.0 18.0724334 
3.0 20.20114705 
3.0 20.282451 
3.0 18.15299255 
3.0 22.69542205 
3.0 23.43596885 
3.0 22.8641861 
3.0 22.781913 
3.0 24.5614782 
3.0 23.2775466 
4.0 9.6173896 
4.0 9.88739815 
4.0 10.81573325 
4.0 9.29356575 
4.0 9.4512838 
4.0 10.45997155 
4.0 12.5079787 
4.0 11.6852491 
4.0 12.54560335 
4.0 12.84232355 
4.0 12.41210565 
4.0 11.0656308 
4.0 20.35536405 
4.0 21.5808236 
4.0 21.04330025 
4.0 19.54613395 
4.0 18.3963794 
4.0 18.86099285 
4.0 20.0664961 
4.0 21.13064065 
4.0 20.03364755 
4.0 20.25797235 
4.0 18.03939725 
4.0 17.2458489 
4.0 21.73453065 
4.0 22.8909534 
4.0 23.9101758 
4.0 23.41711015 
4.0 23.03056245 
4.0 22.80075945 
4.0 22.60009535 
4.0 22.0759035 
4.0 24.09791615 
4.0 25.3370474 
4.0 23.17573195 
4.0 24.0907527 
