# Position.Z vs. Particle Type (97 data points):
# "Particle Type" Position.Z
1.0 0.0 
1.0 0.0 
1.0 0.0 
1.0 0.0 
1.0 0.0 
1.0 0.0 
1.0 0.0 
1.0 0.0 
1.0 0.0 
1.0 2.2741768 
1.0 2.2741768 
1.0 2.2741768 
1.0 2.2741768 
1.0 2.2741768 
1.0 2.2741768 
1.0 2.2741768 
1.0 2.2741768 
1.0 2.2741768 
1.0 5.1962176 
1.0 4.5082268 
1.0 4.38973815 
1.0 4.3214423 
1.0 4.2685293 
1.0 4.31262405 
1.0 4.36538305 
1.0 4.37764985 
1.0 4.44814335 
1.0 7.55974485 
1.0 7.11455045 
1.0 6.8204773 
1.0 7.18362855 
1.0 6.3861595 
1.0 7.3919272 
1.0 6.67039835 
1.0 6.2389243 
1.0 6.59740935 
2.0 8.41217475 
2.0 12.7644944 
2.0 7.77541065 
3.0 9.5883928 
3.0 9.00336745 
3.0 12.1006046 
3.0 13.54233545 
3.0 11.772152 
3.0 9.5102763 
3.0 9.2325114 
3.0 11.1788747 
3.0 16.4641673 
3.0 16.3647344 
3.0 19.3937625 
3.0 16.22430145 
3.0 14.90496175 
3.0 13.21745705 
3.0 11.34446355 
3.0 14.4101559 
3.0 16.92743535 
3.0 20.3777847 
3.0 19.2486497 
3.0 19.56977295 
3.0 19.1663836 
3.0 18.76096775 
4.0 12.6680071 
4.0 11.62325675 
4.0 9.6225598 
4.0 9.6420184 
4.0 9.4162229 
4.0 9.9160621 
4.0 11.44591875 
4.0 10.56001345 
4.0 16.66110635 
4.0 15.80877445 
4.0 16.6445461 
4.0 17.16651685 
4.0 18.5750117 
4.0 19.08898075 
4.0 15.78618965 
4.0 16.0103209 
4.0 14.3191426 
4.0 15.2990292 
4.0 13.3230412 
4.0 12.5783126 
4.0 10.36421645 
4.0 11.82474755 
4.0 15.1346979 
4.0 13.7574493 
4.0 16.21062485 
4.0 17.6903657 
4.0 19.98972675 
4.0 21.2960958 
4.0 19.2464251 
4.0 19.769561 
4.0 19.49230605 
4.0 20.11560075 
4.0 19.58594995 
4.0 19.5236454 
4.0 17.8256771 
4.0 19.09386745 
