# Position.Z vs. Particle Type (97 data points):
# "Particle Type" Position.Z
1.0 0.0 
1.0 0.0 
1.0 0.0 
1.0 0.0 
1.0 0.0 
1.0 0.0 
1.0 0.0 
1.0 0.0 
1.0 0.0 
1.0 2.2741768 
1.0 2.2741768 
1.0 2.2741768 
1.0 2.2741768 
1.0 2.2741768 
1.0 2.2741768 
1.0 2.2741768 
1.0 2.2741768 
1.0 2.2741768 
1.0 5.42599225 
1.0 4.330984 
1.0 4.34082565 
1.0 4.34945 
1.0 4.2590499 
1.0 4.2192731 
1.0 4.3595608 
1.0 4.6685282 
1.0 4.5929583 
1.0 7.4538233 
1.0 7.12419505 
1.0 6.68256505 
1.0 6.84280205 
1.0 6.5513063 
1.0 7.96888295 
1.0 6.6415412 
1.0 6.02082355 
1.0 6.6186218 
2.0 8.35342375 
2.0 13.5873486 
2.0 7.74613595 
3.0 9.49936925 
3.0 8.97766905 
3.0 14.0351134 
3.0 13.16540645 
3.0 12.0776355 
3.0 8.91599065 
3.0 10.0604063 
3.0 10.83724075 
3.0 14.7096684 
3.0 15.1645466 
3.0 17.19772705 
3.0 17.56565895 
3.0 12.1388834 
3.0 17.42649475 
3.0 16.2868664 
3.0 16.83712555 
3.0 18.760469 
3.0 20.16259035 
3.0 19.58561815 
3.0 19.50551435 
3.0 21.46790975 
3.0 20.09000035 
4.0 12.9325154 
4.0 11.4540258 
4.0 8.32201195 
4.0 9.08555165 
4.0 10.5494781 
4.0 10.47942175 
4.0 11.1956432 
4.0 10.07973855 
4.0 15.37239515 
4.0 13.9192256 
4.0 15.11008345 
4.0 15.40698565 
4.0 17.14969235 
4.0 18.13241255 
4.0 18.2544026 
4.0 17.0908878 
4.0 11.9374388 
4.0 11.84577695 
4.0 16.9797698 
4.0 18.3582756 
4.0 16.39854685 
4.0 16.66767095 
4.0 16.18531425 
4.0 16.7344289 
4.0 17.99170275 
4.0 18.34960785 
4.0 20.7620637 
4.0 20.2506689 
4.0 19.69129715 
4.0 19.66239275 
4.0 19.3197725 
4.0 18.56750665 
4.0 20.80796165 
4.0 22.2660683 
4.0 19.71420395 
4.0 20.37205625 
