# Position.Z vs. Particle Type (97 data points):
# "Particle Type" Position.Z
1.0 0.0 
1.0 0.0 
1.0 0.0 
1.0 0.0 
1.0 0.0 
1.0 0.0 
1.0 0.0 
1.0 0.0 
1.0 0.0 
1.0 2.2741768 
1.0 2.2741768 
1.0 2.2741768 
1.0 2.2741768 
1.0 2.2741768 
1.0 2.2741768 
1.0 2.2741768 
1.0 2.2741768 
1.0 2.2741768 
1.0 5.51413555 
1.0 4.41054005 
1.0 4.43013305 
1.0 4.35048005 
1.0 4.29248225 
1.0 4.17556685 
1.0 4.383764 
1.0 4.8182085 
1.0 4.4771615 
1.0 7.47805905 
1.0 7.2049509 
1.0 6.73279495 
1.0 7.1078497 
1.0 6.43445495 
1.0 7.7730464 
1.0 6.56561115 
1.0 6.18271045 
1.0 6.615903 
2.0 8.43409385 
2.0 11.78188515 
2.0 7.8042335 
3.0 9.6091674 
3.0 8.97257795 
3.0 11.0894462 
3.0 12.4432805 
3.0 18.98084895 
3.0 9.97911005 
3.0 9.6282354 
3.0 15.8282782 
3.0 20.68322865 
3.0 20.6879526 
3.0 23.80008295 
3.0 17.5573167 
3.0 16.9018122 
3.0 19.61080975 
3.0 18.68228775 
3.0 21.763672 
3.0 20.8291398 
3.0 25.3571521 
3.0 24.6903174 
3.0 23.4174724 
3.0 23.2804355 
3.0 23.35002285 
4.0 19.72137755 
4.0 18.97686595 
4.0 9.82684955 
4.0 9.8378154 
4.0 10.3820836 
4.0 9.7145902 
4.0 16.01509 
4.0 14.96303025 
4.0 21.65340765 
4.0 20.65103915 
4.0 21.08963535 
4.0 21.2076669 
4.0 22.89709275 
4.0 23.76626805 
4.0 18.1178872 
4.0 18.2774606 
4.0 17.30108205 
4.0 17.16066135 
4.0 19.9487792 
4.0 19.25903175 
4.0 17.7391606 
4.0 18.56405075 
4.0 20.9439629 
4.0 22.15950135 
4.0 20.8418518 
4.0 19.9348933 
4.0 25.0290376 
4.0 25.060049 
4.0 24.32844715 
4.0 25.51656835 
4.0 23.7273561 
4.0 23.80327005 
4.0 23.3806188 
4.0 23.8649453 
4.0 22.42870175 
4.0 23.24576345 
