# Position.Z vs. Particle Type (97 data points):
# "Particle Type" Position.Z
1.0 0.0 
1.0 0.0 
1.0 0.0 
1.0 0.0 
1.0 0.0 
1.0 0.0 
1.0 0.0 
1.0 0.0 
1.0 0.0 
1.0 2.2741768 
1.0 2.2741768 
1.0 2.2741768 
1.0 2.2741768 
1.0 2.2741768 
1.0 2.2741768 
1.0 2.2741768 
1.0 2.2741768 
1.0 2.2741768 
1.0 5.40203615 
1.0 4.9401618 
1.0 4.29534595 
1.0 4.49132355 
1.0 4.33441015 
1.0 4.4812481 
1.0 4.2978572 
1.0 4.64225685 
1.0 4.3005375 
1.0 7.39587975 
1.0 7.43203195 
1.0 6.6777494 
1.0 7.13800395 
1.0 6.85045445 
1.0 7.9317672 
1.0 6.6897285 
1.0 6.353025 
1.0 6.51013405 
2.0 8.50587255 
2.0 12.8321382 
2.0 7.76355475 
3.0 9.68642675 
3.0 8.9513844 
3.0 13.3734776 
3.0 12.20510025 
3.0 16.93912325 
3.0 10.48131805 
3.0 9.9814967 
3.0 13.92047405 
3.0 19.34015475 
3.0 19.8916893 
3.0 22.6849119 
3.0 17.09000895 
3.0 16.66910385 
3.0 17.97487545 
3.0 17.54435515 
3.0 20.3182308 
3.0 19.86826345 
3.0 24.09326745 
3.0 23.6384701 
3.0 22.44532815 
3.0 22.56370095 
3.0 22.55316315 
4.0 17.74205125 
4.0 16.74732465 
4.0 11.27225575 
4.0 10.13610955 
4.0 10.45649185 
4.0 10.12873085 
4.0 14.5630933 
4.0 14.43043035 
4.0 20.2240325 
4.0 19.53868665 
4.0 20.13695425 
4.0 20.68124485 
4.0 21.87224095 
4.0 22.6615165 
4.0 18.05377945 
4.0 16.89978675 
4.0 16.9804159 
4.0 16.5070374 
4.0 18.39194525 
4.0 17.2264183 
4.0 16.8047663 
4.0 17.40228595 
4.0 19.52334195 
4.0 20.8359347 
4.0 19.9262588 
4.0 19.0585458 
4.0 23.5803491 
4.0 25.0367418 
4.0 23.38864605 
4.0 23.84163775 
4.0 22.85886365 
4.0 22.5633625 
4.0 22.5394477 
4.0 23.29591495 
4.0 21.5938576 
4.0 22.77914415 
