# Position.Z vs. Particle Type (97 data points):
# "Particle Type" Position.Z
1.0 0.0 
1.0 0.0 
1.0 0.0 
1.0 0.0 
1.0 0.0 
1.0 0.0 
1.0 0.0 
1.0 0.0 
1.0 0.0 
1.0 2.2741768 
1.0 2.2741768 
1.0 2.2741768 
1.0 2.2741768 
1.0 2.2741768 
1.0 2.2741768 
1.0 2.2741768 
1.0 2.2741768 
1.0 2.2741768 
1.0 5.1699767 
1.0 4.365214 
1.0 4.39844335 
1.0 4.53757605 
1.0 4.21074185 
1.0 4.25081125 
1.0 4.48816795 
1.0 4.4445674 
1.0 4.6908652 
1.0 7.30519965 
1.0 7.0750932 
1.0 6.6725834 
1.0 7.54149445 
1.0 6.28187735 
1.0 7.1216362 
1.0 6.83548145 
1.0 6.25905035 
1.0 6.82290805 
2.0 8.4767956 
2.0 14.34593825 
2.0 7.9426711 
3.0 9.67499085 
3.0 9.1473627 
3.0 14.23703435 
3.0 14.5636547 
3.0 16.2917167 
3.0 10.52574705 
3.0 9.17353465 
3.0 11.1767607 
3.0 16.73072415 
3.0 16.6647285 
3.0 19.4773117 
3.0 18.28845445 
3.0 12.6067963 
3.0 20.07844335 
3.0 17.69469835 
3.0 18.6640699 
3.0 20.40311735 
3.0 22.5001833 
3.0 23.0938323 
3.0 21.26261445 
3.0 23.30481195 
3.0 21.49429765 
4.0 16.76957135 
4.0 15.37325965 
4.0 9.5979996 
4.0 10.7901703 
4.0 9.5213678 
4.0 9.79966645 
4.0 11.7206929 
4.0 10.73205945 
4.0 16.41547005 
4.0 16.77079635 
4.0 16.20657045 
4.0 16.96332645 
4.0 19.780656 
4.0 20.25700215 
4.0 18.4873997 
4.0 17.4034959 
4.0 12.15198145 
4.0 13.014162 
4.0 19.5149948 
4.0 20.98401375 
4.0 18.2506275 
4.0 17.93320585 
4.0 18.05735715 
4.0 18.8900873 
4.0 19.49516485 
4.0 20.2021519 
4.0 22.9782084 
4.0 22.759233 
4.0 22.77429735 
4.0 22.47030275 
4.0 21.35230615 
4.0 20.35834395 
4.0 22.53774075 
4.0 24.10317735 
4.0 21.23144695 
4.0 22.08880275 
