# Position.Z vs. Particle Type (97 data points):
# "Particle Type" Position.Z
1.0 0.0 
1.0 0.0 
1.0 0.0 
1.0 0.0 
1.0 0.0 
1.0 0.0 
1.0 0.0 
1.0 0.0 
1.0 0.0 
1.0 2.2741768 
1.0 2.2741768 
1.0 2.2741768 
1.0 2.2741768 
1.0 2.2741768 
1.0 2.2741768 
1.0 2.2741768 
1.0 2.2741768 
1.0 2.2741768 
1.0 5.4605411 
1.0 5.0393126 
1.0 4.2174307 
1.0 4.430916 
1.0 4.3023071 
1.0 4.415348 
1.0 4.50210495 
1.0 4.6633272 
1.0 4.49185135 
1.0 7.5852434 
1.0 7.5990299 
1.0 6.7265359 
1.0 7.26477185 
1.0 6.58187285 
1.0 7.9519699 
1.0 6.66162875 
1.0 6.2413561 
1.0 6.60872485 
2.0 8.531075 
2.0 12.03681325 
2.0 7.73175515 
3.0 9.72128255 
3.0 8.983107 
3.0 12.70497935 
3.0 11.4011674 
3.0 15.8351438 
3.0 10.18447465 
3.0 10.121335 
3.0 11.434003 
3.0 17.86148595 
3.0 18.88508475 
3.0 21.4186385 
3.0 15.78786335 
3.0 14.6139434 
3.0 17.73064475 
3.0 16.2311205 
3.0 20.37943495 
3.0 18.1644141 
3.0 23.82521085 
3.0 22.380477 
3.0 20.98523385 
3.0 21.68460735 
3.0 20.86861 
4.0 16.3680881 
4.0 14.9411297 
4.0 10.77662145 
4.0 10.0426956 
4.0 10.11327205 
4.0 10.1595256 
4.0 10.56231785 
4.0 12.0061536 
4.0 18.50182075 
4.0 17.7519398 
4.0 19.33617595 
4.0 19.4672212 
4.0 21.13373535 
4.0 21.31970925 
4.0 16.73028245 
4.0 15.53315925 
4.0 15.3826099 
4.0 14.99486485 
4.0 18.02251465 
4.0 16.92513305 
4.0 15.711885 
4.0 15.79481155 
4.0 19.49832675 
4.0 20.6886736 
4.0 18.57149455 
4.0 17.41716235 
4.0 23.9396885 
4.0 23.61325015 
4.0 21.76605585 
4.0 22.61893795 
4.0 21.6103181 
4.0 20.9509692 
4.0 21.6651309 
4.0 22.62296505 
4.0 19.8865807 
4.0 21.18045125 
