# Position.Z vs. Particle Type (97 data points):
# "Particle Type" Position.Z
1.0 0.0 
1.0 0.0 
1.0 0.0 
1.0 0.0 
1.0 0.0 
1.0 0.0 
1.0 0.0 
1.0 0.0 
1.0 0.0 
1.0 2.2741768 
1.0 2.2741768 
1.0 2.2741768 
1.0 2.2741768 
1.0 2.2741768 
1.0 2.2741768 
1.0 2.2741768 
1.0 2.2741768 
1.0 2.2741768 
1.0 5.13047465 
1.0 4.57935905 
1.0 4.2599046 
1.0 4.3724485 
1.0 4.41028385 
1.0 4.3695988 
1.0 4.38369785 
1.0 4.25220075 
1.0 4.96846595 
1.0 7.22257375 
1.0 7.76636525 
1.0 6.85040895 
1.0 7.18069065 
1.0 6.28090505 
1.0 6.764009 
1.0 6.57888035 
1.0 6.57908405 
1.0 7.0368067 
2.0 8.4759353 
2.0 16.25598905 
2.0 8.0564848 
3.0 9.64932815 
3.0 9.20312085 
3.0 16.80886375 
3.0 15.72981305 
3.0 10.6831067 
3.0 10.96571385 
3.0 9.6342078 
3.0 11.38716495 
3.0 13.29695045 
3.0 11.41858375 
3.0 20.8832897 
3.0 19.8590217 
3.0 18.75989115 
3.0 20.3015092 
3.0 20.76203675 
3.0 17.8255469 
3.0 23.55359265 
3.0 23.74936165 
3.0 22.92399795 
3.0 23.16038795 
3.0 25.11317585 
3.0 23.54632105 
4.0 10.5863821 
4.0 10.643339 
4.0 10.8747009 
4.0 10.3949692 
4.0 10.1104136 
4.0 10.1559759 
4.0 11.15647435 
4.0 11.42642515 
4.0 13.9708051 
4.0 13.1683538 
4.0 11.52701865 
4.0 12.239584 
4.0 20.52409205 
4.0 21.6981415 
4.0 20.595022 
4.0 19.0569232 
4.0 18.8958574 
4.0 19.6047271 
4.0 20.00830965 
4.0 21.06703795 
4.0 20.5073029 
4.0 20.46571695 
4.0 18.02175865 
4.0 17.54472405 
4.0 22.7037804 
4.0 23.59101465 
4.0 24.4171361 
4.0 23.50446665 
4.0 23.17787465 
4.0 23.11073905 
4.0 23.0357694 
4.0 22.49944585 
4.0 24.56370175 
4.0 26.0211868 
4.0 23.8067438 
4.0 24.2365676 
