# Position.Z vs. Particle Type (97 data points):
# "Particle Type" Position.Z
1.0 0.0 
1.0 0.0 
1.0 0.0 
1.0 0.0 
1.0 0.0 
1.0 0.0 
1.0 0.0 
1.0 0.0 
1.0 0.0 
1.0 2.2741768 
1.0 2.2741768 
1.0 2.2741768 
1.0 2.2741768 
1.0 2.2741768 
1.0 2.2741768 
1.0 2.2741768 
1.0 2.2741768 
1.0 2.2741768 
1.0 4.7972491 
1.0 4.3667869 
1.0 4.25062575 
1.0 4.4367911 
1.0 4.4222234 
1.0 4.24789995 
1.0 4.65909185 
1.0 4.23742305 
1.0 4.9929628 
1.0 6.91150075 
1.0 7.8882993 
1.0 6.9759893 
1.0 7.14023415 
1.0 6.56890955 
1.0 6.51330015 
1.0 7.0111566 
1.0 6.3455665 
1.0 6.7519137 
2.0 8.42906295 
2.0 15.88907355 
2.0 7.9316671 
3.0 9.58856815 
3.0 9.15189695 
3.0 16.9685166 
3.0 14.856541 
3.0 9.61149105 
3.0 11.65591595 
3.0 10.4564236 
3.0 14.69972315 
3.0 14.1210944 
3.0 13.12586695 
3.0 20.5746142 
3.0 19.1974447 
3.0 17.8287046 
3.0 19.94776315 
3.0 20.0410364 
3.0 16.8669592 
3.0 22.36878105 
3.0 22.73792535 
3.0 22.93046735 
3.0 22.41173585 
3.0 24.1579772 
3.0 22.7779552 
4.0 9.53037715 
4.0 10.1662652 
4.0 12.3957638 
4.0 11.4147866 
4.0 9.71831455 
4.0 10.56523195 
4.0 15.33063665 
4.0 15.14385845 
4.0 13.8810406 
4.0 14.8620122 
4.0 12.6740684 
4.0 12.48063985 
4.0 19.96869805 
4.0 20.99917575 
4.0 19.81958335 
4.0 18.29435335 
4.0 18.5386439 
4.0 18.2340592 
4.0 19.61583715 
4.0 20.91036325 
4.0 19.438965 
4.0 19.7146866 
4.0 17.2316459 
4.0 15.90892275 
4.0 21.6255795 
4.0 22.4787164 
4.0 23.274027 
4.0 22.82716415 
4.0 22.9913887 
4.0 22.66646235 
4.0 22.31186055 
4.0 21.6566644 
4.0 23.5514531 
4.0 25.0155164 
4.0 23.1839181 
4.0 23.0774635 
