# Position.Z vs. Particle Type (97 data points):
# "Particle Type" Position.Z
1.0 0.0 
1.0 0.0 
1.0 0.0 
1.0 0.0 
1.0 0.0 
1.0 0.0 
1.0 0.0 
1.0 0.0 
1.0 0.0 
1.0 2.2741768 
1.0 2.2741768 
1.0 2.2741768 
1.0 2.2741768 
1.0 2.2741768 
1.0 2.2741768 
1.0 2.2741768 
1.0 2.2741768 
1.0 2.2741768 
1.0 5.4047903 
1.0 4.4050797 
1.0 4.4792664 
1.0 4.4943213 
1.0 4.3854055 
1.0 4.3319458 
1.0 4.3562344 
1.0 4.3094317 
1.0 4.62218155 
1.0 7.05152105 
1.0 6.9478367 
1.0 6.56610465 
1.0 7.5271448 
1.0 6.32637495 
1.0 7.4475023 
1.0 6.8947263 
1.0 6.51939715 
1.0 6.77867925 
2.0 8.2913733 
2.0 13.04340695 
2.0 7.91617925 
3.0 9.4944696 
3.0 9.1156009 
3.0 13.0458293 
3.0 13.02363125 
3.0 13.63276845 
3.0 9.55292835 
3.0 9.4003329 
3.0 11.0467175 
3.0 16.5111856 
3.0 18.7377575 
3.0 19.8794659 
3.0 17.40494 
3.0 14.86173815 
3.0 15.05874685 
3.0 11.00922795 
3.0 17.1181353 
3.0 17.25354505 
3.0 22.0411198 
3.0 21.88595815 
3.0 20.978573 
3.0 21.53523645 
3.0 20.11239825 
4.0 14.58767205 
4.0 13.11081835 
4.0 9.9635158 
4.0 9.8562583 
4.0 9.60644475 
4.0 10.04734395 
4.0 11.97692405 
4.0 10.7479582 
4.0 16.62214085 
4.0 16.8399294 
4.0 19.36158805 
4.0 19.3354399 
4.0 18.99823205 
4.0 19.8519678 
4.0 17.76051375 
4.0 17.0720515 
4.0 14.2023014 
4.0 15.68169295 
4.0 15.0733128 
4.0 14.7740677 
4.0 10.92458535 
4.0 10.44488305 
4.0 16.38306915 
4.0 17.1490529 
4.0 17.55079795 
4.0 16.45738605 
4.0 21.41256705 
4.0 22.91232895 
4.0 21.20635545 
4.0 21.9347996 
4.0 21.59124765 
4.0 21.2864883 
4.0 21.37006655 
4.0 21.5004832 
4.0 19.38074075 
4.0 20.71391945 
