# Position.Z vs. Particle Type (97 data points):
# "Particle Type" Position.Z
1.0 0.0 
1.0 0.0 
1.0 0.0 
1.0 0.0 
1.0 0.0 
1.0 0.0 
1.0 0.0 
1.0 0.0 
1.0 0.0 
1.0 2.2741768 
1.0 2.2741768 
1.0 2.2741768 
1.0 2.2741768 
1.0 2.2741768 
1.0 2.2741768 
1.0 2.2741768 
1.0 2.2741768 
1.0 2.2741768 
1.0 5.5157228 
1.0 4.6927657 
1.0 4.26426455 
1.0 4.4628836 
1.0 4.1808438 
1.0 4.3459717 
1.0 4.40359115 
1.0 5.23548515 
1.0 4.49064245 
1.0 7.6309667 
1.0 7.15087625 
1.0 6.7908113 
1.0 7.244531 
1.0 6.16798035 
1.0 8.27444205 
1.0 6.5833964 
1.0 6.73210475 
1.0 6.57315435 
2.0 8.468761 
2.0 15.4412923 
2.0 7.7992775 
3.0 9.64839225 
3.0 8.9977216 
3.0 16.51091785 
3.0 14.46710615 
3.0 17.76415375 
3.0 9.72685245 
3.0 9.94443695 
3.0 15.98689365 
3.0 18.60792885 
3.0 18.65264415 
3.0 23.21312525 
3.0 19.7956654 
3.0 16.7453755 
3.0 21.76812505 
3.0 19.28946495 
3.0 20.29683845 
3.0 20.87436645 
3.0 24.35280995 
3.0 25.18998755 
3.0 23.2461012 
3.0 23.80821905 
3.0 23.5282495 
4.0 17.45531165 
4.0 16.9885527 
4.0 9.8338142 
4.0 9.00611915 
4.0 9.9491063 
4.0 9.77734275 
4.0 15.0100377 
4.0 16.3303637 
4.0 18.8960786 
4.0 19.3905313 
4.0 19.4864026 
4.0 18.3335922 
4.0 22.5262681 
4.0 23.19744875 
4.0 19.74321335 
4.0 19.09607315 
4.0 17.53346805 
4.0 17.10126985 
4.0 21.0849163 
4.0 22.61692755 
4.0 19.5720882 
4.0 18.6356072 
4.0 20.80602335 
4.0 20.9941186 
4.0 20.6531115 
4.0 20.40896025 
4.0 25.16816645 
4.0 24.55073145 
4.0 24.48765515 
4.0 25.93534825 
4.0 24.0648898 
4.0 23.1805707 
4.0 23.6486978 
4.0 23.891371 
4.0 22.59023095 
4.0 23.72160315 
