# Position.Z vs. Particle Type (97 data points):
# "Particle Type" Position.Z
1.0 0.0 
1.0 0.0 
1.0 0.0 
1.0 0.0 
1.0 0.0 
1.0 0.0 
1.0 0.0 
1.0 0.0 
1.0 0.0 
1.0 2.2741768 
1.0 2.2741768 
1.0 2.2741768 
1.0 2.2741768 
1.0 2.2741768 
1.0 2.2741768 
1.0 2.2741768 
1.0 2.2741768 
1.0 2.2741768 
1.0 5.23041925 
1.0 4.5044818 
1.0 4.42489355 
1.0 4.46462485 
1.0 4.3298115 
1.0 4.20308805 
1.0 4.473595 
1.0 4.9091553 
1.0 4.4389898 
1.0 7.15912365 
1.0 7.3294501 
1.0 6.80525265 
1.0 7.05886895 
1.0 6.3505883 
1.0 7.7741643 
1.0 6.88045715 
1.0 6.65582505 
1.0 6.6858953 
2.0 8.45527515 
2.0 12.2974502 
2.0 8.1082421 
3.0 9.65143725 
3.0 9.3276547 
3.0 12.30311425 
3.0 12.1832256 
3.0 15.185695 
3.0 10.02845165 
3.0 9.7876996 
3.0 11.815342 
3.0 15.91393335 
3.0 14.334922 
3.0 18.5752315 
3.0 16.30211555 
3.0 14.4078851 
3.0 18.90955675 
3.0 16.50832785 
3.0 17.77454805 
3.0 17.9435648 
3.0 21.5718013 
3.0 21.93559865 
3.0 19.8121756 
3.0 21.3139535 
3.0 20.45594845 
4.0 14.8439529 
4.0 15.0660139 
4.0 9.77721745 
4.0 10.07754895 
4.0 9.90745105 
4.0 10.62348245 
4.0 11.40399155 
4.0 11.07716785 
4.0 16.111382 
4.0 16.7637827 
4.0 14.8550626 
4.0 13.9705265 
4.0 18.44926965 
4.0 18.9704123 
4.0 16.12319065 
4.0 15.8505235 
4.0 14.8199863 
4.0 13.47693025 
4.0 18.3392146 
4.0 19.76374435 
4.0 17.1353399 
4.0 15.73957315 
4.0 16.9824361 
4.0 18.2926261 
4.0 17.39747905 
4.0 17.4839896 
4.0 22.06013985 
4.0 21.63499905 
4.0 21.3815504 
4.0 22.77487975 
4.0 19.50947775 
4.0 19.4516665 
4.0 21.02659195 
4.0 21.7325486 
4.0 19.6688786 
4.0 20.72371595 
