# Position.Z vs. Particle Type (97 data points):
# "Particle Type" Position.Z
1.0 0.0 
1.0 0.0 
1.0 0.0 
1.0 0.0 
1.0 0.0 
1.0 0.0 
1.0 0.0 
1.0 0.0 
1.0 0.0 
1.0 2.2741768 
1.0 2.2741768 
1.0 2.2741768 
1.0 2.2741768 
1.0 2.2741768 
1.0 2.2741768 
1.0 2.2741768 
1.0 2.2741768 
1.0 2.2741768 
1.0 5.3229855 
1.0 4.25922595 
1.0 4.3750007 
1.0 4.34559195 
1.0 4.25515335 
1.0 4.22092055 
1.0 4.41782145 
1.0 4.544708 
1.0 4.4178344 
1.0 7.15547805 
1.0 6.8717628 
1.0 6.61899105 
1.0 7.5786522 
1.0 6.1120115 
1.0 7.3047954 
1.0 6.71670335 
1.0 6.3929537 
1.0 6.75685465 
2.0 8.35196705 
2.0 12.73996535 
2.0 7.86773645 
3.0 9.5336577 
3.0 9.03440195 
3.0 12.96080135 
3.0 12.5268969 
3.0 13.6669575 
3.0 9.59095375 
3.0 9.2109248 
3.0 11.4232622 
3.0 16.1470988 
3.0 18.45212355 
3.0 19.95927045 
3.0 17.68348155 
3.0 15.5794849 
3.0 15.16433765 
3.0 11.01486715 
3.0 17.11881255 
3.0 16.3791768 
3.0 21.0490672 
3.0 21.58876475 
3.0 20.39545375 
3.0 21.61227495 
3.0 20.64550705 
4.0 14.4332972 
4.0 13.04221205 
4.0 10.1068646 
4.0 10.1884727 
4.0 9.16330835 
4.0 9.76306625 
4.0 12.09696565 
4.0 11.7615043 
4.0 16.02974135 
4.0 16.105005 
4.0 18.819073 
4.0 19.1537073 
4.0 18.9943754 
4.0 20.03235885 
4.0 17.9155907 
4.0 17.1673166 
4.0 14.7882756 
4.0 16.1820141 
4.0 15.13173305 
4.0 14.4086019 
4.0 10.5865711 
4.0 10.5832832 
4.0 16.4241833 
4.0 17.48923925 
4.0 17.1981971 
4.0 16.4418464 
4.0 20.616435 
4.0 21.82458565 
4.0 21.21785645 
4.0 21.39069275 
4.0 20.9179992 
4.0 20.55516505 
4.0 21.1101142 
4.0 21.14377125 
4.0 19.81342545 
4.0 21.2543786 
