# Position.Z vs. Particle Type (97 data points):
# "Particle Type" Position.Z
1.0 0.0 
1.0 0.0 
1.0 0.0 
1.0 0.0 
1.0 0.0 
1.0 0.0 
1.0 0.0 
1.0 0.0 
1.0 0.0 
1.0 2.2741768 
1.0 2.2741768 
1.0 2.2741768 
1.0 2.2741768 
1.0 2.2741768 
1.0 2.2741768 
1.0 2.2741768 
1.0 2.2741768 
1.0 2.2741768 
1.0 5.41669695 
1.0 4.6667929 
1.0 4.30132535 
1.0 4.5627288 
1.0 4.47466005 
1.0 4.2249648 
1.0 4.38497255 
1.0 4.8767817 
1.0 4.3686594 
1.0 7.07502915 
1.0 7.4803176 
1.0 6.62042885 
1.0 7.70830445 
1.0 6.26777725 
1.0 8.05348985 
1.0 6.82324825 
1.0 6.6025589 
1.0 6.77140695 
2.0 8.5123507 
2.0 12.3619797 
2.0 7.7117131 
3.0 9.65028715 
3.0 8.89962395 
3.0 12.56005695 
3.0 12.1122708 
3.0 14.99902285 
3.0 10.1918537 
3.0 10.05059475 
3.0 11.61511295 
3.0 16.8004354 
3.0 16.1554862 
3.0 18.81948775 
3.0 17.1832444 
3.0 14.7989716 
3.0 19.5378148 
3.0 16.1570486 
3.0 17.9917724 
3.0 19.3365487 
3.0 22.00942065 
3.0 20.3512393 
3.0 19.8114763 
3.0 22.3481321 
3.0 21.4142243 
4.0 15.05457345 
4.0 14.8273041 
4.0 10.28189505 
4.0 9.9097068 
4.0 10.6617525 
4.0 10.2019953 
4.0 11.15121245 
4.0 12.0261148 
4.0 16.830345 
4.0 17.49060355 
4.0 16.4535525 
4.0 16.31543865 
4.0 19.22510275 
4.0 19.5819708 
4.0 16.82027655 
4.0 16.59144095 
4.0 15.2132743 
4.0 13.85456135 
4.0 18.85944445 
4.0 20.3994672 
4.0 16.78830475 
4.0 15.4124621 
4.0 17.0814196 
4.0 18.10469185 
4.0 18.46481595 
4.0 19.2721634 
4.0 22.3880251 
4.0 21.4170901 
4.0 21.00289065 
4.0 20.39030805 
4.0 19.63978135 
4.0 19.13626295 
4.0 21.5700121 
4.0 22.90337805 
4.0 20.90327015 
4.0 22.0586177 
