# Position.Z vs. Particle Type (97 data points):
# "Particle Type" Position.Z
1.0 0.0 
1.0 0.0 
1.0 0.0 
1.0 0.0 
1.0 0.0 
1.0 0.0 
1.0 0.0 
1.0 0.0 
1.0 0.0 
1.0 2.2741768 
1.0 2.2741768 
1.0 2.2741768 
1.0 2.2741768 
1.0 2.2741768 
1.0 2.2741768 
1.0 2.2741768 
1.0 2.2741768 
1.0 2.2741768 
1.0 5.4249762 
1.0 4.61116565 
1.0 4.27101605 
1.0 4.3602279 
1.0 4.4126866 
1.0 4.38810435 
1.0 4.38338285 
1.0 5.0897476 
1.0 4.3214962 
1.0 7.31051055 
1.0 7.38485405 
1.0 6.85154295 
1.0 7.22143415 
1.0 6.40234 
1.0 7.88290475 
1.0 6.7385066 
1.0 6.8910779 
1.0 6.68171245 
2.0 8.52510295 
2.0 15.4103439 
2.0 7.7446355 
3.0 9.7456555 
3.0 8.93717615 
3.0 16.4696084 
3.0 14.40360285 
3.0 17.29602735 
3.0 9.5706702 
3.0 9.89241155 
3.0 15.4577619 
3.0 18.54441295 
3.0 19.23597095 
3.0 23.5865861 
3.0 19.10616785 
3.0 17.0627471 
3.0 21.48986875 
3.0 19.93521705 
3.0 20.96469515 
3.0 21.07428155 
3.0 24.42142395 
3.0 25.56356565 
3.0 23.48106915 
3.0 23.60688785 
3.0 24.05722165 
4.0 17.609354 
4.0 16.51881945 
4.0 9.4578988 
4.0 9.93056015 
4.0 9.62997175 
4.0 10.33407585 
4.0 14.52613925 
4.0 15.9282578 
4.0 18.477942 
4.0 19.4697209 
4.0 19.8007628 
4.0 18.4377319 
4.0 22.7375505 
4.0 24.0777383 
4.0 19.5077708 
4.0 18.63617315 
4.0 17.56680555 
4.0 17.6986068 
4.0 20.7400844 
4.0 22.2935286 
4.0 20.2449681 
4.0 19.00686585 
4.0 21.19083995 
4.0 21.8264984 
4.0 21.00690305 
4.0 20.7729627 
4.0 24.64874405 
4.0 24.75464425 
4.0 24.96845925 
4.0 26.4259856 
4.0 24.41992035 
4.0 23.44098715 
4.0 23.7254024 
4.0 24.0845115 
4.0 23.06815105 
4.0 24.1111934 
