# Position.Z vs. Particle Type (97 data points):
# "Particle Type" Position.Z
1.0 0.0 
1.0 0.0 
1.0 0.0 
1.0 0.0 
1.0 0.0 
1.0 0.0 
1.0 0.0 
1.0 0.0 
1.0 0.0 
1.0 2.2741768 
1.0 2.2741768 
1.0 2.2741768 
1.0 2.2741768 
1.0 2.2741768 
1.0 2.2741768 
1.0 2.2741768 
1.0 2.2741768 
1.0 2.2741768 
1.0 5.4294142 
1.0 4.5680971 
1.0 4.4102786 
1.0 4.46604655 
1.0 4.28152795 
1.0 4.23158155 
1.0 4.49286145 
1.0 5.07453205 
1.0 4.5498397 
1.0 7.2894171 
1.0 7.2388799 
1.0 6.7946333 
1.0 7.43723015 
1.0 6.3343987 
1.0 8.0976259 
1.0 6.8483296 
1.0 6.56423845 
1.0 6.6390401 
2.0 8.60412315 
2.0 15.10224415 
2.0 7.92638945 
3.0 9.83663135 
3.0 9.09955305 
3.0 16.2465786 
3.0 13.9862121 
3.0 18.39709795 
3.0 9.80811965 
3.0 9.93793185 
3.0 15.7616214 
3.0 18.7267899 
3.0 18.68624835 
3.0 22.83772295 
3.0 19.23495175 
3.0 16.6516679 
3.0 21.3025414 
3.0 19.76917565 
3.0 20.6287431 
3.0 20.6176208 
3.0 24.50466935 
3.0 24.61381615 
3.0 23.1929306 
3.0 24.2315101 
3.0 23.08649315 
4.0 18.23783395 
4.0 17.53529085 
4.0 9.65334335 
4.0 10.44649095 
4.0 10.0358174 
4.0 9.7257195 
4.0 15.8385843 
4.0 15.94508895 
4.0 18.8680716 
4.0 19.58723515 
4.0 19.1330531 
4.0 18.71940105 
4.0 22.4652673 
4.0 22.9402579 
4.0 19.52020105 
4.0 19.313105 
4.0 17.36773395 
4.0 16.70030775 
4.0 20.62402825 
4.0 21.9524039 
4.0 20.1901707 
4.0 18.8835388 
4.0 20.7929806 
4.0 21.54906985 
4.0 20.38993705 
4.0 20.1681816 
4.0 24.4846007 
4.0 24.56637295 
4.0 23.9789179 
4.0 25.46290215 
4.0 24.0239699 
4.0 23.0554401 
4.0 23.84943155 
4.0 24.6847356 
4.0 22.19353185 
4.0 23.37424845 
