# Position.Z vs. Particle Type (97 data points):
# "Particle Type" Position.Z
1.0 0.0 
1.0 0.0 
1.0 0.0 
1.0 0.0 
1.0 0.0 
1.0 0.0 
1.0 0.0 
1.0 0.0 
1.0 0.0 
1.0 2.2741768 
1.0 2.2741768 
1.0 2.2741768 
1.0 2.2741768 
1.0 2.2741768 
1.0 2.2741768 
1.0 2.2741768 
1.0 2.2741768 
1.0 2.2741768 
1.0 5.3100761 
1.0 4.4354688 
1.0 4.409832 
1.0 4.31303565 
1.0 4.4783438 
1.0 4.3056727 
1.0 4.30299625 
1.0 4.60599545 
1.0 4.9787311 
1.0 7.34146245 
1.0 7.63583555 
1.0 6.6982944 
1.0 6.884409 
1.0 6.6018715 
1.0 7.43075025 
1.0 6.9884276 
1.0 6.44544215 
1.0 6.67600045 
2.0 8.39899725 
2.0 11.96960975 
2.0 7.9953342 
3.0 9.58646885 
3.0 9.23464605 
3.0 13.06373915 
3.0 10.8457951 
3.0 14.7698082 
3.0 10.7836134 
3.0 9.468655 
3.0 11.52318125 
3.0 16.3051329 
3.0 18.51750705 
3.0 21.3750985 
3.0 15.96103565 
3.0 15.67806345 
3.0 16.1647374 
3.0 13.2324892 
3.0 18.1840638 
3.0 18.25169185 
3.0 22.8187547 
3.0 21.9377235 
3.0 20.80149155 
3.0 21.1029084 
3.0 21.3111297 
4.0 15.08636955 
4.0 14.39818065 
4.0 10.5451311 
4.0 10.6869581 
4.0 9.86664875 
4.0 10.1636409 
4.0 11.59422005 
4.0 11.04779585 
4.0 16.3626344 
4.0 17.06759635 
4.0 18.8272091 
4.0 19.24107325 
4.0 20.39063775 
4.0 21.53037565 
4.0 16.83290875 
4.0 15.9779256 
4.0 14.82263265 
4.0 15.84470755 
4.0 16.03510545 
4.0 15.46613215 
4.0 13.31820665 
4.0 13.672918 
4.0 17.4655075 
4.0 17.95118255 
4.0 18.43769865 
4.0 17.4431292 
4.0 22.27163995 
4.0 23.6486894 
4.0 21.78040445 
4.0 22.30583985 
4.0 21.38841565 
4.0 21.26243665 
4.0 20.87656655 
4.0 21.5850397 
4.0 20.36967065 
4.0 21.2803262 
