# Position.Z vs. Particle Type (97 data points):
# "Particle Type" Position.Z
1.0 0.0 
1.0 0.0 
1.0 0.0 
1.0 0.0 
1.0 0.0 
1.0 0.0 
1.0 0.0 
1.0 0.0 
1.0 0.0 
1.0 2.2741768 
1.0 2.2741768 
1.0 2.2741768 
1.0 2.2741768 
1.0 2.2741768 
1.0 2.2741768 
1.0 2.2741768 
1.0 2.2741768 
1.0 2.2741768 
1.0 5.35651585 
1.0 4.5250247 
1.0 4.263756 
1.0 4.28353275 
1.0 4.2648655 
1.0 4.23259375 
1.0 4.507902 
1.0 5.1610699 
1.0 4.34691705 
1.0 7.24997945 
1.0 7.28826175 
1.0 6.54807055 
1.0 7.2305415 
1.0 6.32517305 
1.0 8.17357415 
1.0 6.7637017 
1.0 6.6738595 
1.0 6.75424225 
2.0 8.43481695 
2.0 13.22353655 
2.0 7.81818765 
3.0 9.6490485 
3.0 9.00018035 
3.0 12.70264695 
3.0 13.82467415 
3.0 16.99592195 
3.0 10.2314492 
3.0 10.28556795 
3.0 10.9410791 
3.0 16.30859965 
3.0 18.05676635 
3.0 20.5473898 
3.0 19.3829174 
3.0 13.86220745 
3.0 21.7538951 
3.0 19.6208215 
3.0 19.72801495 
3.0 21.99770895 
3.0 23.73489125 
3.0 24.204026 
3.0 22.0604167 
3.0 24.16105335 
3.0 23.27075625 
4.0 17.39218565 
4.0 16.08229035 
4.0 9.3541259 
4.0 10.7072287 
4.0 10.4357421 
4.0 10.7340912 
4.0 10.76606545 
4.0 10.27130195 
4.0 15.31816265 
4.0 16.45706335 
4.0 17.5540694 
4.0 18.53231835 
4.0 20.67286655 
4.0 21.46088805 
4.0 19.3716551 
4.0 18.6321149 
4.0 14.14627655 
4.0 12.89804145 
4.0 21.16810535 
4.0 22.55734565 
4.0 19.8446262 
4.0 19.62362955 
4.0 19.18309225 
4.0 19.91102855 
4.0 21.3408363 
4.0 21.64937285 
4.0 23.96384865 
4.0 23.9838095 
4.0 24.17843575 
4.0 23.3477951 
4.0 21.957453 
4.0 21.34409865 
4.0 23.66539035 
4.0 25.0619565 
4.0 23.2263311 
4.0 23.731547 
