# Position.Z vs. Particle Type (97 data points):
# "Particle Type" Position.Z
1.0 0.0 
1.0 0.0 
1.0 0.0 
1.0 0.0 
1.0 0.0 
1.0 0.0 
1.0 0.0 
1.0 0.0 
1.0 0.0 
1.0 2.2741768 
1.0 2.2741768 
1.0 2.2741768 
1.0 2.2741768 
1.0 2.2741768 
1.0 2.2741768 
1.0 2.2741768 
1.0 2.2741768 
1.0 2.2741768 
1.0 5.2836868 
1.0 4.30298015 
1.0 4.20667975 
1.0 4.51788225 
1.0 4.3127728 
1.0 4.29165555 
1.0 4.52571665 
1.0 4.58118045 
1.0 4.9386925 
1.0 7.3806215 
1.0 7.4330298 
1.0 6.774509 
1.0 6.6595914 
1.0 6.22907145 
1.0 7.8195418 
1.0 6.7472993 
1.0 6.3796803 
1.0 6.9246478 
2.0 8.4251874 
2.0 11.61477065 
2.0 7.86980075 
3.0 9.55557435 
3.0 9.07704385 
3.0 12.42653755 
3.0 10.8877286 
3.0 14.79155055 
3.0 10.0876979 
3.0 9.7050611 
3.0 11.51007725 
3.0 16.62989825 
3.0 18.67933585 
3.0 20.87598135 
3.0 16.23968395 
3.0 16.3779665 
3.0 15.9923176 
3.0 13.8410188 
3.0 18.629653 
3.0 18.4833327 
3.0 22.7893932 
3.0 22.06558305 
3.0 20.8484206 
3.0 21.48904905 
3.0 20.8879027 
4.0 15.5685488 
4.0 14.6344527 
4.0 9.96346085 
4.0 9.41952165 
4.0 9.8841799 
4.0 10.50107345 
4.0 12.35639825 
4.0 10.8121167 
4.0 16.1058926 
4.0 17.4512303 
4.0 18.946032 
4.0 19.4373522 
4.0 20.0723271 
4.0 20.84400745 
4.0 17.09883315 
4.0 16.49247425 
4.0 15.6425598 
4.0 16.23775125 
4.0 16.09603135 
4.0 15.0515134 
4.0 12.89021405 
4.0 14.17137715 
4.0 17.76215175 
4.0 18.5453737 
4.0 18.4407111 
4.0 17.71300195 
4.0 22.09915295 
4.0 23.34329025 
4.0 21.66727885 
4.0 21.78779295 
4.0 21.56644805 
4.0 20.84941565 
4.0 21.44418325 
4.0 22.23415355 
4.0 20.1481217 
4.0 21.15365315 
