# Position.Z vs. Particle Type (97 data points):
# "Particle Type" Position.Z
1.0 0.0 
1.0 0.0 
1.0 0.0 
1.0 0.0 
1.0 0.0 
1.0 0.0 
1.0 0.0 
1.0 0.0 
1.0 0.0 
1.0 2.2741768 
1.0 2.2741768 
1.0 2.2741768 
1.0 2.2741768 
1.0 2.2741768 
1.0 2.2741768 
1.0 2.2741768 
1.0 2.2741768 
1.0 2.2741768 
1.0 5.44898795 
1.0 4.8629721 
1.0 4.2500983 
1.0 4.3299032 
1.0 4.38627245 
1.0 4.39874435 
1.0 4.40182085 
1.0 4.68615805 
1.0 4.36977835 
1.0 7.3143196 
1.0 7.4058495 
1.0 6.4573852 
1.0 7.08238615 
1.0 6.47143875 
1.0 7.9838458 
1.0 6.59452955 
1.0 6.31755495 
1.0 6.5837065 
2.0 8.3597276 
2.0 13.00032825 
2.0 7.8452724 
3.0 9.54506455 
3.0 9.04835435 
3.0 13.1768427 
3.0 12.8169594 
3.0 11.8822228 
3.0 10.56208195 
3.0 10.05319945 
3.0 9.4032855 
3.0 12.94920725 
3.0 14.4072075 
3.0 16.088093 
3.0 16.5359775 
3.0 11.75298425 
3.0 17.0401147 
3.0 15.3357225 
3.0 16.4086496 
3.0 17.77348755 
3.0 19.6522907 
3.0 19.557293 
3.0 19.0688652 
3.0 20.29190765 
3.0 18.869662 
4.0 12.4994023 
4.0 11.42766415 
4.0 9.68668785 
4.0 10.9771739 
4.0 10.40097345 
4.0 10.4217316 
4.0 9.00467435 
4.0 9.56999785 
4.0 12.5225989 
4.0 13.35107655 
4.0 14.17864805 
4.0 14.76385645 
4.0 16.12408315 
4.0 16.97634785 
4.0 17.5046942 
4.0 16.40018065 
4.0 10.8419122 
4.0 12.28101245 
4.0 16.7068384 
4.0 18.05478465 
4.0 15.56830695 
4.0 15.54890715 
4.0 15.77773155 
4.0 16.32861195 
4.0 16.9382605 
4.0 17.5190484 
4.0 20.1131133 
4.0 19.69028565 
4.0 19.46424935 
4.0 19.70372425 
4.0 19.04710115 
4.0 18.09745455 
4.0 19.90840845 
4.0 21.20352185 
4.0 18.62412755 
4.0 19.47588405 
