# Position.Z vs. Particle Type (97 data points):
# "Particle Type" Position.Z
1.0 0.0 
1.0 0.0 
1.0 0.0 
1.0 0.0 
1.0 0.0 
1.0 0.0 
1.0 0.0 
1.0 0.0 
1.0 0.0 
1.0 2.2741768 
1.0 2.2741768 
1.0 2.2741768 
1.0 2.2741768 
1.0 2.2741768 
1.0 2.2741768 
1.0 2.2741768 
1.0 2.2741768 
1.0 2.2741768 
1.0 5.1603531 
1.0 4.3766961 
1.0 4.2709898 
1.0 4.28684095 
1.0 4.35669815 
1.0 4.34035455 
1.0 4.47971965 
1.0 4.4352609 
1.0 4.39327875 
1.0 6.73521695 
1.0 6.7196871 
1.0 6.69844525 
1.0 7.1743497 
1.0 6.31737225 
1.0 7.5875618 
1.0 6.69251065 
1.0 6.45692215 
1.0 6.385841 
2.0 8.1228882 
2.0 12.62304645 
2.0 7.752675 
3.0 9.37125665 
3.0 8.9331424 
3.0 11.6210626 
3.0 13.55889815 
3.0 13.8440967 
3.0 9.72156255 
3.0 9.74504895 
3.0 11.63554315 
3.0 17.0021593 
3.0 16.82525705 
3.0 19.9584133 
3.0 16.65838195 
3.0 14.92430555 
3.0 13.44214865 
3.0 12.041939 
3.0 15.0848334 
3.0 16.737112 
3.0 21.5226011 
3.0 19.8336971 
3.0 20.7455038 
3.0 19.4035324 
3.0 19.49883705 
4.0 14.1574958 
4.0 13.35354265 
4.0 9.50466125 
4.0 9.2578899 
4.0 9.94914515 
4.0 10.4351492 
4.0 12.3324978 
4.0 11.24625075 
4.0 16.43363295 
4.0 16.5956651 
4.0 16.98419485 
4.0 17.6886997 
4.0 19.1053142 
4.0 19.6852334 
4.0 16.49246165 
4.0 16.9562113 
4.0 14.65131535 
4.0 15.52125085 
4.0 13.7906405 
4.0 12.675341 
4.0 11.0695606 
4.0 12.34752015 
4.0 15.59069785 
4.0 14.96919095 
4.0 16.30382565 
4.0 17.68059335 
4.0 20.9937231 
4.0 22.44475065 
4.0 20.0052041 
4.0 20.4191799 
4.0 20.4344483 
4.0 20.5438422 
4.0 19.7986873 
4.0 19.9237437 
4.0 18.5292296 
4.0 19.5419532 
