# Position.Z vs. Particle Type (97 data points):
# "Particle Type" Position.Z
1.0 0.0 
1.0 0.0 
1.0 0.0 
1.0 0.0 
1.0 0.0 
1.0 0.0 
1.0 0.0 
1.0 0.0 
1.0 0.0 
1.0 2.2741768 
1.0 2.2741768 
1.0 2.2741768 
1.0 2.2741768 
1.0 2.2741768 
1.0 2.2741768 
1.0 2.2741768 
1.0 2.2741768 
1.0 2.2741768 
1.0 5.2880499 
1.0 4.43185925 
1.0 4.2506457 
1.0 4.2621019 
1.0 4.28716015 
1.0 4.2343889 
1.0 4.6249518 
1.0 4.5095372 
1.0 4.43361345 
1.0 7.12137405 
1.0 6.9371358 
1.0 6.76081175 
1.0 7.37359 
1.0 6.3075299 
1.0 7.6546701 
1.0 6.6609438 
1.0 6.2683824 
1.0 6.55149285 
2.0 8.39705685 
2.0 13.57324815 
2.0 7.7913857 
3.0 9.6160393 
3.0 8.9984209 
3.0 14.0522011 
3.0 13.11586045 
3.0 16.66731045 
3.0 11.30907225 
3.0 9.7126064 
3.0 10.59902655 
3.0 17.9067735 
3.0 18.01608725 
3.0 20.1446504 
3.0 18.8647347 
3.0 13.15103195 
3.0 21.0060347 
3.0 17.98290235 
3.0 19.21565975 
3.0 20.97538905 
3.0 23.4873247 
3.0 22.59163235 
3.0 21.6511274 
3.0 23.67477175 
3.0 22.09678625 
4.0 16.9609713 
4.0 15.99606995 
4.0 10.7611805 
4.0 10.7593815 
4.0 10.10887815 
4.0 10.00695745 
4.0 10.95572905 
4.0 10.18453415 
4.0 18.8602743 
4.0 17.5875959 
4.0 17.76261795 
4.0 17.85413455 
4.0 20.54967285 
4.0 20.7761722 
4.0 18.6085788 
4.0 18.0197906 
4.0 12.91461325 
4.0 12.9297308 
4.0 20.3152565 
4.0 21.8971487 
4.0 18.8417586 
4.0 18.14882965 
4.0 18.476724 
4.0 19.5569528 
4.0 20.11551955 
4.0 20.90479755 
4.0 24.17052925 
4.0 23.2279838 
4.0 22.40683795 
4.0 22.46447455 
4.0 21.61697475 
4.0 20.7587051 
4.0 22.94499375 
4.0 23.78255495 
4.0 21.5684742 
4.0 22.7918075 
