# Position.Z vs. Particle Type (97 data points):
# "Particle Type" Position.Z
1.0 0.0 
1.0 0.0 
1.0 0.0 
1.0 0.0 
1.0 0.0 
1.0 0.0 
1.0 0.0 
1.0 0.0 
1.0 0.0 
1.0 2.2741768 
1.0 2.2741768 
1.0 2.2741768 
1.0 2.2741768 
1.0 2.2741768 
1.0 2.2741768 
1.0 2.2741768 
1.0 2.2741768 
1.0 2.2741768 
1.0 5.6286867 
1.0 4.6338726 
1.0 4.3274196 
1.0 4.4312149 
1.0 4.3557759 
1.0 4.3113756 
1.0 4.47501985 
1.0 4.72252025 
1.0 4.5185357 
1.0 7.15618365 
1.0 7.02050405 
1.0 6.6520342 
1.0 7.5700058 
1.0 6.3405321 
1.0 8.07314235 
1.0 6.6903879 
1.0 6.6697071 
1.0 6.72639415 
2.0 8.49089745 
2.0 12.9624278 
2.0 7.77253715 
3.0 9.65906235 
3.0 8.9609247 
3.0 12.46613445 
3.0 13.4687315 
3.0 14.19171005 
3.0 9.71110875 
3.0 9.9874887 
3.0 11.29017155 
3.0 15.79018735 
3.0 16.27559815 
3.0 17.9881457 
3.0 16.10426195 
3.0 14.4593106 
3.0 18.651409 
3.0 16.22070485 
3.0 16.98705785 
3.0 19.1034865 
3.0 21.2952502 
3.0 21.28486045 
3.0 19.3890116 
3.0 21.3365173 
3.0 20.26357585 
4.0 13.41320505 
4.0 14.50051435 
4.0 8.7629255 
4.0 9.7636735 
4.0 10.1156307 
4.0 10.6323665 
4.0 10.73814105 
4.0 11.16230675 
4.0 15.931517 
4.0 16.62381525 
4.0 16.23535095 
4.0 16.4434669 
4.0 18.21893045 
4.0 18.81528355 
4.0 16.04267455 
4.0 15.7566752 
4.0 14.76086605 
4.0 13.51004865 
4.0 17.8440969 
4.0 19.4556124 
4.0 16.46634955 
4.0 15.57112865 
4.0 16.0212948 
4.0 17.3763058 
4.0 18.24024125 
4.0 18.88228125 
4.0 21.70786765 
4.0 21.14624155 
4.0 21.0335678 
4.0 20.57736905 
4.0 19.30428605 
4.0 18.50178645 
4.0 20.6744377 
4.0 21.8826391 
4.0 20.22957125 
4.0 20.7854094 
