# Position.Z vs. Particle Type (97 data points):
# "Particle Type" Position.Z
1.0 0.0 
1.0 0.0 
1.0 0.0 
1.0 0.0 
1.0 0.0 
1.0 0.0 
1.0 0.0 
1.0 0.0 
1.0 0.0 
1.0 2.2741768 
1.0 2.2741768 
1.0 2.2741768 
1.0 2.2741768 
1.0 2.2741768 
1.0 2.2741768 
1.0 2.2741768 
1.0 2.2741768 
1.0 2.2741768 
1.0 5.5993406 
1.0 4.61979245 
1.0 4.1995611 
1.0 4.38455955 
1.0 4.37307885 
1.0 4.3342964 
1.0 4.4558248 
1.0 4.8168008 
1.0 4.31367265 
1.0 7.148092 
1.0 7.2645433 
1.0 6.6870167 
1.0 7.2864197 
1.0 6.104203 
1.0 8.1462122 
1.0 6.86716345 
1.0 6.5862881 
1.0 6.5721768 
2.0 8.30178825 
2.0 13.15152055 
2.0 7.9796787 
3.0 9.5302963 
3.0 9.18262975 
3.0 12.9064397 
3.0 13.3902307 
3.0 14.48531875 
3.0 10.62677805 
3.0 10.1936254 
3.0 11.50933875 
3.0 16.41551765 
3.0 15.6077145 
3.0 18.7027225 
3.0 16.18060675 
3.0 14.6024774 
3.0 19.03394675 
3.0 16.64429235 
3.0 17.25085285 
3.0 18.9516838 
3.0 21.4115027 
3.0 20.5643214 
3.0 19.5878039 
3.0 22.28372195 
3.0 20.6574165 
4.0 13.9053747 
4.0 14.3788757 
4.0 9.7815816 
4.0 10.58530235 
4.0 10.60960355 
4.0 10.6379735 
4.0 11.16397695 
4.0 10.77166195 
4.0 16.495031 
4.0 17.1375379 
4.0 16.1362306 
4.0 16.12640085 
4.0 18.90204505 
4.0 19.55322145 
4.0 16.08951575 
4.0 15.7827684 
4.0 15.06054725 
4.0 13.6931837 
4.0 18.30140025 
4.0 19.7875447 
4.0 16.83424365 
4.0 15.804873 
4.0 16.4365915 
4.0 17.62450375 
4.0 18.1435331 
4.0 19.1630614 
4.0 21.96982445 
4.0 21.42807485 
4.0 20.7627875 
4.0 20.1766243 
4.0 19.21004295 
4.0 18.84254015 
4.0 21.3437539 
4.0 22.7989132 
4.0 20.15464185 
4.0 21.31066035 
