# Position.Z vs. Particle Type (97 data points):
# "Particle Type" Position.Z
1.0 0.0 
1.0 0.0 
1.0 0.0 
1.0 0.0 
1.0 0.0 
1.0 0.0 
1.0 0.0 
1.0 0.0 
1.0 0.0 
1.0 2.2741768 
1.0 2.2741768 
1.0 2.2741768 
1.0 2.2741768 
1.0 2.2741768 
1.0 2.2741768 
1.0 2.2741768 
1.0 2.2741768 
1.0 2.2741768 
1.0 4.83194635 
1.0 4.2556444 
1.0 4.2527212 
1.0 4.4943465 
1.0 4.4253433 
1.0 4.3820063 
1.0 4.47112155 
1.0 4.41813155 
1.0 4.7962761 
1.0 7.3234973 
1.0 7.8168055 
1.0 6.68486035 
1.0 7.17387965 
1.0 6.3593033 
1.0 6.70129285 
1.0 6.89194345 
1.0 6.40476375 
1.0 6.7762814 
2.0 8.71095295 
2.0 16.2470882 
2.0 7.8250543 
3.0 9.8767354 
3.0 9.0143753 
3.0 15.6899575 
3.0 16.82023035 
3.0 9.13099775 
3.0 10.6127007 
3.0 9.8765968 
3.0 10.78832335 
3.0 13.1045677 
3.0 10.83832925 
3.0 20.8293778 
3.0 20.24327655 
3.0 19.12121085 
3.0 20.21794075 
3.0 19.6728875 
3.0 19.5784022 
3.0 22.38094565 
3.0 23.30349245 
3.0 23.2187305 
3.0 22.77534 
3.0 24.5765156 
3.0 23.15119415 
4.0 9.5696979 
4.0 9.73591045 
4.0 11.0761294 
4.0 9.88182895 
4.0 9.48421285 
4.0 10.51959335 
4.0 10.17614395 
4.0 11.50217495 
4.0 12.1482368 
4.0 13.1433106 
4.0 11.13278705 
4.0 9.92732685 
4.0 20.29288065 
4.0 21.6607111 
4.0 21.21084525 
4.0 20.05960705 
4.0 18.5395175 
4.0 19.16164565 
4.0 20.1613874 
4.0 21.1528891 
4.0 20.035596 
4.0 19.5038683 
4.0 19.2725323 
4.0 18.8476232 
4.0 21.4392241 
4.0 22.8008543 
4.0 23.90900925 
4.0 23.3069445 
4.0 23.13198335 
4.0 23.225041 
4.0 22.30945465 
4.0 22.06147615 
4.0 23.9537074 
4.0 25.42683325 
4.0 22.98328865 
4.0 23.9674638 
