# Position.Z vs. Particle Type (97 data points):
# "Particle Type" Position.Z
1.0 0.0 
1.0 0.0 
1.0 0.0 
1.0 0.0 
1.0 0.0 
1.0 0.0 
1.0 0.0 
1.0 0.0 
1.0 0.0 
1.0 2.2741768 
1.0 2.2741768 
1.0 2.2741768 
1.0 2.2741768 
1.0 2.2741768 
1.0 2.2741768 
1.0 2.2741768 
1.0 2.2741768 
1.0 2.2741768 
1.0 5.08753595 
1.0 4.59311475 
1.0 4.3976156 
1.0 4.50198525 
1.0 4.2666428 
1.0 4.13768705 
1.0 4.41152425 
1.0 4.8987309 
1.0 4.5124135 
1.0 7.03317755 
1.0 7.38109995 
1.0 6.5373847 
1.0 7.2987383 
1.0 6.3121653 
1.0 7.66272045 
1.0 6.76155515 
1.0 6.3585235 
1.0 6.70648825 
2.0 8.3672197 
2.0 15.2424524 
2.0 7.95928455 
3.0 9.5829818 
3.0 9.16971755 
3.0 16.3327374 
3.0 14.1354318 
3.0 17.2537498 
3.0 10.1085509 
3.0 9.96533335 
3.0 15.58929785 
3.0 18.68468105 
3.0 19.3668622 
3.0 23.7068594 
3.0 19.16773285 
3.0 17.39293115 
3.0 21.9614675 
3.0 19.92216905 
3.0 21.4150111 
3.0 20.9371953 
3.0 25.47484345 
3.0 24.8863958 
3.0 23.96567425 
3.0 23.6341028 
3.0 23.6201686 
4.0 17.1845989 
4.0 16.3321872 
4.0 10.89041765 
4.0 9.33885785 
4.0 10.3005973 
4.0 10.5358792 
4.0 14.63749875 
4.0 15.912519 
4.0 18.862669 
4.0 19.576137 
4.0 20.06551715 
4.0 18.9682549 
4.0 23.0226654 
4.0 23.7418713 
4.0 19.33941765 
4.0 18.8473033 
4.0 17.6859529 
4.0 17.8072839 
4.0 21.1394211 
4.0 22.66953885 
4.0 20.4493744 
4.0 19.29073895 
4.0 21.7066486 
4.0 22.16218725 
4.0 21.0035854 
4.0 20.5671109 
4.0 25.15459835 
4.0 25.5274789 
4.0 24.30037855 
4.0 25.7800165 
4.0 24.6509151 
4.0 23.83536365 
4.0 23.64290845 
4.0 24.4096489 
4.0 22.6743202 
4.0 23.65949215 
