# Position.Z vs. Particle Type (97 data points):
# "Particle Type" Position.Z
1.0 0.0 
1.0 0.0 
1.0 0.0 
1.0 0.0 
1.0 0.0 
1.0 0.0 
1.0 0.0 
1.0 0.0 
1.0 0.0 
1.0 2.2741768 
1.0 2.2741768 
1.0 2.2741768 
1.0 2.2741768 
1.0 2.2741768 
1.0 2.2741768 
1.0 2.2741768 
1.0 2.2741768 
1.0 2.2741768 
1.0 5.3954509 
1.0 4.6822762 
1.0 4.3189496 
1.0 4.2864199 
1.0 4.48669025 
1.0 4.317152 
1.0 4.43564555 
1.0 4.5549959 
1.0 4.3901557 
1.0 6.9805785 
1.0 7.2067982 
1.0 6.52359995 
1.0 7.34147365 
1.0 6.2858019 
1.0 7.62868155 
1.0 7.0132825 
1.0 6.49177375 
1.0 6.55883515 
2.0 8.2913467 
2.0 11.3542961 
2.0 7.8030078 
3.0 9.4476844 
3.0 8.9287205 
3.0 11.3625729 
3.0 11.2585669 
3.0 18.95851755 
3.0 11.6822839 
3.0 9.67359085 
3.0 17.62120395 
3.0 20.7116112 
3.0 20.3866299 
3.0 24.0944088 
3.0 15.43899105 
3.0 16.9183665 
3.0 19.94215125 
3.0 18.6284805 
3.0 22.3538273 
3.0 21.07997325 
3.0 25.4887829 
3.0 25.0001038 
3.0 23.77252325 
3.0 23.7083721 
3.0 23.5384639 
4.0 19.46743645 
4.0 18.01745855 
4.0 11.87081315 
4.0 11.5387202 
4.0 10.2609787 
4.0 9.71784135 
4.0 17.5744492 
4.0 18.4458575 
4.0 21.7021595 
4.0 20.34708165 
4.0 21.1971578 
4.0 20.0173407 
4.0 23.31429135 
4.0 24.1650339 
4.0 15.34547105 
4.0 15.9771059 
4.0 17.63651365 
4.0 16.0964482 
4.0 20.30649635 
4.0 19.53071295 
4.0 17.9971071 
4.0 18.3616713 
4.0 21.6222727 
4.0 22.7445428 
4.0 20.8810147 
4.0 20.38945615 
4.0 25.16015425 
4.0 25.2312669 
4.0 24.51590085 
4.0 25.59982145 
4.0 24.11632265 
4.0 23.97385865 
4.0 23.71956895 
4.0 24.45442405 
4.0 22.6591099 
4.0 23.34198055 
