# Position.Z vs. Particle Type (97 data points):
# "Particle Type" Position.Z
1.0 0.0 
1.0 0.0 
1.0 0.0 
1.0 0.0 
1.0 0.0 
1.0 0.0 
1.0 0.0 
1.0 0.0 
1.0 0.0 
1.0 2.2741768 
1.0 2.2741768 
1.0 2.2741768 
1.0 2.2741768 
1.0 2.2741768 
1.0 2.2741768 
1.0 2.2741768 
1.0 2.2741768 
1.0 2.2741768 
1.0 5.08813095 
1.0 4.39952765 
1.0 4.3254435 
1.0 4.2416262 
1.0 4.50486155 
1.0 4.2805588 
1.0 4.3825509 
1.0 4.37652565 
1.0 4.840031 
1.0 7.2239356 
1.0 7.22243725 
1.0 6.79700525 
1.0 7.05989865 
1.0 6.3080164 
1.0 7.30868425 
1.0 6.7336192 
1.0 6.38597995 
1.0 6.61945095 
2.0 8.43340785 
2.0 13.26195675 
2.0 7.9495647 
3.0 9.606758 
3.0 9.1141939 
3.0 12.38192655 
3.0 14.149891 
3.0 18.83727475 
3.0 10.9275446 
3.0 9.3551528 
3.0 17.3152189 
3.0 21.59828335 
3.0 19.0703898 
3.0 24.6297387 
3.0 19.51089945 
3.0 17.04436265 
3.0 21.52672095 
3.0 20.3473452 
3.0 21.9794834 
3.0 21.10853115 
3.0 25.0442829 
3.0 25.19098015 
3.0 24.3889576 
3.0 24.5329658 
3.0 23.5844777 
4.0 19.74996695 
4.0 18.9751807 
4.0 10.2462444 
4.0 11.38050445 
4.0 10.02288245 
4.0 9.58148835 
4.0 17.2830273 
4.0 16.3745841 
4.0 22.5250977 
4.0 21.42511175 
4.0 19.6952203 
4.0 19.14473365 
4.0 23.8429352 
4.0 24.3325803 
4.0 19.85383715 
4.0 18.57532985 
4.0 17.5989751 
4.0 17.6897301 
4.0 21.4588038 
4.0 20.85647375 
4.0 21.0798924 
4.0 19.5206459 
4.0 21.6015576 
4.0 22.91154915 
4.0 20.4400378 
4.0 20.73760115 
4.0 25.34708085 
4.0 25.4862643 
4.0 24.3937995 
4.0 25.92899225 
4.0 24.74452575 
4.0 24.6056804 
4.0 24.63968465 
4.0 24.48357695 
4.0 22.60357295 
4.0 23.65272245 
