# Position.Z vs. Particle Type (97 data points):
# "Particle Type" Position.Z
1.0 0.0 
1.0 0.0 
1.0 0.0 
1.0 0.0 
1.0 0.0 
1.0 0.0 
1.0 0.0 
1.0 0.0 
1.0 0.0 
1.0 2.2741768 
1.0 2.2741768 
1.0 2.2741768 
1.0 2.2741768 
1.0 2.2741768 
1.0 2.2741768 
1.0 2.2741768 
1.0 2.2741768 
1.0 2.2741768 
1.0 5.255789 
1.0 4.36464175 
1.0 4.54832875 
1.0 4.4509171 
1.0 4.4366434 
1.0 4.2783832 
1.0 4.2472738 
1.0 4.6790604 
1.0 4.4168761 
1.0 6.92439825 
1.0 7.08622775 
1.0 6.4497685 
1.0 7.53104485 
1.0 6.46443595 
1.0 7.2763159 
1.0 6.8501244 
1.0 6.41916975 
1.0 6.62232655 
2.0 8.30897795 
2.0 12.3571833 
2.0 7.94631775 
3.0 9.5204088 
3.0 9.1929964 
3.0 11.7251869 
3.0 13.03767395 
3.0 12.5068265 
3.0 9.5361259 
3.0 9.3290505 
3.0 11.2883232 
3.0 14.79490425 
3.0 16.3426081 
3.0 18.6231892 
3.0 15.97910405 
3.0 13.85305565 
3.0 12.9377157 
3.0 10.9017741 
3.0 15.5647562 
3.0 16.0333964 
3.0 20.78473285 
3.0 18.58328885 
3.0 20.48126815 
3.0 19.596941 
3.0 18.6867506 
4.0 13.33102015 
4.0 11.9396879 
4.0 10.1834089 
4.0 9.99432175 
4.0 9.0954143 
4.0 9.9122814 
4.0 11.8430116 
4.0 10.8102666 
4.0 15.37531485 
4.0 14.9957535 
4.0 16.5611012 
4.0 17.2007591 
4.0 17.66181445 
4.0 18.7885488 
4.0 15.88701975 
4.0 15.7748129 
4.0 13.1614574 
4.0 14.43883105 
4.0 13.1897122 
4.0 12.50177215 
4.0 10.3211836 
4.0 11.3066604 
4.0 14.70870765 
4.0 15.76330105 
4.0 15.36575005 
4.0 16.9338687 
4.0 20.1800998 
4.0 21.141729 
4.0 18.77904455 
4.0 18.93516625 
4.0 20.36100255 
4.0 19.80397265 
4.0 20.02513135 
4.0 20.26985135 
4.0 17.77211275 
4.0 19.2103597 
