# Position.Z vs. Particle Type (97 data points):
# "Particle Type" Position.Z
1.0 0.0 
1.0 0.0 
1.0 0.0 
1.0 0.0 
1.0 0.0 
1.0 0.0 
1.0 0.0 
1.0 0.0 
1.0 0.0 
1.0 2.2741768 
1.0 2.2741768 
1.0 2.2741768 
1.0 2.2741768 
1.0 2.2741768 
1.0 2.2741768 
1.0 2.2741768 
1.0 2.2741768 
1.0 2.2741768 
1.0 5.365066 
1.0 4.2894222 
1.0 4.68823215 
1.0 4.22270695 
1.0 4.301738 
1.0 4.22685025 
1.0 4.4938432 
1.0 4.45101895 
1.0 4.4348444 
1.0 7.07721665 
1.0 7.102585 
1.0 6.8275473 
1.0 7.602322 
1.0 6.40257485 
1.0 7.2829344 
1.0 6.70167365 
1.0 6.18681315 
1.0 6.47697785 
2.0 8.33632345 
2.0 12.5220501 
2.0 7.85473885 
3.0 9.48407075 
3.0 9.0326824 
3.0 12.6008113 
3.0 12.583137 
3.0 12.15985785 
3.0 9.4801889 
3.0 9.16755665 
3.0 10.92765765 
3.0 16.14052615 
3.0 16.76576545 
3.0 19.264616 
3.0 16.32440495 
3.0 14.9506588 
3.0 13.04933175 
3.0 11.45338915 
3.0 15.5572116 
3.0 16.23868715 
3.0 20.9112295 
3.0 19.20480415 
3.0 19.91212965 
3.0 19.0602965 
3.0 18.78306325 
4.0 13.0713884 
4.0 12.0356565 
4.0 10.30063545 
4.0 9.55060785 
4.0 9.0541017 
4.0 9.8417067 
4.0 11.31976405 
4.0 10.5218183 
4.0 16.0120471 
4.0 15.84040325 
4.0 16.26386475 
4.0 17.6075704 
4.0 18.47707925 
4.0 19.4755855 
4.0 16.32977465 
4.0 16.1498036 
4.0 14.4186301 
4.0 15.50538115 
4.0 13.51597905 
4.0 12.4446266 
4.0 10.51117025 
4.0 12.03962585 
4.0 14.74434185 
4.0 16.03721665 
4.0 15.727663 
4.0 16.99682845 
4.0 20.46898525 
4.0 21.82983635 
4.0 19.2859667 
4.0 19.7943543 
4.0 19.8341073 
4.0 19.56517395 
4.0 19.4365822 
4.0 19.4956153 
4.0 17.869257 
4.0 18.67909925 
