# Position.Z vs. Particle Type (97 data points):
# "Particle Type" Position.Z
1.0 0.0 
1.0 0.0 
1.0 0.0 
1.0 0.0 
1.0 0.0 
1.0 0.0 
1.0 0.0 
1.0 0.0 
1.0 0.0 
1.0 2.2741768 
1.0 2.2741768 
1.0 2.2741768 
1.0 2.2741768 
1.0 2.2741768 
1.0 2.2741768 
1.0 2.2741768 
1.0 2.2741768 
1.0 2.2741768 
1.0 5.3331691 
1.0 4.4622718 
1.0 4.2896924 
1.0 4.35490405 
1.0 4.32231205 
1.0 4.4994642 
1.0 4.32808075 
1.0 4.56270115 
1.0 4.40120835 
1.0 7.6053103 
1.0 6.9023444 
1.0 6.74443105 
1.0 6.92949635 
1.0 6.36100535 
1.0 7.4635218 
1.0 6.7533214 
1.0 6.2671616 
1.0 6.50866545 
2.0 8.20321915 
2.0 13.9975017 
2.0 7.84708995 
3.0 9.3133033 
3.0 9.0528795 
3.0 13.7560878 
3.0 14.23315215 
3.0 14.27552455 
3.0 9.3649591 
3.0 9.71598775 
3.0 10.5838509 
3.0 15.08516835 
3.0 16.2381702 
3.0 18.1402347 
3.0 18.34794115 
3.0 11.2681492 
3.0 18.6655763 
3.0 17.53269945 
3.0 17.79858395 
3.0 19.9728081 
3.0 20.6371137 
3.0 21.711445 
3.0 20.29398245 
3.0 22.20698655 
3.0 20.84634405 
4.0 14.8613619 
4.0 13.44870345 
4.0 9.0678294 
4.0 9.73059325 
4.0 10.1664682 
4.0 10.11910865 
4.0 11.38594485 
4.0 10.0688455 
4.0 14.96761 
4.0 14.811356 
4.0 16.1243173 
4.0 16.58437305 
4.0 18.0339376 
4.0 19.17341825 
4.0 19.3224934 
4.0 18.00140125 
4.0 10.8427536 
4.0 11.09741185 
4.0 18.12847715 
4.0 19.5602736 
4.0 17.4930224 
4.0 17.76065375 
4.0 17.29864675 
4.0 17.6199954 
4.0 19.11539 
4.0 19.75717135 
4.0 20.97392255 
4.0 21.0347781 
4.0 21.3005317 
4.0 21.26284965 
4.0 20.32263135 
4.0 19.4383595 
4.0 21.651553 
4.0 23.14325055 
4.0 20.79218645 
4.0 21.4297426 
