# Position.Z vs. Particle Type (97 data points):
# "Particle Type" Position.Z
1.0 0.0 
1.0 0.0 
1.0 0.0 
1.0 0.0 
1.0 0.0 
1.0 0.0 
1.0 0.0 
1.0 0.0 
1.0 0.0 
1.0 2.2741768 
1.0 2.2741768 
1.0 2.2741768 
1.0 2.2741768 
1.0 2.2741768 
1.0 2.2741768 
1.0 2.2741768 
1.0 2.2741768 
1.0 2.2741768 
1.0 5.52710235 
1.0 4.63502865 
1.0 4.37131765 
1.0 4.6166631 
1.0 4.366446 
1.0 4.2687813 
1.0 4.34209055 
1.0 4.68314455 
1.0 4.2621215 
1.0 7.0161357 
1.0 7.1554805 
1.0 6.4908984 
1.0 7.3692836 
1.0 6.30844235 
1.0 8.10129705 
1.0 6.74295755 
1.0 6.6356878 
1.0 6.90594625 
2.0 8.2814732 
2.0 12.70048675 
2.0 7.8788374 
3.0 9.5010699 
3.0 9.09763435 
3.0 12.56680215 
3.0 12.71011595 
3.0 16.40582755 
3.0 9.88732675 
3.0 10.05468835 
3.0 11.23282685 
3.0 17.37710065 
3.0 17.78180845 
3.0 20.1687885 
3.0 17.7437561 
3.0 15.41866375 
3.0 20.9466341 
3.0 19.46247275 
3.0 19.62539845 
3.0 21.6169555 
3.0 23.12291695 
3.0 23.93900915 
3.0 22.33238245 
3.0 23.782122 
3.0 22.60182575 
4.0 16.68372545 
4.0 15.98159185 
4.0 10.17560215 
4.0 9.14708865 
4.0 10.1718344 
4.0 10.58228675 
4.0 10.8506615 
4.0 10.62084695 
4.0 17.56792905 
4.0 18.1449065 
4.0 17.3716361 
4.0 18.167051 
4.0 20.3507094 
4.0 20.97373215 
4.0 17.67067645 
4.0 17.20126835 
4.0 15.9464998 
4.0 14.49526155 
4.0 20.59086575 
4.0 21.7828989 
4.0 19.51541865 
4.0 19.0498252 
4.0 19.0929921 
4.0 19.89013425 
4.0 20.8220957 
4.0 21.1986663 
4.0 23.32984395 
4.0 23.19373245 
4.0 23.6373018 
4.0 23.44661795 
4.0 22.08798515 
4.0 21.48588925 
4.0 23.21058425 
4.0 24.58085945 
4.0 22.4931525 
4.0 23.07796925 
