# Position.Z vs. Particle Type (97 data points):
# "Particle Type" Position.Z
1.0 0.0 
1.0 0.0 
1.0 0.0 
1.0 0.0 
1.0 0.0 
1.0 0.0 
1.0 0.0 
1.0 0.0 
1.0 0.0 
1.0 2.2741768 
1.0 2.2741768 
1.0 2.2741768 
1.0 2.2741768 
1.0 2.2741768 
1.0 2.2741768 
1.0 2.2741768 
1.0 2.2741768 
1.0 2.2741768 
1.0 5.33807015 
1.0 4.42790845 
1.0 4.3138536 
1.0 4.3304359 
1.0 4.43268315 
1.0 4.3400791 
1.0 4.4353134 
1.0 4.30211845 
1.0 4.81703845 
1.0 7.24370955 
1.0 6.9814717 
1.0 6.7572512 
1.0 7.5676531 
1.0 6.38955975 
1.0 7.4765278 
1.0 6.72822675 
1.0 6.3543249 
1.0 6.83763465 
2.0 8.3937189 
2.0 12.5566455 
2.0 7.8618575 
3.0 9.63595535 
3.0 9.05727725 
3.0 13.003263 
3.0 12.2383107 
3.0 12.68183105 
3.0 9.69323775 
3.0 9.44683635 
3.0 10.9713576 
3.0 15.5855847 
3.0 15.85690995 
3.0 18.08662415 
3.0 15.3381249 
3.0 14.0769993 
3.0 12.8142945 
3.0 11.41252315 
3.0 15.45954375 
3.0 15.88851425 
3.0 19.20062165 
3.0 18.5397408 
3.0 20.3489027 
3.0 18.52494385 
3.0 18.35127385 
4.0 13.55685625 
4.0 12.1277142 
4.0 10.12156495 
4.0 9.55933265 
4.0 9.41472455 
4.0 10.04860955 
4.0 11.39747805 
4.0 10.39241 
4.0 15.4666057 
4.0 15.49280705 
4.0 15.80793655 
4.0 16.80244265 
4.0 17.17346855 
4.0 18.1017088 
4.0 15.4914018 
4.0 15.40237825 
4.0 13.40569545 
4.0 14.6515824 
4.0 13.2100269 
4.0 12.39850745 
4.0 10.69295115 
4.0 11.78795905 
4.0 14.5650876 
4.0 15.45636575 
4.0 15.19736365 
4.0 16.76074505 
4.0 18.45507405 
4.0 19.6607432 
4.0 18.63161405 
4.0 19.13338 
4.0 20.1991328 
4.0 19.77324755 
4.0 18.83865865 
4.0 18.76747495 
4.0 17.45858275 
4.0 18.60973835 
