# Position.Z vs. Particle Type (97 data points):
# "Particle Type" Position.Z
1.0 0.0 
1.0 0.0 
1.0 0.0 
1.0 0.0 
1.0 0.0 
1.0 0.0 
1.0 0.0 
1.0 0.0 
1.0 0.0 
1.0 2.2741768 
1.0 2.2741768 
1.0 2.2741768 
1.0 2.2741768 
1.0 2.2741768 
1.0 2.2741768 
1.0 2.2741768 
1.0 2.2741768 
1.0 2.2741768 
1.0 5.1787645 
1.0 4.64354555 
1.0 4.404232 
1.0 4.41500535 
1.0 4.3460536 
1.0 4.2902727 
1.0 4.3808226 
1.0 4.40066445 
1.0 4.64404045 
1.0 6.959848 
1.0 6.9159888 
1.0 6.9656524 
1.0 7.22605485 
1.0 6.3328713 
1.0 7.80653755 
1.0 6.56832085 
1.0 6.58242095 
1.0 6.58611485 
2.0 8.30551435 
2.0 12.8047059 
2.0 7.89671995 
3.0 9.53685355 
3.0 9.0814192 
3.0 11.76589085 
3.0 13.84231065 
3.0 13.74011065 
3.0 9.6123076 
3.0 9.70684015 
3.0 11.4571975 
3.0 16.9953308 
3.0 17.3206544 
3.0 19.9618426 
3.0 16.9601537 
3.0 15.1584545 
3.0 13.53641625 
3.0 12.5245778 
3.0 15.42554965 
3.0 17.2800068 
3.0 20.85752375 
3.0 19.75935185 
3.0 21.3671633 
3.0 19.97577575 
3.0 19.51963895 
4.0 14.26971945 
4.0 13.5839032 
4.0 8.951684 
4.0 10.47525325 
4.0 9.70395195 
4.0 10.36944405 
4.0 12.24985825 
4.0 10.960397 
4.0 16.5882318 
4.0 16.3304883 
4.0 17.098606 
4.0 18.282446 
4.0 18.98158885 
4.0 20.0590236 
4.0 16.9809465 
4.0 17.10945635 
4.0 14.5010635 
4.0 15.56204545 
4.0 14.11154045 
4.0 12.68780205 
4.0 11.64336775 
4.0 12.5274457 
4.0 16.0742008 
4.0 15.18048315 
4.0 16.77046455 
4.0 18.22146025 
4.0 20.4936774 
4.0 21.67078305 
4.0 19.8396457 
4.0 20.22236055 
4.0 20.8723788 
4.0 21.03804115 
4.0 20.5841223 
4.0 20.4236557 
4.0 18.55543935 
4.0 19.6759409 
