# Position.Z vs. Particle Type (97 data points):
# "Particle Type" Position.Z
1.0 0.0 
1.0 0.0 
1.0 0.0 
1.0 0.0 
1.0 0.0 
1.0 0.0 
1.0 0.0 
1.0 0.0 
1.0 0.0 
1.0 2.2741768 
1.0 2.2741768 
1.0 2.2741768 
1.0 2.2741768 
1.0 2.2741768 
1.0 2.2741768 
1.0 2.2741768 
1.0 2.2741768 
1.0 2.2741768 
1.0 5.51930505 
1.0 4.620028 
1.0 4.40066305 
1.0 4.40809495 
1.0 4.3589679 
1.0 4.4653847 
1.0 4.3998549 
1.0 4.35678005 
1.0 4.22370445 
1.0 6.92396565 
1.0 6.7572897 
1.0 6.54630025 
1.0 7.82033105 
1.0 6.4025689 
1.0 7.80426535 
1.0 6.81350635 
1.0 6.4717233 
1.0 6.9413001 
2.0 8.15626525 
2.0 12.7945426 
2.0 7.9271563 
3.0 9.3017218 
3.0 9.10771295 
3.0 12.71650065 
3.0 12.78471845 
3.0 12.01105885 
3.0 9.9211553 
3.0 9.5075981 
3.0 10.91435205 
3.0 15.19168385 
3.0 16.816226 
3.0 18.6985414 
3.0 16.3656626 
3.0 14.72270205 
3.0 13.6528938 
3.0 12.2901002 
3.0 16.246223 
3.0 16.52710255 
3.0 19.9436454 
3.0 19.39548695 
3.0 20.5242002 
3.0 19.83877175 
3.0 18.7848227 
4.0 12.87041595 
4.0 12.0559061 
4.0 10.63874245 
4.0 10.00916105 
4.0 9.0828227 
4.0 10.0314641 
4.0 11.16955945 
4.0 10.2281662 
4.0 15.4297136 
4.0 15.56523885 
4.0 16.7232681 
4.0 17.77691615 
4.0 17.8010875 
4.0 18.82365625 
4.0 16.49108265 
4.0 15.8240467 
4.0 14.05226935 
4.0 15.2759432 
4.0 14.1098433 
4.0 12.7890364 
4.0 11.40630855 
4.0 12.68335775 
4.0 15.42744595 
4.0 16.48153185 
4.0 16.05519615 
4.0 17.36298795 
4.0 19.1123205 
4.0 20.7271344 
4.0 19.2768065 
4.0 19.66247115 
4.0 20.11607675 
4.0 19.9619203 
4.0 20.1681669 
4.0 20.37236495 
4.0 18.38213405 
4.0 19.2330523 
