# Position.Z vs. Particle Type (97 data points):
# "Particle Type" Position.Z
1.0 0.0 
1.0 0.0 
1.0 0.0 
1.0 0.0 
1.0 0.0 
1.0 0.0 
1.0 0.0 
1.0 0.0 
1.0 0.0 
1.0 2.2741768 
1.0 2.2741768 
1.0 2.2741768 
1.0 2.2741768 
1.0 2.2741768 
1.0 2.2741768 
1.0 2.2741768 
1.0 2.2741768 
1.0 2.2741768 
1.0 5.55447585 
1.0 4.5529358 
1.0 4.3649214 
1.0 4.37810975 
1.0 4.34884485 
1.0 4.2176183 
1.0 4.50206295 
1.0 4.99803605 
1.0 4.3357699 
1.0 7.3242806 
1.0 7.2944172 
1.0 6.67594235 
1.0 7.409346 
1.0 6.27036935 
1.0 8.1094048 
1.0 6.80437765 
1.0 6.64600685 
1.0 6.5783284 
2.0 8.5612576 
2.0 12.1493526 
2.0 7.8969597 
3.0 9.7428177 
3.0 9.05936605 
3.0 12.12655325 
3.0 12.1591967 
3.0 14.7336581 
3.0 9.3818123 
3.0 10.1926146 
3.0 11.0325229 
3.0 16.02306475 
3.0 14.34079115 
3.0 18.13998445 
3.0 16.08824105 
3.0 13.92495895 
3.0 18.6432078 
3.0 15.51794545 
3.0 16.6410643 
3.0 18.3630377 
3.0 21.18950855 
3.0 21.5216442 
3.0 20.0775841 
3.0 20.998348 
3.0 19.6985208 
4.0 14.04549755 
4.0 14.58124325 
4.0 9.6863557 
4.0 9.20335045 
4.0 10.32308375 
4.0 10.54469115 
4.0 11.03743375 
4.0 10.4656888 
4.0 16.25199905 
4.0 16.6471165 
4.0 14.6365422 
4.0 15.17550405 
4.0 18.417693 
4.0 18.5485923 
4.0 15.7067554 
4.0 15.3998593 
4.0 14.3861501 
4.0 13.16684635 
4.0 17.76128095 
4.0 19.3622177 
4.0 15.80884025 
4.0 14.6484996 
4.0 16.21811345 
4.0 17.4136494 
4.0 17.4487705 
4.0 18.3622229 
4.0 21.8809017 
4.0 21.3839437 
4.0 20.91906705 
4.0 21.3364473 
4.0 19.94460755 
4.0 19.32303275 
4.0 20.599768 
4.0 21.04509085 
4.0 19.24282815 
4.0 20.09093905 
