# Position.Z vs. Particle Type (97 data points):
# "Particle Type" Position.Z
1.0 0.0 
1.0 0.0 
1.0 0.0 
1.0 0.0 
1.0 0.0 
1.0 0.0 
1.0 0.0 
1.0 0.0 
1.0 0.0 
1.0 2.2741768 
1.0 2.2741768 
1.0 2.2741768 
1.0 2.2741768 
1.0 2.2741768 
1.0 2.2741768 
1.0 2.2741768 
1.0 2.2741768 
1.0 2.2741768 
1.0 5.4169906 
1.0 4.40109285 
1.0 4.4152129 
1.0 4.47848135 
1.0 4.3523753 
1.0 4.3845711 
1.0 4.21139145 
1.0 4.6308766 
1.0 4.3321047 
1.0 7.4406689 
1.0 7.0443548 
1.0 6.6045798 
1.0 7.54640635 
1.0 6.34363345 
1.0 7.36953 
1.0 6.9237805 
1.0 6.6090094 
1.0 6.4869742 
2.0 8.52079585 
2.0 13.9811469 
2.0 7.8698025 
3.0 9.6962509 
3.0 9.04428245 
3.0 14.38253985 
3.0 13.67543625 
3.0 16.81784405 
3.0 10.6544466 
3.0 9.2767304 
3.0 10.7190307 
3.0 17.2899405 
3.0 17.21016255 
3.0 19.6234983 
3.0 18.8743758 
3.0 12.8203593 
3.0 20.70637415 
3.0 17.5104216 
3.0 18.75656055 
3.0 20.5196264 
3.0 23.3462495 
3.0 23.104648 
3.0 21.16197195 
3.0 23.69407845 
3.0 21.98384055 
4.0 16.745463 
4.0 15.89410795 
4.0 10.2233607 
4.0 10.1114041 
4.0 9.5578882 
4.0 9.8461258 
4.0 11.3870904 
4.0 10.21106695 
4.0 17.9093992 
4.0 17.04760085 
4.0 16.8516117 
4.0 16.7453335 
4.0 20.01139385 
4.0 20.38128435 
4.0 18.85144555 
4.0 18.14386035 
4.0 12.3796309 
4.0 12.49231305 
4.0 20.04190965 
4.0 21.558194 
4.0 18.1928033 
4.0 18.06970445 
4.0 18.25602205 
4.0 19.2175599 
4.0 19.6273049 
4.0 20.51886095 
4.0 23.5389518 
4.0 23.27558485 
4.0 22.8910227 
4.0 22.35928205 
4.0 21.16624335 
4.0 20.40107195 
4.0 22.92374 
4.0 24.4407051 
4.0 21.52244395 
4.0 22.3584802 
