# Position.Z vs. Particle Type (97 data points):
# "Particle Type" Position.Z
1.0 0.0 
1.0 0.0 
1.0 0.0 
1.0 0.0 
1.0 0.0 
1.0 0.0 
1.0 0.0 
1.0 0.0 
1.0 0.0 
1.0 2.2741768 
1.0 2.2741768 
1.0 2.2741768 
1.0 2.2741768 
1.0 2.2741768 
1.0 2.2741768 
1.0 2.2741768 
1.0 2.2741768 
1.0 2.2741768 
1.0 5.3247922 
1.0 4.3033466 
1.0 4.29051035 
1.0 4.46209995 
1.0 4.39158195 
1.0 4.23272885 
1.0 4.4862552 
1.0 4.49683885 
1.0 4.86044265 
1.0 7.366667 
1.0 7.4001193 
1.0 6.7882983 
1.0 6.86601195 
1.0 6.38367065 
1.0 7.3336431 
1.0 6.9842157 
1.0 6.2989878 
1.0 6.59132775 
2.0 8.41879395 
2.0 12.16039755 
2.0 7.85999375 
3.0 9.57804995 
3.0 9.03386925 
3.0 12.8775682 
3.0 11.38739035 
3.0 15.03183605 
3.0 10.60478825 
3.0 9.41630795 
3.0 10.9251324 
3.0 16.65543705 
3.0 18.583971 
3.0 21.3332056 
3.0 15.9429305 
3.0 15.2958652 
3.0 15.9899313 
3.0 13.09369565 
3.0 18.4048753 
3.0 17.8716384 
3.0 22.6811746 
3.0 21.90778975 
3.0 20.69386235 
3.0 20.84735485 
3.0 20.80300425 
4.0 15.44188135 
4.0 14.73880835 
4.0 11.0498101 
4.0 9.94019495 
4.0 9.59629125 
4.0 10.00114745 
4.0 11.76284235 
4.0 10.6254029 
4.0 16.42121985 
4.0 17.5122339 
4.0 19.0027915 
4.0 19.30292945 
4.0 20.4535177 
4.0 21.20939975 
4.0 16.744028 
4.0 16.1799764 
4.0 14.49906185 
4.0 15.56499945 
4.0 15.56149945 
4.0 15.33764645 
4.0 12.58246605 
4.0 13.853959 
4.0 17.6053682 
4.0 18.2404208 
4.0 18.0458894 
4.0 16.90652285 
4.0 22.2270608 
4.0 22.83503775 
4.0 21.59551695 
4.0 22.36646825 
4.0 21.12427975 
4.0 20.52920695 
4.0 20.92878305 
4.0 21.02532565 
4.0 19.87236475 
4.0 20.9547926 
