# Position.Z vs. Particle Type (97 data points):
# "Particle Type" Position.Z
1.0 0.0 
1.0 0.0 
1.0 0.0 
1.0 0.0 
1.0 0.0 
1.0 0.0 
1.0 0.0 
1.0 0.0 
1.0 0.0 
1.0 2.2741768 
1.0 2.2741768 
1.0 2.2741768 
1.0 2.2741768 
1.0 2.2741768 
1.0 2.2741768 
1.0 2.2741768 
1.0 2.2741768 
1.0 2.2741768 
1.0 5.06664235 
1.0 4.3019648 
1.0 4.30251605 
1.0 4.3956458 
1.0 4.40196225 
1.0 4.25394515 
1.0 4.2331933 
1.0 4.4457028 
1.0 4.92198 
1.0 7.01882405 
1.0 7.68762225 
1.0 6.8281724 
1.0 7.3996503 
1.0 6.4847377 
1.0 6.9600328 
1.0 6.7148326 
1.0 6.44390775 
1.0 7.02698325 
2.0 8.5663557 
2.0 15.63088275 
2.0 7.91037695 
3.0 9.738701 
3.0 9.14587975 
3.0 15.80871005 
3.0 15.39266295 
3.0 9.9384033 
3.0 11.8223455 
3.0 8.7800475 
3.0 10.54257645 
3.0 12.41858275 
3.0 11.2394226 
3.0 20.9185578 
3.0 20.0547004 
3.0 18.9624806 
3.0 20.8642553 
3.0 20.0211844 
3.0 19.6109144 
3.0 22.89257565 
3.0 23.27877055 
3.0 23.98647965 
3.0 22.71811885 
3.0 24.70034 
3.0 23.19952285 
4.0 10.1447801 
4.0 10.38538585 
4.0 11.5392816 
4.0 11.095091 
4.0 8.579438 
4.0 9.4047023 
4.0 10.10128105 
4.0 11.4243395 
4.0 12.5039061 
4.0 12.62292115 
4.0 11.7723963 
4.0 10.6537697 
4.0 20.57501215 
4.0 21.5120129 
4.0 21.01849715 
4.0 19.6909314 
4.0 19.6446824 
4.0 19.20644565 
4.0 20.37074865 
4.0 21.77000945 
4.0 20.0950491 
4.0 19.9747632 
4.0 19.16374775 
4.0 18.94544435 
4.0 21.97331955 
4.0 23.3625385 
4.0 23.89500365 
4.0 23.64215805 
4.0 23.87086625 
4.0 23.7224659 
4.0 22.57270785 
4.0 21.8506218 
4.0 23.807672 
4.0 25.18488245 
4.0 23.25802185 
4.0 23.91328345 
