# Position.Z vs. Particle Type (97 data points):
# "Particle Type" Position.Z
1.0 0.0 
1.0 0.0 
1.0 0.0 
1.0 0.0 
1.0 0.0 
1.0 0.0 
1.0 0.0 
1.0 0.0 
1.0 0.0 
1.0 2.2741768 
1.0 2.2741768 
1.0 2.2741768 
1.0 2.2741768 
1.0 2.2741768 
1.0 2.2741768 
1.0 2.2741768 
1.0 2.2741768 
1.0 2.2741768 
1.0 5.40916075 
1.0 4.86984785 
1.0 4.251653 
1.0 4.3388646 
1.0 4.3252328 
1.0 4.2537075 
1.0 4.49109395 
1.0 4.68560575 
1.0 4.5411464 
1.0 7.4643611 
1.0 7.13814255 
1.0 6.6608752 
1.0 7.142576 
1.0 6.56008045 
1.0 7.8265642 
1.0 6.72714525 
1.0 6.33066035 
1.0 6.65362355 
2.0 8.41416485 
2.0 12.66370805 
2.0 7.8811551 
3.0 9.66923825 
3.0 9.10825545 
3.0 13.5669331 
3.0 11.64319695 
3.0 17.45402575 
3.0 10.82653915 
3.0 9.993256 
3.0 13.67440795 
3.0 18.8405434 
3.0 19.63078285 
3.0 22.0186246 
3.0 17.05731475 
3.0 15.6587557 
3.0 18.0365885 
3.0 17.2045951 
3.0 20.36380815 
3.0 19.4116657 
3.0 23.7289213 
3.0 23.700684 
3.0 21.6408577 
3.0 22.2474735 
3.0 22.0312624 
4.0 18.09158785 
4.0 17.10149945 
4.0 11.49287125 
4.0 10.48986575 
4.0 10.3210674 
4.0 10.58705935 
4.0 14.43598205 
4.0 13.52302245 
4.0 19.6803348 
4.0 19.09340755 
4.0 19.94077925 
4.0 20.3317163 
4.0 21.304549 
4.0 22.06977255 
4.0 17.8163832 
4.0 16.64901035 
4.0 16.4559472 
4.0 15.82421645 
4.0 18.0522608 
4.0 17.7358902 
4.0 16.2307635 
4.0 17.66858205 
4.0 19.55411885 
4.0 20.77090925 
4.0 19.58354265 
4.0 18.663792 
4.0 23.33204055 
4.0 24.62855325 
4.0 23.2168524 
4.0 24.52728075 
4.0 22.25328315 
4.0 21.9118452 
4.0 22.232287 
4.0 22.9763457 
4.0 21.09430085 
4.0 22.11354355 
