# Position.Z vs. Particle Type (97 data points):
# "Particle Type" Position.Z
1.0 0.0 
1.0 0.0 
1.0 0.0 
1.0 0.0 
1.0 0.0 
1.0 0.0 
1.0 0.0 
1.0 0.0 
1.0 0.0 
1.0 2.2741768 
1.0 2.2741768 
1.0 2.2741768 
1.0 2.2741768 
1.0 2.2741768 
1.0 2.2741768 
1.0 2.2741768 
1.0 2.2741768 
1.0 2.2741768 
1.0 5.3833864 
1.0 4.8567064 
1.0 4.23326365 
1.0 4.4334864 
1.0 4.4107665 
1.0 4.23003945 
1.0 4.40104805 
1.0 4.8010865 
1.0 4.38758285 
1.0 7.2645027 
1.0 7.142492 
1.0 6.57690285 
1.0 7.37176685 
1.0 6.60362675 
1.0 7.79116765 
1.0 6.7658745 
1.0 6.2717312 
1.0 6.58114625 
2.0 8.4163359 
2.0 12.68528345 
2.0 7.8508206 
3.0 9.62836175 
3.0 9.09305425 
3.0 12.0900696 
3.0 13.1359809 
3.0 18.3966307 
3.0 10.67191615 
3.0 9.64064955 
3.0 15.4683494 
3.0 19.98967705 
3.0 20.3913892 
3.0 23.48079825 
3.0 17.60700445 
3.0 16.96236955 
3.0 19.26485295 
3.0 18.17219495 
3.0 21.65463265 
3.0 20.1622743 
3.0 25.37643255 
3.0 23.11725185 
3.0 22.8512928 
3.0 23.35528965 
3.0 22.6673503 
4.0 18.7703166 
4.0 17.6750014 
4.0 10.78689045 
4.0 10.09904315 
4.0 10.14372625 
4.0 10.3463514 
4.0 15.410885 
4.0 14.5872279 
4.0 20.9303941 
4.0 19.99264435 
4.0 20.8797974 
4.0 21.1789039 
4.0 22.7344642 
4.0 23.38007595 
4.0 18.5068303 
4.0 17.46927105 
4.0 17.68569215 
4.0 17.1135524 
4.0 19.509168 
4.0 19.05524145 
4.0 17.2425897 
4.0 18.3750189 
4.0 20.80637615 
4.0 21.9987593 
4.0 20.1897458 
4.0 19.33666805 
4.0 24.78783265 
4.0 26.293274 
4.0 22.90513785 
4.0 24.08512505 
4.0 23.06084305 
4.0 22.93134095 
4.0 23.51825805 
4.0 24.2295438 
4.0 21.79735425 
4.0 22.5402856 
