# Position.Z vs. Particle Type (97 data points):
# "Particle Type" Position.Z
1.0 0.0 
1.0 0.0 
1.0 0.0 
1.0 0.0 
1.0 0.0 
1.0 0.0 
1.0 0.0 
1.0 0.0 
1.0 0.0 
1.0 2.2741768 
1.0 2.2741768 
1.0 2.2741768 
1.0 2.2741768 
1.0 2.2741768 
1.0 2.2741768 
1.0 2.2741768 
1.0 2.2741768 
1.0 2.2741768 
1.0 4.9634746 
1.0 4.43160305 
1.0 4.39650225 
1.0 4.34355565 
1.0 4.41793555 
1.0 4.22436525 
1.0 4.3859795 
1.0 4.427437 
1.0 4.79005065 
1.0 7.1917482 
1.0 7.460999 
1.0 6.79926765 
1.0 6.9496343 
1.0 6.5061997 
1.0 6.64931995 
1.0 6.5040766 
1.0 6.2863829 
1.0 6.8218059 
2.0 8.41391495 
2.0 16.08759075 
2.0 7.8351217 
3.0 9.6377687 
3.0 9.07589515 
3.0 15.1258079 
3.0 17.09881915 
3.0 9.6789728 
3.0 10.9057109 
3.0 9.73585445 
3.0 11.38537365 
3.0 12.69628605 
3.0 11.57912245 
3.0 21.00248395 
3.0 20.43515215 
3.0 18.5728921 
3.0 20.17305185 
3.0 20.01779325 
3.0 18.94468555 
3.0 22.60628965 
3.0 22.97455755 
3.0 23.25522045 
3.0 22.48162805 
3.0 24.3767482 
3.0 23.30212535 
4.0 9.79472025 
4.0 9.93858565 
4.0 11.41320565 
4.0 10.4326929 
4.0 9.8434147 
4.0 10.5790944 
4.0 11.6097359 
4.0 10.430532 
4.0 12.6375011 
4.0 11.7797435 
4.0 12.2325245 
4.0 10.7806125 
4.0 20.5726808 
4.0 21.55050205 
4.0 21.29110375 
4.0 19.7552152 
4.0 19.11589855 
4.0 18.69066745 
4.0 19.9972619 
4.0 21.1126643 
4.0 19.81266175 
4.0 20.39813825 
4.0 18.74695935 
4.0 18.7167393 
4.0 21.62003585 
4.0 22.83792175 
4.0 23.28326945 
4.0 23.3101477 
4.0 23.682526 
4.0 23.15468925 
4.0 22.38813605 
4.0 21.61385625 
4.0 23.6660851 
4.0 25.22781765 
4.0 23.14300275 
4.0 23.74790985 
