# Position.Z vs. Particle Type (97 data points):
# "Particle Type" Position.Z
1.0 0.0 
1.0 0.0 
1.0 0.0 
1.0 0.0 
1.0 0.0 
1.0 0.0 
1.0 0.0 
1.0 0.0 
1.0 0.0 
1.0 2.2741768 
1.0 2.2741768 
1.0 2.2741768 
1.0 2.2741768 
1.0 2.2741768 
1.0 2.2741768 
1.0 2.2741768 
1.0 2.2741768 
1.0 2.2741768 
1.0 4.49180165 
1.0 4.49816955 
1.0 4.2925113 
1.0 4.3908298 
1.0 4.4762613 
1.0 4.41481285 
1.0 4.63116815 
1.0 4.13559615 
1.0 5.09125365 
1.0 6.6943464 
1.0 7.66026625 
1.0 6.93901425 
1.0 7.08569155 
1.0 6.60671585 
1.0 6.3684593 
1.0 6.67040605 
1.0 6.38994475 
1.0 7.0106645 
2.0 8.17424475 
2.0 15.43940685 
2.0 8.0174535 
3.0 9.2858759 
3.0 9.2357755 
3.0 14.62974835 
3.0 16.2419712 
3.0 9.6299077 
3.0 10.4317577 
3.0 9.5775498 
3.0 12.74392595 
3.0 13.84284755 
3.0 13.231568 
3.0 20.3370902 
3.0 18.5329711 
3.0 18.3907913 
3.0 18.72048955 
3.0 18.87710825 
3.0 15.2729913 
3.0 21.66443965 
3.0 21.9275413 
3.0 21.90605445 
3.0 22.3395725 
3.0 23.41139045 
3.0 21.9215836 
4.0 9.6170032 
4.0 10.01356055 
4.0 11.39074335 
4.0 10.11224235 
4.0 9.84974585 
4.0 8.6038232 
4.0 13.56845315 
4.0 12.93149305 
4.0 13.7251212 
4.0 13.65038255 
4.0 13.4621774 
4.0 12.27491195 
4.0 19.59339235 
4.0 20.58481635 
4.0 19.36470445 
4.0 17.79595755 
4.0 19.279491 
4.0 18.32388845 
4.0 18.54352325 
4.0 19.6914312 
4.0 18.397365 
4.0 18.57595215 
4.0 16.18527015 
4.0 14.93515625 
4.0 20.6772706 
4.0 21.80180695 
4.0 22.47335475 
4.0 21.9016763 
4.0 21.85274805 
4.0 21.99308755 
4.0 22.0941469 
4.0 21.5834703 
4.0 22.8767546 
4.0 24.27726875 
4.0 22.04197835 
4.0 22.81220515 
