# Position.Z vs. Particle Type (97 data points):
# "Particle Type" Position.Z
1.0 0.0 
1.0 0.0 
1.0 0.0 
1.0 0.0 
1.0 0.0 
1.0 0.0 
1.0 0.0 
1.0 0.0 
1.0 0.0 
1.0 2.2741768 
1.0 2.2741768 
1.0 2.2741768 
1.0 2.2741768 
1.0 2.2741768 
1.0 2.2741768 
1.0 2.2741768 
1.0 2.2741768 
1.0 2.2741768 
1.0 5.68320795 
1.0 4.3774829 
1.0 4.2679245 
1.0 4.7185019 
1.0 4.36407755 
1.0 4.25057815 
1.0 4.3865402 
1.0 4.56871135 
1.0 4.3584863 
1.0 7.5847184 
1.0 7.1659567 
1.0 6.56048925 
1.0 7.07081025 
1.0 6.36722975 
1.0 7.8436141 
1.0 6.81612575 
1.0 6.1058417 
1.0 6.6248539 
2.0 8.54147175 
2.0 13.5172625 
2.0 7.7659498 
3.0 9.7072332 
3.0 9.0243531 
3.0 14.1026312 
3.0 12.92870985 
3.0 11.2149198 
3.0 12.1345322 
3.0 9.81811285 
3.0 10.66627275 
3.0 15.709281 
3.0 13.7751005 
3.0 17.6400294 
3.0 17.3429606 
3.0 14.1808205 
3.0 18.0862563 
3.0 16.65831195 
3.0 16.7004117 
3.0 18.88103945 
3.0 20.26261055 
3.0 21.1251887 
3.0 19.37997775 
3.0 21.35840455 
3.0 20.0512151 
4.0 11.7846288 
4.0 10.42656685 
4.0 12.0096599 
4.0 11.3540672 
4.0 10.2573149 
4.0 10.29257425 
4.0 10.37611505 
4.0 11.3545873 
4.0 15.38523245 
4.0 16.6810434 
4.0 14.3681706 
4.0 14.2044287 
4.0 17.729887 
4.0 18.50181655 
4.0 18.27076825 
4.0 17.0026283 
4.0 13.3942011 
4.0 14.0342041 
4.0 17.7206897 
4.0 18.87335625 
4.0 16.6680864 
4.0 16.7098169 
4.0 15.88875925 
4.0 16.8267967 
4.0 17.98106275 
4.0 18.7542012 
4.0 20.5868467 
4.0 20.4563618 
4.0 21.08126475 
4.0 20.41922645 
4.0 19.13561195 
4.0 18.6069387 
4.0 20.62238255 
4.0 22.22332105 
4.0 19.83953475 
4.0 20.594966 
