# Position.Z vs. Particle Type (97 data points):
# "Particle Type" Position.Z
1.0 0.0 
1.0 0.0 
1.0 0.0 
1.0 0.0 
1.0 0.0 
1.0 0.0 
1.0 0.0 
1.0 0.0 
1.0 0.0 
1.0 2.2741768 
1.0 2.2741768 
1.0 2.2741768 
1.0 2.2741768 
1.0 2.2741768 
1.0 2.2741768 
1.0 2.2741768 
1.0 2.2741768 
1.0 2.2741768 
1.0 5.3423951 
1.0 4.6394047 
1.0 4.2337386 
1.0 4.33545455 
1.0 4.2351358 
1.0 4.5388203 
1.0 4.42729105 
1.0 4.4520805 
1.0 4.23690085 
1.0 7.09475865 
1.0 6.84229525 
1.0 6.61661175 
1.0 7.3213749 
1.0 6.21199775 
1.0 7.50995 
1.0 6.7285554 
1.0 6.36034875 
1.0 6.61993605 
2.0 8.29622255 
2.0 15.87856655 
2.0 7.91200375 
3.0 9.48132815 
3.0 9.13519075 
3.0 14.8233736 
3.0 16.84785795 
3.0 10.86469125 
3.0 11.48754145 
3.0 9.4754793 
3.0 10.62011895 
3.0 14.25907 
3.0 11.96573385 
3.0 20.1143593 
3.0 19.90529905 
3.0 17.98737885 
3.0 21.3916073 
3.0 19.38162905 
3.0 19.85494315 
3.0 21.82806325 
3.0 23.7183366 
3.0 22.7137757 
3.0 22.3171886 
3.0 24.01237125 
3.0 22.6110311 
4.0 11.39247655 
4.0 10.24230375 
4.0 12.26932455 
4.0 11.31588465 
4.0 9.99171495 
4.0 9.94377685 
4.0 10.5125447 
4.0 10.83208315 
4.0 14.4798472 
4.0 13.4217307 
4.0 12.0706523 
4.0 11.30704155 
4.0 20.01325375 
4.0 21.0682556 
4.0 20.84837335 
4.0 19.6521458 
4.0 17.01446075 
4.0 18.44617075 
4.0 20.52164345 
4.0 22.108534 
4.0 19.0093162 
4.0 19.6347648 
4.0 19.10646185 
4.0 19.7581265 
4.0 20.95362885 
4.0 21.58709175 
4.0 23.97757565 
4.0 23.5141487 
4.0 22.80545435 
4.0 22.50953215 
4.0 22.2420261 
4.0 21.51677745 
4.0 23.52930335 
4.0 24.9470879 
4.0 22.48918 
4.0 23.3235877 
