# Position.Z vs. Particle Type (97 data points):
# "Particle Type" Position.Z
1.0 0.0 
1.0 0.0 
1.0 0.0 
1.0 0.0 
1.0 0.0 
1.0 0.0 
1.0 0.0 
1.0 0.0 
1.0 0.0 
1.0 2.2741768 
1.0 2.2741768 
1.0 2.2741768 
1.0 2.2741768 
1.0 2.2741768 
1.0 2.2741768 
1.0 2.2741768 
1.0 2.2741768 
1.0 2.2741768 
1.0 5.34594725 
1.0 4.7730816 
1.0 4.2155092 
1.0 4.3713971 
1.0 4.31976405 
1.0 4.2823053 
1.0 4.57487555 
1.0 4.30812515 
1.0 4.8256285 
1.0 7.0919639 
1.0 7.19508125 
1.0 6.85177185 
1.0 7.44176825 
1.0 6.2743016 
1.0 7.49210105 
1.0 6.8870627 
1.0 6.18440865 
1.0 6.7063311 
2.0 8.35452345 
2.0 15.0723055 
2.0 8.09310915 
3.0 9.55015145 
3.0 9.24969955 
3.0 15.4212772 
3.0 14.7734671 
3.0 11.54699105 
3.0 13.00975235 
3.0 9.49377765 
3.0 10.9637563 
3.0 15.02422985 
3.0 11.69390425 
3.0 19.63663205 
3.0 19.5062742 
3.0 17.4877766 
3.0 20.5866717 
3.0 18.6287794 
3.0 19.0760129 
3.0 21.02389135 
3.0 23.11616265 
3.0 21.8302196 
3.0 21.82731285 
3.0 24.0912665 
3.0 22.63060345 
4.0 11.46125785 
4.0 11.4100518 
4.0 12.6149786 
4.0 13.40016125 
4.0 10.17010155 
4.0 9.96603055 
4.0 11.29175775 
4.0 10.30121085 
4.0 14.52937535 
4.0 15.6747801 
4.0 12.1904986 
4.0 10.7971934 
4.0 19.9223598 
4.0 20.48541775 
4.0 20.32812425 
4.0 19.3750809 
4.0 16.5686017 
4.0 17.6316868 
4.0 20.20148865 
4.0 21.52984225 
4.0 18.4759512 
4.0 18.8699392 
4.0 18.7029521 
4.0 19.1790207 
4.0 20.45475145 
4.0 20.58334915 
4.0 23.42646285 
4.0 22.78438155 
4.0 22.0398353 
4.0 22.1536952 
4.0 21.79373035 
4.0 20.95294705 
4.0 23.5355449 
4.0 25.00694385 
4.0 22.5037015 
4.0 23.23554975 
