# Position.Z vs. Particle Type (97 data points):
# "Particle Type" Position.Z
1.0 0.0 
1.0 0.0 
1.0 0.0 
1.0 0.0 
1.0 0.0 
1.0 0.0 
1.0 0.0 
1.0 0.0 
1.0 0.0 
1.0 2.2741768 
1.0 2.2741768 
1.0 2.2741768 
1.0 2.2741768 
1.0 2.2741768 
1.0 2.2741768 
1.0 2.2741768 
1.0 2.2741768 
1.0 2.2741768 
1.0 5.1829617 
1.0 5.0141609 
1.0 4.17014815 
1.0 4.2495257 
1.0 4.2571606 
1.0 4.234034 
1.0 4.60339985 
1.0 4.4759603 
1.0 4.58909255 
1.0 7.20634635 
1.0 7.1337749 
1.0 6.5159283 
1.0 7.2979375 
1.0 6.4556891 
1.0 7.6993728 
1.0 6.7922211 
1.0 6.11818655 
1.0 6.6085544 
2.0 8.3189162 
2.0 11.99611385 
2.0 7.7782299 
3.0 9.50085605 
3.0 9.010218 
3.0 12.2498768 
3.0 11.75516195 
3.0 16.04721615 
3.0 9.7896498 
3.0 9.72585915 
3.0 12.72535215 
3.0 18.1716255 
3.0 18.72266445 
3.0 20.5892568 
3.0 15.9893363 
3.0 15.67906725 
3.0 16.959565 
3.0 16.02634285 
3.0 19.2165883 
3.0 17.71308945 
3.0 23.2127812 
3.0 22.4195048 
3.0 20.67832725 
3.0 20.697943 
3.0 20.39558045 
4.0 16.88545635 
4.0 15.48788325 
4.0 10.4038361 
4.0 9.08096105 
4.0 9.74166585 
4.0 10.31837835 
4.0 13.0949987 
4.0 13.1635014 
4.0 17.92674905 
4.0 18.19501495 
4.0 18.8430319 
4.0 19.4797134 
4.0 20.0901428 
4.0 20.3634942 
4.0 16.8020209 
4.0 15.89628355 
4.0 16.08210415 
4.0 15.97830465 
4.0 16.53489145 
4.0 16.29404665 
4.0 15.27589175 
4.0 16.24094255 
4.0 18.3070405 
4.0 19.5977523 
4.0 18.0375804 
4.0 17.1020717 
4.0 24.0026318 
4.0 23.0064702 
4.0 21.6432888 
4.0 23.08326895 
4.0 21.45828265 
4.0 20.48777395 
4.0 20.65859635 
4.0 21.6727952 
4.0 19.58537665 
4.0 20.4494486 
