# Position.Z vs. Particle Type (97 data points):
# "Particle Type" Position.Z
1.0 0.0 
1.0 0.0 
1.0 0.0 
1.0 0.0 
1.0 0.0 
1.0 0.0 
1.0 0.0 
1.0 0.0 
1.0 0.0 
1.0 2.2741768 
1.0 2.2741768 
1.0 2.2741768 
1.0 2.2741768 
1.0 2.2741768 
1.0 2.2741768 
1.0 2.2741768 
1.0 2.2741768 
1.0 2.2741768 
1.0 5.4992861 
1.0 4.55350945 
1.0 4.2568575 
1.0 4.28260805 
1.0 4.28521835 
1.0 4.23288915 
1.0 4.6535944 
1.0 4.4862265 
1.0 4.3215123 
1.0 7.5144958 
1.0 6.8076827 
1.0 6.8973345 
1.0 7.015302 
1.0 6.48016565 
1.0 7.65986165 
1.0 6.79007595 
1.0 6.1764934 
1.0 6.4394617 
2.0 8.4009422 
2.0 13.6432079 
2.0 7.8780961 
3.0 9.5211739 
3.0 9.05071615 
3.0 14.00656775 
3.0 13.12353875 
3.0 13.76482415 
3.0 9.6381572 
3.0 9.5765278 
3.0 10.3137587 
3.0 15.1426821 
3.0 15.7958969 
3.0 18.20836605 
3.0 17.6681519 
3.0 10.6247239 
3.0 18.87921315 
3.0 16.67312465 
3.0 17.9272653 
3.0 19.18923405 
3.0 21.5208427 
3.0 21.7048461 
3.0 20.32919175 
3.0 21.96035135 
3.0 20.5060961 
4.0 13.9408633 
4.0 14.65205735 
4.0 9.59577955 
4.0 9.7144782 
4.0 9.6339551 
4.0 10.1986682 
4.0 10.02232595 
4.0 9.74401155 
4.0 14.51859745 
4.0 14.5723291 
4.0 15.6993032 
4.0 15.8884915 
4.0 18.2387345 
4.0 19.20205385 
4.0 18.3791125 
4.0 17.52487765 
4.0 11.4641345 
4.0 10.6167229 
4.0 18.50493015 
4.0 19.8182061 
4.0 17.0256338 
4.0 16.3523584 
4.0 17.34781265 
4.0 17.9716831 
4.0 18.3047123 
4.0 18.95236455 
4.0 21.906157 
4.0 22.1469836 
4.0 21.6541262 
4.0 21.4151028 
4.0 20.1672023 
4.0 19.45679995 
4.0 21.42355705 
4.0 22.8210325 
4.0 20.20664975 
4.0 21.04555705 
