# Position.Z vs. Particle Type (97 data points):
# "Particle Type" Position.Z
1.0 0.0 
1.0 0.0 
1.0 0.0 
1.0 0.0 
1.0 0.0 
1.0 0.0 
1.0 0.0 
1.0 0.0 
1.0 0.0 
1.0 2.2741768 
1.0 2.2741768 
1.0 2.2741768 
1.0 2.2741768 
1.0 2.2741768 
1.0 2.2741768 
1.0 2.2741768 
1.0 2.2741768 
1.0 2.2741768 
1.0 5.42017875 
1.0 4.35293635 
1.0 4.17738405 
1.0 4.40894545 
1.0 4.2664475 
1.0 4.340126 
1.0 4.42514625 
1.0 4.5080707 
1.0 4.45105955 
1.0 7.13657175 
1.0 7.0671538 
1.0 6.59236095 
1.0 7.63656495 
1.0 6.09116795 
1.0 7.4011833 
1.0 6.6662953 
1.0 6.3799834 
1.0 6.8236672 
2.0 8.4313719 
2.0 12.53739025 
2.0 7.5671911 
3.0 9.6068938 
3.0 8.8784255 
3.0 11.8429794 
3.0 13.2375005 
3.0 11.74783085 
3.0 9.63136125 
3.0 9.0570956 
3.0 10.7908486 
3.0 15.0433423 
3.0 16.47064755 
3.0 18.16560515 
3.0 15.5687406 
3.0 14.09146795 
3.0 13.06496975 
3.0 11.43595705 
3.0 15.4685447 
3.0 15.8373306 
3.0 20.83458545 
3.0 18.77256465 
3.0 21.037982 
3.0 19.8086861 
3.0 18.3077188 
4.0 12.6644259 
4.0 11.65897285 
4.0 10.33086985 
4.0 9.2722756 
4.0 8.46456765 
4.0 9.62715285 
4.0 10.8943835 
4.0 10.226188 
4.0 15.25909525 
4.0 15.3640578 
4.0 16.55140725 
4.0 17.3833954 
4.0 17.18604825 
4.0 18.181793 
4.0 15.9059509 
4.0 15.3758234 
4.0 13.35235895 
4.0 14.3673005 
4.0 13.3641781 
4.0 12.20300025 
4.0 10.70222825 
4.0 12.0926127 
4.0 14.6028736 
4.0 15.94315275 
4.0 15.29228995 
4.0 16.78285385 
4.0 20.105792 
4.0 21.6242544 
4.0 18.870558 
4.0 19.4435696 
4.0 20.73242815 
4.0 20.32445905 
4.0 20.3782376 
4.0 20.16699825 
4.0 17.36439215 
4.0 18.90517195 
