# Position.Z vs. Particle Type (97 data points):
# "Particle Type" Position.Z
1.0 0.0 
1.0 0.0 
1.0 0.0 
1.0 0.0 
1.0 0.0 
1.0 0.0 
1.0 0.0 
1.0 0.0 
1.0 0.0 
1.0 2.2741768 
1.0 2.2741768 
1.0 2.2741768 
1.0 2.2741768 
1.0 2.2741768 
1.0 2.2741768 
1.0 2.2741768 
1.0 2.2741768 
1.0 2.2741768 
1.0 5.191417 
1.0 4.64513665 
1.0 4.2744079 
1.0 4.5144939 
1.0 4.26706945 
1.0 4.20702485 
1.0 4.35445045 
1.0 4.50122575 
1.0 4.54939835 
1.0 7.40322415 
1.0 6.9374963 
1.0 6.6368358 
1.0 7.42651245 
1.0 6.3618779 
1.0 7.22571325 
1.0 6.76164825 
1.0 6.4140895 
1.0 6.6301221 
2.0 8.42638475 
2.0 14.2265564 
2.0 7.8863162 
3.0 9.53186885 
3.0 9.1059787 
3.0 13.98371555 
3.0 14.4613483 
3.0 18.73150265 
3.0 10.28399435 
3.0 9.2540385 
3.0 17.1865582 
3.0 21.49577185 
3.0 19.56018575 
3.0 24.9293142 
3.0 20.1329793 
3.0 16.124213 
3.0 22.6245124 
3.0 19.9276805 
3.0 21.8731247 
3.0 21.05154835 
3.0 26.0014195 
3.0 24.9216912 
3.0 23.90027255 
3.0 24.40140745 
3.0 23.873787 
4.0 19.5646311 
4.0 18.88169465 
4.0 10.37377285 
4.0 11.13484505 
4.0 9.68633575 
4.0 9.0408178 
4.0 16.99574625 
4.0 16.83771985 
4.0 22.2741211 
4.0 21.21156835 
4.0 20.17231195 
4.0 19.10493655 
4.0 24.1947706 
4.0 24.9207511 
4.0 20.1926718 
4.0 19.725993 
4.0 15.3873461 
4.0 16.90492965 
4.0 22.0678122 
4.0 22.68497595 
4.0 20.49080145 
4.0 19.0288777 
4.0 22.16817435 
4.0 22.6589608 
4.0 20.49830265 
4.0 20.66541505 
4.0 26.13037105 
4.0 25.6236596 
4.0 24.3993967 
4.0 25.7488196 
4.0 24.1323019 
4.0 24.5472108 
4.0 24.31495185 
4.0 24.99986615 
4.0 22.92042655 
4.0 24.04411975 
