# Position.Z vs. Particle Type (97 data points):
# "Particle Type" Position.Z
1.0 0.0 
1.0 0.0 
1.0 0.0 
1.0 0.0 
1.0 0.0 
1.0 0.0 
1.0 0.0 
1.0 0.0 
1.0 0.0 
1.0 2.2741768 
1.0 2.2741768 
1.0 2.2741768 
1.0 2.2741768 
1.0 2.2741768 
1.0 2.2741768 
1.0 2.2741768 
1.0 2.2741768 
1.0 2.2741768 
1.0 5.55333345 
1.0 4.7592181 
1.0 4.1668767 
1.0 4.50516535 
1.0 4.3021888 
1.0 4.1609379 
1.0 4.54722625 
1.0 4.6789869 
1.0 4.56150555 
1.0 7.1267504 
1.0 7.11594835 
1.0 6.84063065 
1.0 7.2461403 
1.0 6.1000408 
1.0 8.1350381 
1.0 6.78375915 
1.0 6.57947255 
1.0 6.6656534 
2.0 8.2679436 
2.0 11.9536256 
2.0 7.8931391 
3.0 9.48635415 
3.0 9.1246015 
3.0 12.197241 
3.0 11.6375875 
3.0 14.5343142 
3.0 9.7230973 
3.0 9.96590105 
3.0 11.28403745 
3.0 15.98255785 
3.0 14.710556 
3.0 18.01237305 
3.0 16.08776925 
3.0 13.72655585 
3.0 18.87756045 
3.0 15.525307 
3.0 16.26964745 
3.0 18.47078835 
3.0 21.6799268 
3.0 21.9298583 
3.0 19.78899475 
3.0 20.53198105 
3.0 19.93449605 
4.0 13.6845569 
4.0 14.30613765 
4.0 9.34429335 
4.0 9.4735326 
4.0 9.88922935 
4.0 10.09020425 
4.0 11.75711705 
4.0 10.74492755 
4.0 16.03281435 
4.0 16.77147395 
4.0 14.92838445 
4.0 15.39380325 
4.0 17.9504738 
4.0 18.6455213 
4.0 15.8951828 
4.0 15.64568915 
4.0 14.44205525 
4.0 12.91348415 
4.0 18.03532955 
4.0 19.63864315 
4.0 15.6851282 
4.0 14.62724515 
4.0 15.4756021 
4.0 16.99431055 
4.0 17.5696213 
4.0 18.36074835 
4.0 22.4891079 
4.0 21.89825365 
4.0 21.46926495 
4.0 21.51865205 
4.0 19.4988409 
4.0 19.14028725 
4.0 20.25467675 
4.0 21.04422495 
4.0 19.56016475 
4.0 19.9442103 
