# Position.Z vs. Particle Type (97 data points):
# "Particle Type" Position.Z
1.0 0.0 
1.0 0.0 
1.0 0.0 
1.0 0.0 
1.0 0.0 
1.0 0.0 
1.0 0.0 
1.0 0.0 
1.0 0.0 
1.0 2.2741768 
1.0 2.2741768 
1.0 2.2741768 
1.0 2.2741768 
1.0 2.2741768 
1.0 2.2741768 
1.0 2.2741768 
1.0 2.2741768 
1.0 2.2741768 
1.0 5.2455445 
1.0 4.52732595 
1.0 4.4646392 
1.0 4.284756 
1.0 4.2893193 
1.0 4.2674107 
1.0 4.26545245 
1.0 4.42492645 
1.0 4.3086848 
1.0 7.0828954 
1.0 6.91002445 
1.0 6.50727175 
1.0 7.41805925 
1.0 6.50364855 
1.0 7.5887672 
1.0 6.54884405 
1.0 6.3154672 
1.0 6.72635495 
2.0 8.27071805 
2.0 12.3919271 
2.0 7.64751575 
3.0 9.444547 
3.0 8.8523883 
3.0 12.67449155 
3.0 12.06834755 
3.0 13.2913263 
3.0 9.52841155 
3.0 9.48613435 
3.0 11.753875 
3.0 15.8339748 
3.0 17.9009978 
3.0 19.82779995 
3.0 18.10087685 
3.0 15.5845746 
3.0 15.1870586 
3.0 11.08416925 
3.0 17.08006265 
3.0 15.11519625 
3.0 21.02259495 
3.0 21.0330547 
3.0 20.21298055 
3.0 21.5382776 
3.0 19.98663975 
4.0 14.03536645 
4.0 12.64887505 
4.0 10.30413195 
4.0 9.46062845 
4.0 9.24104125 
4.0 10.20575045 
4.0 12.18808745 
4.0 11.55364455 
4.0 15.49541 
4.0 16.0012972 
4.0 18.0025209 
4.0 18.7755932 
4.0 18.87180435 
4.0 19.85773125 
4.0 18.3281896 
4.0 17.7262946 
4.0 14.7977389 
4.0 16.23665925 
4.0 15.31177795 
4.0 15.29022355 
4.0 10.6616867 
4.0 10.5026607 
4.0 16.55829805 
4.0 17.09583435 
4.0 15.69357965 
4.0 15.08809645 
4.0 20.57869765 
4.0 21.8676325 
4.0 20.64512485 
4.0 20.8085339 
4.0 20.66948625 
4.0 19.9767267 
4.0 20.9821332 
4.0 21.4040519 
4.0 19.3222421 
4.0 20.8392408 
