# Position.Z vs. Particle Type (97 data points):
# "Particle Type" Position.Z
1.0 0.0 
1.0 0.0 
1.0 0.0 
1.0 0.0 
1.0 0.0 
1.0 0.0 
1.0 0.0 
1.0 0.0 
1.0 0.0 
1.0 2.2741768 
1.0 2.2741768 
1.0 2.2741768 
1.0 2.2741768 
1.0 2.2741768 
1.0 2.2741768 
1.0 2.2741768 
1.0 2.2741768 
1.0 2.2741768 
1.0 4.5296762 
1.0 4.5230808 
1.0 4.52444895 
1.0 4.5261503 
1.0 4.5275853 
1.0 4.5336739 
1.0 4.5311049 
1.0 4.52848795 
1.0 4.52521055 
1.0 6.89739365 
1.0 6.878326 
1.0 6.8542768 
1.0 6.8739013 
1.0 6.825644 
1.0 6.8169668 
1.0 6.87925875 
1.0 6.84364345 
1.0 6.858257 
2.0 8.1122216 
2.0 10.8123778 
2.0 8.0631159 
3.0 9.33349795 
3.0 9.2925182 
3.0 9.6608274 
3.0 11.9619626 
3.0 10.145646 
3.0 9.57922735 
3.0 9.73444185 
3.0 10.35215405 
3.0 10.47166995 
3.0 10.43362495 
3.0 15.01432415 
3.0 13.75131695 
3.0 13.5730343 
3.0 13.8510414 
3.0 14.03293955 
3.0 13.6943534 
3.0 17.0841937 
3.0 17.9266976 
3.0 17.58766275 
3.0 17.5282121 
3.0 17.80826075 
3.0 17.60175795 
4.0 9.1994791 
4.0 10.0834951 
4.0 9.8874755 
4.0 9.70239165 
4.0 10.04479525 
4.0 10.05253025 
4.0 10.44548505 
4.0 9.40233665 
4.0 10.68021255 
4.0 10.9835537 
4.0 10.51658125 
4.0 9.54297295 
4.0 15.5045037 
4.0 14.57550395 
4.0 13.93003745 
4.0 13.9416984 
4.0 13.76924325 
4.0 12.6212891 
4.0 14.0702989 
4.0 14.2784131 
4.0 13.8543601 
4.0 13.5013074 
4.0 13.8358143 
4.0 12.73710095 
4.0 16.10772135 
4.0 17.4266036 
4.0 17.91848275 
4.0 17.8519607 
4.0 17.7934316 
4.0 17.83058305 
4.0 17.404415 
4.0 16.6269481 
4.0 17.8792831 
4.0 18.05335035 
4.0 17.50934885 
4.0 16.6920523 
