# Position.Z vs. Particle Type (97 data points):
# "Particle Type" Position.Z
1.0 0.0 
1.0 0.0 
1.0 0.0 
1.0 0.0 
1.0 0.0 
1.0 0.0 
1.0 0.0 
1.0 0.0 
1.0 0.0 
1.0 2.2741768 
1.0 2.2741768 
1.0 2.2741768 
1.0 2.2741768 
1.0 2.2741768 
1.0 2.2741768 
1.0 2.2741768 
1.0 2.2741768 
1.0 2.2741768 
1.0 5.05914045 
1.0 4.44767225 
1.0 4.20872935 
1.0 4.25614735 
1.0 4.34292635 
1.0 4.50056425 
1.0 4.5092691 
1.0 4.2722799 
1.0 4.78434915 
1.0 7.5540437 
1.0 7.08440985 
1.0 6.79705705 
1.0 7.04079355 
1.0 6.45834665 
1.0 7.13014015 
1.0 6.89850945 
1.0 6.33303545 
1.0 6.50108165 
2.0 8.3666044 
2.0 12.7317659 
2.0 7.9143099 
3.0 9.5826829 
3.0 9.1028175 
3.0 12.54474655 
3.0 12.8488577 
3.0 14.6190604 
3.0 10.1699941 
3.0 9.3435475 
3.0 11.4246027 
3.0 17.2340056 
3.0 18.6357577 
3.0 20.0856852 
3.0 16.465652 
3.0 15.9845217 
3.0 16.4016734 
3.0 13.18291485 
3.0 18.29966635 
3.0 18.01157085 
3.0 21.44311575 
3.0 22.2894252 
3.0 20.4795955 
3.0 20.1890024 
3.0 20.25399215 
4.0 15.48888285 
4.0 14.6727651 
4.0 9.8951839 
4.0 10.57118825 
4.0 9.452093 
4.0 10.09846915 
4.0 11.6145162 
4.0 11.12356175 
4.0 17.7027795 
4.0 17.74589565 
4.0 18.9236138 
4.0 19.4852658 
4.0 19.27199015 
4.0 20.37085085 
4.0 17.05799235 
4.0 16.9402107 
4.0 15.21716 
4.0 16.1045682 
4.0 16.32381625 
4.0 15.8166974 
4.0 12.98717665 
4.0 12.8358055 
4.0 17.5909342 
4.0 18.05032845 
4.0 18.0742555 
4.0 17.11056585 
4.0 20.9618234 
4.0 22.1981501 
4.0 21.61278 
4.0 22.08090255 
4.0 21.181531 
4.0 19.9965129 
4.0 20.30802305 
4.0 20.4291416 
4.0 19.34854005 
4.0 20.16971845 
