# Position.Z vs. Particle Type (97 data points):
# "Particle Type" Position.Z
1.0 0.0 
1.0 0.0 
1.0 0.0 
1.0 0.0 
1.0 0.0 
1.0 0.0 
1.0 0.0 
1.0 0.0 
1.0 0.0 
1.0 2.2741768 
1.0 2.2741768 
1.0 2.2741768 
1.0 2.2741768 
1.0 2.2741768 
1.0 2.2741768 
1.0 2.2741768 
1.0 2.2741768 
1.0 2.2741768 
1.0 5.49268965 
1.0 4.47037605 
1.0 4.27036015 
1.0 4.31857545 
1.0 4.18074545 
1.0 4.26970775 
1.0 4.44220805 
1.0 4.6709901 
1.0 4.39321715 
1.0 7.02265165 
1.0 7.147301 
1.0 6.6447836 
1.0 7.3686879 
1.0 6.28277475 
1.0 7.7651133 
1.0 6.6076808 
1.0 6.54670625 
1.0 6.55529735 
2.0 8.3979 
2.0 14.42191905 
2.0 7.77391265 
3.0 9.57376455 
3.0 9.0009402 
3.0 15.18263565 
3.0 13.80376445 
3.0 17.58178835 
3.0 9.5660705 
3.0 9.91524345 
3.0 15.56277345 
3.0 17.9729662 
3.0 18.837056 
3.0 22.82481775 
3.0 18.3551046 
3.0 16.578212 
3.0 20.7695502 
3.0 19.37004335 
3.0 20.6882277 
3.0 20.6523667 
3.0 23.3895781 
3.0 25.07741915 
3.0 23.55790605 
3.0 24.50401345 
3.0 23.6019028 
4.0 17.2429292 
4.0 17.17400265 
4.0 9.47131395 
4.0 9.08018825 
4.0 9.7034434 
4.0 10.28048035 
4.0 15.1186063 
4.0 15.93860415 
4.0 18.0653711 
4.0 18.8941347 
4.0 19.54820595 
4.0 18.67014205 
4.0 21.89347895 
4.0 23.17837865 
4.0 18.4494345 
4.0 17.9715844 
4.0 17.1750754 
4.0 16.94148015 
4.0 20.01100535 
4.0 21.58385355 
4.0 19.814991 
4.0 19.2803905 
4.0 20.8142144 
4.0 21.4860835 
4.0 20.5846333 
4.0 20.0450285 
4.0 23.49275775 
4.0 24.11600835 
4.0 24.54684855 
4.0 25.98824235 
4.0 24.1668812 
4.0 23.5847696 
4.0 24.2941104 
4.0 23.9410479 
4.0 22.70029825 
4.0 23.8266763 
