# Position.Z vs. Particle Type (97 data points):
# "Particle Type" Position.Z
1.0 0.0 
1.0 0.0 
1.0 0.0 
1.0 0.0 
1.0 0.0 
1.0 0.0 
1.0 0.0 
1.0 0.0 
1.0 0.0 
1.0 2.2741768 
1.0 2.2741768 
1.0 2.2741768 
1.0 2.2741768 
1.0 2.2741768 
1.0 2.2741768 
1.0 2.2741768 
1.0 2.2741768 
1.0 2.2741768 
1.0 5.64558995 
1.0 4.52583565 
1.0 4.13408205 
1.0 4.4620688 
1.0 4.2878871 
1.0 4.44575495 
1.0 4.54108935 
1.0 4.71052435 
1.0 4.44366825 
1.0 7.7360437 
1.0 7.10973445 
1.0 6.7487371 
1.0 7.09485665 
1.0 6.4810879 
1.0 7.99295455 
1.0 6.8974171 
1.0 6.3497931 
1.0 6.62425995 
2.0 8.4115045 
2.0 13.84840205 
2.0 7.9539957 
3.0 9.64502665 
3.0 9.16432685 
3.0 14.0608629 
3.0 13.58187985 
3.0 11.53990915 
3.0 9.7603667 
3.0 10.28285895 
3.0 11.4499994 
3.0 13.2125749 
3.0 14.240492 
3.0 17.04895255 
3.0 16.59239155 
3.0 12.3862235 
3.0 17.23206065 
3.0 15.91246335 
3.0 16.070915 
3.0 17.80293235 
3.0 19.4914027 
3.0 19.07564785 
3.0 18.53329205 
3.0 20.72131355 
3.0 19.5711936 
4.0 12.21848845 
4.0 10.69461575 
4.0 9.8631323 
4.0 10.3570159 
4.0 10.79902635 
4.0 10.64500675 
4.0 11.60664225 
4.0 10.6997905 
4.0 13.0320372 
4.0 13.3764463 
4.0 13.9015128 
4.0 14.60467645 
4.0 16.9767143 
4.0 17.9808188 
4.0 17.51400665 
4.0 16.27487505 
4.0 11.45652235 
4.0 12.7994594 
4.0 16.5481792 
4.0 18.0834332 
4.0 16.21772565 
4.0 16.090704 
4.0 15.5707426 
4.0 16.3560761 
4.0 17.04992695 
4.0 17.5933044 
4.0 19.69209655 
4.0 19.590739 
4.0 19.35392235 
4.0 19.04233695 
4.0 18.3298017 
4.0 17.6102185 
4.0 20.08798365 
4.0 21.5915532 
4.0 19.3700507 
4.0 20.2577788 
