# Position.Z vs. Particle Type (97 data points):
# "Particle Type" Position.Z
1.0 0.0 
1.0 0.0 
1.0 0.0 
1.0 0.0 
1.0 0.0 
1.0 0.0 
1.0 0.0 
1.0 0.0 
1.0 0.0 
1.0 2.2741768 
1.0 2.2741768 
1.0 2.2741768 
1.0 2.2741768 
1.0 2.2741768 
1.0 2.2741768 
1.0 2.2741768 
1.0 2.2741768 
1.0 2.2741768 
1.0 5.48561405 
1.0 4.8137789 
1.0 4.19204205 
1.0 4.37120845 
1.0 4.30070235 
1.0 4.5372082 
1.0 4.5755717 
1.0 4.4912301 
1.0 4.3686685 
1.0 7.8366848 
1.0 7.25221805 
1.0 6.8503897 
1.0 7.00561995 
1.0 6.60957745 
1.0 7.62978195 
1.0 6.7666683 
1.0 6.20755555 
1.0 6.51341005 
2.0 8.4778743 
2.0 12.5624135 
2.0 7.9217831 
3.0 9.56858035 
3.0 9.1115458 
3.0 12.8586297 
3.0 12.1361184 
3.0 18.02218145 
3.0 11.2839979 
3.0 9.6821123 
3.0 15.45968305 
3.0 20.4062684 
3.0 21.1464442 
3.0 23.741389 
3.0 17.895864 
3.0 16.60323455 
3.0 19.02970405 
3.0 18.55856975 
3.0 21.36169805 
3.0 20.5955071 
3.0 25.4380945 
3.0 24.1408713 
3.0 22.9805436 
3.0 22.8424763 
3.0 23.0225205 
4.0 18.73641665 
4.0 17.45505895 
4.0 11.31989985 
4.0 10.8839129 
4.0 10.3653088 
4.0 10.1182452 
4.0 15.0610026 
4.0 15.17598705 
4.0 21.29419845 
4.0 20.48489485 
4.0 21.15464715 
4.0 22.0861669 
4.0 22.98793595 
4.0 23.7248606 
4.0 18.84353205 
4.0 17.74701285 
4.0 17.37620045 
4.0 16.90329095 
4.0 19.23165475 
4.0 19.20102625 
4.0 17.6303288 
4.0 18.750865 
4.0 20.59376305 
4.0 21.6535746 
4.0 20.7042528 
4.0 19.9022649 
4.0 25.10699905 
4.0 26.27778405 
4.0 23.7484639 
4.0 25.02871315 
4.0 23.4844099 
4.0 23.325036 
4.0 22.8245318 
4.0 23.7018642 
4.0 22.12200235 
4.0 22.80362315 
