# Position.Z vs. Particle Type (97 data points):
# "Particle Type" Position.Z
1.0 0.0 
1.0 0.0 
1.0 0.0 
1.0 0.0 
1.0 0.0 
1.0 0.0 
1.0 0.0 
1.0 0.0 
1.0 0.0 
1.0 2.2741768 
1.0 2.2741768 
1.0 2.2741768 
1.0 2.2741768 
1.0 2.2741768 
1.0 2.2741768 
1.0 2.2741768 
1.0 2.2741768 
1.0 2.2741768 
1.0 5.05542555 
1.0 4.32691735 
1.0 4.4389982 
1.0 4.60816055 
1.0 4.3143345 
1.0 4.3100652 
1.0 4.36024155 
1.0 4.38712085 
1.0 4.930415 
1.0 6.998838 
1.0 7.57891995 
1.0 6.567162 
1.0 7.24451105 
1.0 6.40480015 
1.0 7.3574858 
1.0 6.9645072 
1.0 6.36311235 
1.0 6.65431655 
2.0 8.28513735 
2.0 12.65363015 
2.0 8.02441045 
3.0 9.5104373 
3.0 9.1691411 
3.0 12.32470295 
3.0 12.9857574 
3.0 18.7967493 
3.0 10.74276875 
3.0 9.4997931 
3.0 16.5279212 
3.0 21.557662 
3.0 19.768434 
3.0 24.2880246 
3.0 18.63869525 
3.0 17.7485749 
3.0 20.90235315 
3.0 19.9653678 
3.0 21.7679875 
3.0 21.28563745 
3.0 25.13164815 
3.0 26.13276925 
3.0 24.27038635 
3.0 24.33582795 
3.0 23.9366995 
4.0 19.67910035 
4.0 18.78474255 
4.0 10.0964745 
4.0 10.7805453 
4.0 9.8686665 
4.0 9.5037768 
4.0 16.8569016 
4.0 15.55661345 
4.0 22.37382105 
4.0 21.40563985 
4.0 20.48245465 
4.0 19.25131215 
4.0 23.467171 
4.0 24.2910087 
4.0 19.22172595 
4.0 17.75587625 
4.0 18.4492966 
4.0 18.3470399 
4.0 21.2623733 
4.0 20.0811933 
4.0 20.8022255 
4.0 19.2266109 
4.0 21.6066172 
4.0 22.65420605 
4.0 20.71814675 
4.0 20.7893518 
4.0 25.3879563 
4.0 25.65531325 
4.0 25.5513328 
4.0 26.6828807 
4.0 24.91176695 
4.0 24.5054565 
4.0 24.1095113 
4.0 24.68272975 
4.0 22.939924 
4.0 24.0899764 
