# Position.Z vs. Particle Type (97 data points):
# "Particle Type" Position.Z
1.0 0.0 
1.0 0.0 
1.0 0.0 
1.0 0.0 
1.0 0.0 
1.0 0.0 
1.0 0.0 
1.0 0.0 
1.0 0.0 
1.0 2.2741768 
1.0 2.2741768 
1.0 2.2741768 
1.0 2.2741768 
1.0 2.2741768 
1.0 2.2741768 
1.0 2.2741768 
1.0 2.2741768 
1.0 2.2741768 
1.0 5.5295576 
1.0 4.68731935 
1.0 4.34505295 
1.0 4.4264535 
1.0 4.40886005 
1.0 4.346419 
1.0 4.46006085 
1.0 4.57871785 
1.0 4.4324021 
1.0 6.99009185 
1.0 6.87717975 
1.0 6.94360555 
1.0 7.4304496 
1.0 6.43775755 
1.0 8.18852685 
1.0 6.5985199 
1.0 6.63314365 
1.0 6.9657413 
2.0 8.2474511 
2.0 13.30712775 
2.0 8.14865625 
3.0 9.37334545 
3.0 9.2873585 
3.0 12.30185425 
3.0 14.238133 
3.0 19.32030975 
3.0 11.50442545 
3.0 9.97688685 
3.0 16.76738455 
3.0 20.9849549 
3.0 19.5148919 
3.0 23.48261195 
3.0 16.2243039 
3.0 18.09216955 
3.0 19.4047721 
3.0 18.79600975 
3.0 21.36403745 
3.0 21.00904365 
3.0 25.4278108 
3.0 25.75913305 
3.0 23.83746645 
3.0 23.71760615 
3.0 23.7322197 
4.0 19.87346305 
4.0 18.52404155 
4.0 12.45932205 
4.0 11.0513928 
4.0 10.68497605 
4.0 9.68688 
4.0 17.26478915 
4.0 17.5036463 
4.0 21.8728027 
4.0 21.06179005 
4.0 19.70000585 
4.0 19.52689305 
4.0 22.60573595 
4.0 23.7348398 
4.0 15.76575455 
4.0 16.1600292 
4.0 18.59583915 
4.0 18.7394158 
4.0 20.0162725 
4.0 19.00084725 
4.0 17.88026625 
4.0 18.75892585 
4.0 20.764142 
4.0 22.0385459 
4.0 20.80471435 
4.0 20.2608798 
4.0 24.7239881 
4.0 25.5145072 
4.0 25.0585055 
4.0 26.6095571 
4.0 24.0234512 
4.0 23.98320225 
4.0 23.884028 
4.0 24.49545175 
4.0 22.84448565 
4.0 23.75525705 
