# Position.Z vs. Particle Type (97 data points):
# "Particle Type" Position.Z
1.0 0.0 
1.0 0.0 
1.0 0.0 
1.0 0.0 
1.0 0.0 
1.0 0.0 
1.0 0.0 
1.0 0.0 
1.0 0.0 
1.0 2.2741768 
1.0 2.2741768 
1.0 2.2741768 
1.0 2.2741768 
1.0 2.2741768 
1.0 2.2741768 
1.0 2.2741768 
1.0 2.2741768 
1.0 2.2741768 
1.0 5.3428221 
1.0 4.4492749 
1.0 4.3030036 
1.0 4.3395114 
1.0 4.2987161 
1.0 4.23743075 
1.0 4.479342 
1.0 4.38623325 
1.0 4.3247946 
1.0 7.16176125 
1.0 7.28586075 
1.0 6.59633625 
1.0 7.2512062 
1.0 6.2234592 
1.0 7.6032194 
1.0 6.7358592 
1.0 6.3513688 
1.0 6.79391475 
2.0 8.44337375 
2.0 14.3553683 
2.0 7.8437079 
3.0 9.62150875 
3.0 9.0482553 
3.0 14.14407085 
3.0 14.63257355 
3.0 18.77293425 
3.0 10.73948505 
3.0 9.58773725 
3.0 17.8225964 
3.0 20.7952801 
3.0 20.045893 
3.0 24.3875156 
3.0 19.11365435 
3.0 16.0783973 
3.0 22.73892915 
3.0 19.50218165 
3.0 22.02477655 
3.0 20.80842925 
3.0 25.9937797 
3.0 25.9597415 
3.0 24.4526681 
3.0 24.22599935 
3.0 24.23372805 
4.0 19.3230814 
4.0 18.52799375 
4.0 10.69890255 
4.0 11.59890095 
4.0 9.93153315 
4.0 9.2864177 
4.0 17.24489375 
4.0 18.5623004 
4.0 21.35313145 
4.0 20.41213475 
4.0 20.8464018 
4.0 19.5895028 
4.0 23.79329925 
4.0 24.46654665 
4.0 19.2048094 
4.0 19.031684 
4.0 15.24919515 
4.0 16.76313625 
4.0 21.8953406 
4.0 23.08440015 
4.0 20.31983345 
4.0 18.86945095 
4.0 22.2159847 
4.0 22.89761635 
4.0 20.4582231 
4.0 20.2321553 
4.0 25.7089784 
4.0 25.9083013 
4.0 25.46466755 
4.0 26.8561671 
4.0 25.1020791 
4.0 24.2937023 
4.0 24.35042155 
4.0 25.00969275 
4.0 23.34381385 
4.0 24.25432205 
