# Position.Z vs. Particle Type (97 data points):
# "Particle Type" Position.Z
1.0 0.0 
1.0 0.0 
1.0 0.0 
1.0 0.0 
1.0 0.0 
1.0 0.0 
1.0 0.0 
1.0 0.0 
1.0 0.0 
1.0 2.2741768 
1.0 2.2741768 
1.0 2.2741768 
1.0 2.2741768 
1.0 2.2741768 
1.0 2.2741768 
1.0 2.2741768 
1.0 2.2741768 
1.0 2.2741768 
1.0 5.5016304 
1.0 4.90335125 
1.0 4.2914193 
1.0 4.38586715 
1.0 4.311181 
1.0 4.32832295 
1.0 4.65433255 
1.0 4.48322595 
1.0 4.27263935 
1.0 7.49928305 
1.0 6.9331136 
1.0 6.9360431 
1.0 7.08722035 
1.0 6.6891552 
1.0 8.0356843 
1.0 6.8977643 
1.0 6.0672059 
1.0 6.46784425 
2.0 8.2726686 
2.0 13.447644 
2.0 7.83409095 
3.0 9.45396025 
3.0 9.02841625 
3.0 13.75143105 
3.0 13.14405505 
3.0 11.3717723 
3.0 10.39225425 
3.0 9.94923545 
3.0 10.38829365 
3.0 12.93865265 
3.0 14.1929053 
3.0 16.5328989 
3.0 16.19758945 
3.0 12.2406606 
3.0 17.14108515 
3.0 15.67657105 
3.0 16.07053315 
3.0 17.80063985 
3.0 19.8353435 
3.0 19.0895845 
3.0 18.80817645 
3.0 20.60381225 
3.0 18.9299474 
4.0 12.1972564 
4.0 10.7399327 
4.0 9.8227493 
4.0 10.22296835 
4.0 10.43191485 
4.0 10.6554581 
4.0 10.6460102 
4.0 10.3652766 
4.0 12.4006568 
4.0 13.4986747 
4.0 13.87422645 
4.0 14.5331305 
4.0 16.4547957 
4.0 17.4292034 
4.0 17.20480265 
4.0 15.92637445 
4.0 12.01695985 
4.0 12.9809841 
4.0 16.74660505 
4.0 18.1119715 
4.0 15.95223035 
4.0 15.93765495 
4.0 15.3812253 
4.0 16.07177355 
4.0 17.0191917 
4.0 17.43276815 
4.0 20.1503134 
4.0 19.78768435 
4.0 19.1790571 
4.0 19.1808092 
4.0 19.01373425 
4.0 17.8053302 
4.0 19.9033688 
4.0 21.2691465 
4.0 18.8836949 
4.0 19.57761925 
