# Position.Z vs. Particle Type (97 data points):
# "Particle Type" Position.Z
1.0 0.0 
1.0 0.0 
1.0 0.0 
1.0 0.0 
1.0 0.0 
1.0 0.0 
1.0 0.0 
1.0 0.0 
1.0 0.0 
1.0 2.2741768 
1.0 2.2741768 
1.0 2.2741768 
1.0 2.2741768 
1.0 2.2741768 
1.0 2.2741768 
1.0 2.2741768 
1.0 2.2741768 
1.0 2.2741768 
1.0 5.2836966 
1.0 4.4634744 
1.0 4.237793 
1.0 4.53870515 
1.0 4.44309145 
1.0 4.2889966 
1.0 4.3548456 
1.0 4.34572775 
1.0 4.78400125 
1.0 7.0330666 
1.0 7.61980275 
1.0 6.661536 
1.0 7.41370105 
1.0 6.37277095 
1.0 7.2073841 
1.0 6.6676708 
1.0 6.3510587 
1.0 7.0185339 
2.0 8.59393395 
2.0 12.19695015 
2.0 7.8305374 
3.0 9.78674585 
3.0 9.0315974 
3.0 12.37833415 
3.0 11.9443681 
3.0 18.88393185 
3.0 11.3601964 
3.0 9.4425891 
3.0 15.723806 
3.0 21.1395492 
3.0 20.3812693 
3.0 24.51382465 
3.0 18.4254294 
3.0 18.0838042 
3.0 20.5397017 
3.0 19.97117955 
3.0 22.06824585 
3.0 21.68394655 
3.0 24.12876445 
3.0 26.02886405 
3.0 23.70690805 
3.0 24.52100315 
3.0 24.4965686 
4.0 19.6157171 
4.0 18.3101296 
4.0 10.8182879 
4.0 11.95462345 
4.0 10.1616074 
4.0 9.5566499 
4.0 16.0058304 
4.0 15.05974995 
4.0 22.0260887 
4.0 21.1903804 
4.0 20.8972288 
4.0 19.80049645 
4.0 23.5365424 
4.0 24.71785015 
4.0 18.8983375 
4.0 17.711309 
4.0 18.5936695 
4.0 18.6896227 
4.0 20.7403735 
4.0 19.8037042 
4.0 20.85590325 
4.0 19.3807775 
4.0 21.55300665 
4.0 22.8685212 
4.0 21.24817975 
4.0 21.10094035 
4.0 24.3896261 
4.0 24.80715545 
4.0 25.3868181 
4.0 26.6469777 
4.0 24.00867455 
4.0 24.2202982 
4.0 24.1735851 
4.0 24.56028365 
4.0 23.5152995 
4.0 24.61485845 
