# Position.Z vs. Particle Type (97 data points):
# "Particle Type" Position.Z
1.0 0.0 
1.0 0.0 
1.0 0.0 
1.0 0.0 
1.0 0.0 
1.0 0.0 
1.0 0.0 
1.0 0.0 
1.0 0.0 
1.0 2.2741768 
1.0 2.2741768 
1.0 2.2741768 
1.0 2.2741768 
1.0 2.2741768 
1.0 2.2741768 
1.0 2.2741768 
1.0 2.2741768 
1.0 2.2741768 
1.0 4.44273095 
1.0 4.2699657 
1.0 4.40558195 
1.0 4.67589675 
1.0 4.48645855 
1.0 4.3327102 
1.0 4.62193795 
1.0 4.54129935 
1.0 5.1574747 
1.0 7.26470465 
1.0 7.7571837 
1.0 6.93315245 
1.0 6.7094216 
1.0 6.54127145 
1.0 6.44646975 
1.0 6.86559335 
1.0 6.5222458 
1.0 7.0989695 
2.0 8.3820499 
2.0 11.8890534 
2.0 7.9753996 
3.0 9.57133835 
3.0 9.2098755 
3.0 10.88235785 
3.0 12.76690415 
3.0 9.87793555 
3.0 10.74589495 
3.0 9.4487197 
3.0 12.205333 
3.0 12.8569203 
3.0 12.89034565 
3.0 16.84105675 
3.0 16.4330222 
3.0 15.58687935 
3.0 16.48672865 
3.0 17.02489915 
3.0 13.9773767 
3.0 19.5579685 
3.0 19.3790681 
3.0 19.4233641 
3.0 19.5521984 
3.0 20.6779405 
3.0 19.3941524 
4.0 9.34527055 
4.0 10.3151923 
4.0 11.0516308 
4.0 10.2252738 
4.0 10.2458867 
4.0 9.19413005 
4.0 12.7215669 
4.0 11.3799161 
4.0 12.5439573 
4.0 13.2458172 
4.0 12.12142225 
4.0 13.15769 
4.0 16.69865995 
4.0 16.569161 
4.0 17.32399795 
4.0 16.3770117 
4.0 15.71456985 
4.0 14.7837137 
4.0 16.0745368 
4.0 17.34094215 
4.0 16.50053125 
4.0 17.47772845 
4.0 14.79771895 
4.0 13.43516685 
4.0 18.71120055 
4.0 19.39709625 
4.0 19.79526255 
4.0 19.58093165 
4.0 19.35019065 
4.0 19.46753935 
4.0 19.8305982 
4.0 18.56561875 
4.0 20.2840421 
4.0 21.6301743 
4.0 19.66710025 
4.0 19.91229625 
