# Position.Z vs. Particle Type (97 data points):
# "Particle Type" Position.Z
1.0 0.0 
1.0 0.0 
1.0 0.0 
1.0 0.0 
1.0 0.0 
1.0 0.0 
1.0 0.0 
1.0 0.0 
1.0 0.0 
1.0 2.2741768 
1.0 2.2741768 
1.0 2.2741768 
1.0 2.2741768 
1.0 2.2741768 
1.0 2.2741768 
1.0 2.2741768 
1.0 2.2741768 
1.0 2.2741768 
1.0 5.26221465 
1.0 4.54894895 
1.0 4.28758155 
1.0 4.55338065 
1.0 4.24889115 
1.0 4.2865963 
1.0 4.411281 
1.0 4.56470385 
1.0 4.43252915 
1.0 7.00408695 
1.0 7.17798725 
1.0 6.65622965 
1.0 7.46429565 
1.0 6.2117615 
1.0 7.90533275 
1.0 6.5673748 
1.0 6.4662843 
1.0 6.8504142 
2.0 8.4339535 
2.0 12.47786925 
2.0 7.75948635 
3.0 9.66914095 
3.0 9.0118014 
3.0 11.8440448 
3.0 12.94013175 
3.0 18.70555505 
3.0 11.2979188 
3.0 9.8393092 
3.0 16.7813156 
3.0 20.94394925 
3.0 19.752215 
3.0 23.9852361 
3.0 15.69682345 
3.0 17.88934175 
3.0 19.5882323 
3.0 18.9426363 
3.0 21.76011985 
3.0 20.94851185 
3.0 25.55879935 
3.0 25.5761471 
3.0 24.1042011 
3.0 23.86067565 
3.0 23.49345355 
4.0 19.312034 
4.0 17.8416952 
4.0 11.92129575 
4.0 10.96687515 
4.0 10.3829124 
4.0 9.75636935 
4.0 17.37888425 
4.0 17.41587435 
4.0 21.8828666 
4.0 21.11408635 
4.0 20.4753073 
4.0 19.27312065 
4.0 23.05060975 
4.0 24.15098105 
4.0 15.3567309 
4.0 15.98451925 
4.0 18.5047177 
4.0 17.0391613 
4.0 20.2798309 
4.0 19.4615708 
4.0 18.18216715 
4.0 18.94208225 
4.0 21.1261197 
4.0 22.39754125 
4.0 20.52507135 
4.0 20.37079905 
4.0 25.1644015 
4.0 25.7953626 
4.0 24.84951665 
4.0 26.4079648 
4.0 24.6010569 
4.0 24.3196016 
4.0 23.99200685 
4.0 24.5998165 
4.0 22.5639771 
4.0 23.54309335 
