# Position.Z vs. Particle Type (97 data points):
# "Particle Type" Position.Z
1.0 0.0 
1.0 0.0 
1.0 0.0 
1.0 0.0 
1.0 0.0 
1.0 0.0 
1.0 0.0 
1.0 0.0 
1.0 0.0 
1.0 2.2741768 
1.0 2.2741768 
1.0 2.2741768 
1.0 2.2741768 
1.0 2.2741768 
1.0 2.2741768 
1.0 2.2741768 
1.0 2.2741768 
1.0 2.2741768 
1.0 5.289942 
1.0 4.3271508 
1.0 4.4900191 
1.0 4.46621805 
1.0 4.27776545 
1.0 4.2084469 
1.0 4.31125765 
1.0 4.5194037 
1.0 4.5056697 
1.0 6.8622827 
1.0 6.82917305 
1.0 6.53474045 
1.0 7.52368225 
1.0 6.4806 
1.0 7.6554429 
1.0 6.7728402 
1.0 6.3403165 
1.0 6.77662195 
2.0 8.1426212 
2.0 13.03320235 
2.0 7.82483555 
3.0 9.28938045 
3.0 9.0279476 
3.0 12.6570213 
3.0 13.3083125 
3.0 11.784346 
3.0 9.55163195 
3.0 9.53208095 
3.0 11.3704465 
3.0 15.0559787 
3.0 16.6664988 
3.0 18.4513469 
3.0 16.5708326 
3.0 14.9061598 
3.0 13.550929 
3.0 11.3278228 
3.0 15.3656839 
3.0 16.5035549 
3.0 20.1038691 
3.0 19.21578085 
3.0 20.5559368 
3.0 19.72202925 
3.0 19.15238255 
4.0 12.61484175 
4.0 11.8386002 
4.0 10.22122815 
4.0 9.7879691 
4.0 9.5285393 
4.0 10.30185765 
4.0 11.47914145 
4.0 10.54054295 
4.0 15.3568408 
4.0 15.3047713 
4.0 16.5261376 
4.0 17.6097803 
4.0 17.578813 
4.0 18.8677132 
4.0 16.46208725 
4.0 16.1199815 
4.0 14.73014795 
4.0 15.46250965 
4.0 13.57197975 
4.0 12.7403122 
4.0 10.4613236 
4.0 11.985974 
4.0 15.0593653 
4.0 15.8014297 
4.0 15.9574289 
4.0 17.48605705 
4.0 19.5338185 
4.0 20.8058949 
4.0 19.59855205 
4.0 19.74528115 
4.0 20.22405315 
4.0 19.7966216 
4.0 20.43128885 
4.0 19.798898 
4.0 18.3645329 
4.0 19.50541775 
