# Position.Z vs. Particle Type (97 data points):
# "Particle Type" Position.Z
1.0 0.0 
1.0 0.0 
1.0 0.0 
1.0 0.0 
1.0 0.0 
1.0 0.0 
1.0 0.0 
1.0 0.0 
1.0 0.0 
1.0 2.2741768 
1.0 2.2741768 
1.0 2.2741768 
1.0 2.2741768 
1.0 2.2741768 
1.0 2.2741768 
1.0 2.2741768 
1.0 2.2741768 
1.0 2.2741768 
1.0 5.23387025 
1.0 4.79558555 
1.0 4.2746039 
1.0 4.3441629 
1.0 4.16712205 
1.0 4.26892095 
1.0 4.65664745 
1.0 4.4904342 
1.0 4.40769735 
1.0 7.20728785 
1.0 6.9820471 
1.0 6.50349595 
1.0 7.2380938 
1.0 6.3147308 
1.0 7.5150173 
1.0 6.7200133 
1.0 6.289871 
1.0 6.52743385 
2.0 8.29035865 
2.0 14.60163355 
2.0 7.8266727 
3.0 9.48187485 
3.0 9.00912915 
3.0 14.73006185 
3.0 14.3720584 
3.0 10.94490845 
3.0 12.1836078 
3.0 9.63605055 
3.0 10.6569505 
3.0 15.51383505 
3.0 11.3182783 
3.0 19.2198223 
3.0 18.99794155 
3.0 17.26191915 
3.0 20.0256119 
3.0 17.56493795 
3.0 18.607393 
3.0 20.57853735 
3.0 22.2575213 
3.0 23.3599177 
3.0 21.30424905 
3.0 23.36695585 
3.0 22.1354889 
4.0 11.313043 
4.0 10.1915387 
4.0 12.03123915 
4.0 11.8975962 
4.0 9.90725085 
4.0 9.9342572 
4.0 10.90638745 
4.0 10.1302985 
4.0 15.49803605 
4.0 15.71009965 
4.0 12.21381875 
4.0 10.7762263 
4.0 19.22279205 
4.0 20.1613713 
4.0 19.8770355 
4.0 18.94719155 
4.0 17.15115115 
4.0 16.91578875 
4.0 19.3307485 
4.0 20.83042815 
4.0 18.2065485 
4.0 17.90821935 
4.0 17.635233 
4.0 18.59867835 
4.0 19.8058616 
4.0 20.3143178 
4.0 22.72695355 
4.0 22.75034545 
4.0 22.9871873 
4.0 22.94020925 
4.0 21.33526605 
4.0 20.37308805 
4.0 22.60467615 
4.0 24.15989905 
4.0 21.9189103 
4.0 22.7443286 
