# Position.Z vs. Particle Type (97 data points):
# "Particle Type" Position.Z
1.0 0.0 
1.0 0.0 
1.0 0.0 
1.0 0.0 
1.0 0.0 
1.0 0.0 
1.0 0.0 
1.0 0.0 
1.0 0.0 
1.0 2.2741768 
1.0 2.2741768 
1.0 2.2741768 
1.0 2.2741768 
1.0 2.2741768 
1.0 2.2741768 
1.0 2.2741768 
1.0 2.2741768 
1.0 2.2741768 
1.0 5.3273843 
1.0 4.74405085 
1.0 4.25641335 
1.0 4.5186855 
1.0 4.28009925 
1.0 4.23466855 
1.0 4.16953075 
1.0 4.5828069 
1.0 4.3297191 
1.0 7.1491098 
1.0 7.13556095 
1.0 6.5533251 
1.0 7.37030245 
1.0 6.38910965 
1.0 7.6622476 
1.0 6.84766565 
1.0 6.3008162 
1.0 6.6629157 
2.0 8.350832 
2.0 13.5714432 
2.0 7.84687085 
3.0 9.47381295 
3.0 9.0427883 
3.0 12.72320945 
3.0 14.35130585 
3.0 19.1204118 
3.0 11.392584 
3.0 9.71028625 
3.0 16.62816995 
3.0 20.8135879 
3.0 20.5252341 
3.0 24.26846765 
3.0 17.27020015 
3.0 18.080573 
3.0 20.52634325 
3.0 18.5123582 
3.0 22.7442768 
3.0 20.8207398 
3.0 25.70134805 
3.0 24.4632164 
3.0 23.2139173 
3.0 24.178959 
3.0 23.37900495 
4.0 19.73075685 
4.0 18.66826815 
4.0 10.97317375 
4.0 12.2226349 
4.0 10.3124322 
4.0 9.81272705 
4.0 17.1674279 
4.0 16.4716685 
4.0 21.8225322 
4.0 20.754958 
4.0 21.1470154 
4.0 20.14714905 
4.0 23.75425815 
4.0 23.98057795 
4.0 16.38214655 
4.0 17.2611068 
4.0 18.9392609 
4.0 17.9603284 
4.0 20.3852593 
4.0 19.61067605 
4.0 18.0450242 
4.0 18.25942405 
4.0 22.0488093 
4.0 23.2419117 
4.0 20.90937275 
4.0 20.07116615 
4.0 26.3001067 
4.0 25.36766015 
4.0 24.11039225 
4.0 24.9623171 
4.0 23.2148777 
4.0 23.64470185 
4.0 23.77523295 
4.0 25.0691266 
4.0 22.40132685 
4.0 23.34813495 
