# Position.Z vs. Particle Type (97 data points):
# "Particle Type" Position.Z
1.0 0.0 
1.0 0.0 
1.0 0.0 
1.0 0.0 
1.0 0.0 
1.0 0.0 
1.0 0.0 
1.0 0.0 
1.0 0.0 
1.0 2.2741768 
1.0 2.2741768 
1.0 2.2741768 
1.0 2.2741768 
1.0 2.2741768 
1.0 2.2741768 
1.0 2.2741768 
1.0 2.2741768 
1.0 2.2741768 
1.0 5.3205971 
1.0 4.51046995 
1.0 4.3530319 
1.0 4.42205505 
1.0 4.31366705 
1.0 4.2966301 
1.0 4.5179512 
1.0 4.29318155 
1.0 4.54550355 
1.0 7.2146522 
1.0 7.0187754 
1.0 6.55421025 
1.0 7.30357985 
1.0 6.42356295 
1.0 7.6741518 
1.0 6.77526255 
1.0 6.42443515 
1.0 6.77401305 
2.0 8.3308421 
2.0 11.79351075 
2.0 7.9887668 
3.0 9.5421228 
3.0 9.16949355 
3.0 11.2319816 
3.0 12.3264428 
3.0 13.1231478 
3.0 9.35180785 
3.0 9.7300574 
3.0 12.01401635 
3.0 15.52271385 
3.0 17.69959415 
3.0 19.28581585 
3.0 16.72201895 
3.0 14.66983805 
3.0 15.47896875 
3.0 11.02566255 
3.0 16.4318224 
3.0 15.3293791 
3.0 21.5661229 
3.0 20.28334035 
3.0 20.26885945 
3.0 21.37397115 
3.0 19.44224835 
4.0 13.928075 
4.0 12.4468883 
4.0 9.98803645 
4.0 9.67532895 
4.0 9.3132767 
4.0 10.32528595 
4.0 12.518667 
4.0 11.8003319 
4.0 15.74967625 
4.0 15.9446532 
4.0 17.78092435 
4.0 18.59243855 
4.0 18.3135078 
4.0 19.4547864 
4.0 16.9886206 
4.0 16.5219292 
4.0 13.82323635 
4.0 15.35920645 
4.0 15.24937085 
4.0 14.55163605 
4.0 10.48862535 
4.0 10.8338713 
4.0 16.11078595 
4.0 16.711107 
4.0 15.55621935 
4.0 15.39379975 
4.0 20.7862291 
4.0 22.23322045 
4.0 19.83889075 
4.0 20.45345575 
4.0 20.59810025 
4.0 20.0974844 
4.0 21.2699214 
4.0 21.5016921 
4.0 18.6951394 
4.0 20.20410245 
