# Position.Z vs. Particle Type (97 data points):
# "Particle Type" Position.Z
1.0 0.0 
1.0 0.0 
1.0 0.0 
1.0 0.0 
1.0 0.0 
1.0 0.0 
1.0 0.0 
1.0 0.0 
1.0 0.0 
1.0 2.2741768 
1.0 2.2741768 
1.0 2.2741768 
1.0 2.2741768 
1.0 2.2741768 
1.0 2.2741768 
1.0 2.2741768 
1.0 2.2741768 
1.0 2.2741768 
1.0 5.44751865 
1.0 5.0022833 
1.0 4.34890925 
1.0 4.41739935 
1.0 4.3398607 
1.0 4.2396459 
1.0 4.55868595 
1.0 4.60747735 
1.0 4.4173304 
1.0 7.3036012 
1.0 7.1895565 
1.0 6.60935065 
1.0 7.41271195 
1.0 6.74639665 
1.0 7.83158915 
1.0 6.68829805 
1.0 6.2257664 
1.0 6.65166075 
2.0 8.45806955 
2.0 12.12750945 
2.0 7.70417655 
3.0 9.5956371 
3.0 8.89092225 
3.0 12.5262438 
3.0 11.74750815 
3.0 14.20340915 
3.0 10.17866115 
3.0 9.97868095 
3.0 11.74135585 
3.0 16.0731242 
3.0 19.256538 
3.0 21.6061923 
3.0 16.9244026 
3.0 16.6098618 
3.0 16.07137385 
3.0 14.67153135 
3.0 19.06054885 
3.0 18.72079125 
3.0 23.18665825 
3.0 23.22718965 
3.0 21.14671685 
3.0 21.127855 
3.0 21.4560409 
4.0 14.97634075 
4.0 14.0574322 
4.0 9.4595151 
4.0 10.16869455 
4.0 10.05406745 
4.0 10.55826345 
4.0 12.62876475 
4.0 11.63702715 
4.0 15.8753427 
4.0 16.70755695 
4.0 19.2691394 
4.0 20.09999285 
4.0 20.70390735 
4.0 21.7513751 
4.0 17.77156815 
4.0 16.91718805 
4.0 16.00304895 
4.0 16.60811565 
4.0 16.13767715 
4.0 15.30960585 
4.0 15.2957483 
4.0 13.7815755 
4.0 18.1983592 
4.0 19.16754035 
4.0 18.9191849 
4.0 18.0924534 
4.0 22.86466245 
4.0 23.5629044 
4.0 22.58546815 
4.0 23.77603515 
4.0 21.9260601 
4.0 21.17893015 
4.0 21.4238682 
4.0 21.9518635 
4.0 20.62709985 
4.0 21.15727565 
