# Position.Z vs. Particle Type (97 data points):
# "Particle Type" Position.Z
1.0 0.0 
1.0 0.0 
1.0 0.0 
1.0 0.0 
1.0 0.0 
1.0 0.0 
1.0 0.0 
1.0 0.0 
1.0 0.0 
1.0 2.2741768 
1.0 2.2741768 
1.0 2.2741768 
1.0 2.2741768 
1.0 2.2741768 
1.0 2.2741768 
1.0 2.2741768 
1.0 2.2741768 
1.0 2.2741768 
1.0 5.27133425 
1.0 4.5743096 
1.0 4.36625805 
1.0 4.6495113 
1.0 4.41578585 
1.0 4.2409437 
1.0 4.35254085 
1.0 4.3431759 
1.0 4.3441027 
1.0 6.8350667 
1.0 6.95712535 
1.0 6.70300715 
1.0 7.6745102 
1.0 6.42455835 
1.0 7.4443243 
1.0 7.03997315 
1.0 6.34044215 
1.0 6.78923455 
2.0 8.2888498 
2.0 13.08374095 
2.0 7.9605183 
3.0 9.4262154 
3.0 9.2519 
3.0 12.73707785 
3.0 13.3861035 
3.0 12.25631645 
3.0 9.77372025 
3.0 9.47768885 
3.0 11.2356335 
3.0 15.09181835 
3.0 16.56655175 
3.0 17.8312722 
3.0 16.1722253 
3.0 13.9054622 
3.0 13.04590035 
3.0 11.6338054 
3.0 15.5349719 
3.0 15.4194901 
3.0 19.3411617 
3.0 17.91287435 
3.0 19.2835356 
3.0 20.29767705 
3.0 18.61001555 
4.0 13.204163 
4.0 12.0676311 
4.0 10.40978855 
4.0 9.62354715 
4.0 9.3429553 
4.0 10.0321452 
4.0 11.66152785 
4.0 10.85378315 
4.0 15.33104475 
4.0 15.13311415 
4.0 16.77886735 
4.0 17.49954815 
4.0 16.864288 
4.0 18.0145042 
4.0 15.8137728 
4.0 15.92195465 
4.0 13.1819415 
4.0 14.6942768 
4.0 13.3425257 
4.0 12.52747125 
4.0 10.7167074 
4.0 12.08187085 
4.0 14.75252905 
4.0 15.84156595 
4.0 14.6798372 
4.0 16.19107665 
4.0 18.66907525 
4.0 20.22795495 
4.0 18.0000646 
4.0 18.64503445 
4.0 19.23560765 
4.0 18.96731375 
4.0 20.1602163 
4.0 19.5185123 
4.0 17.91103125 
4.0 19.52424005 
