# Position.Z vs. Particle Type (97 data points):
# "Particle Type" Position.Z
1.0 0.0 
1.0 0.0 
1.0 0.0 
1.0 0.0 
1.0 0.0 
1.0 0.0 
1.0 0.0 
1.0 0.0 
1.0 0.0 
1.0 2.2741768 
1.0 2.2741768 
1.0 2.2741768 
1.0 2.2741768 
1.0 2.2741768 
1.0 2.2741768 
1.0 2.2741768 
1.0 2.2741768 
1.0 2.2741768 
1.0 5.36934265 
1.0 4.70498945 
1.0 4.26049995 
1.0 4.42236165 
1.0 4.26435205 
1.0 4.56398355 
1.0 4.2249172 
1.0 4.7462415 
1.0 4.67381705 
1.0 7.18109525 
1.0 7.38211775 
1.0 6.692637 
1.0 7.28780605 
1.0 6.20363555 
1.0 7.90678595 
1.0 6.55431945 
1.0 6.54241735 
1.0 6.66685775 
2.0 8.54829605 
2.0 12.94904415 
2.0 7.85873305 
3.0 9.75648485 
3.0 9.0763148 
3.0 12.7607627 
3.0 13.0235924 
3.0 16.69309635 
3.0 10.0823884 
3.0 9.6705392 
3.0 11.17671695 
3.0 17.2841018 
3.0 18.2806722 
3.0 20.35282725 
3.0 18.40845125 
3.0 15.0102631 
3.0 20.27394145 
3.0 19.2772384 
3.0 20.0754099 
3.0 21.7593173 
3.0 23.01635315 
3.0 23.64862605 
3.0 22.49322775 
3.0 24.56137565 
3.0 23.00921945 
4.0 16.88271865 
4.0 16.2154706 
4.0 9.33968875 
4.0 10.20973625 
4.0 10.1887338 
4.0 10.26567115 
4.0 10.9502848 
4.0 10.8332343 
4.0 17.83378135 
4.0 17.68466805 
4.0 18.16788715 
4.0 18.6921455 
4.0 20.09284935 
4.0 21.3669001 
4.0 18.85824465 
4.0 17.7388176 
4.0 15.4420497 
4.0 14.0242788 
4.0 19.6747852 
4.0 21.19241845 
4.0 19.6233226 
4.0 19.2319764 
4.0 19.50079985 
4.0 20.0684162 
4.0 21.06059235 
4.0 21.21781655 
4.0 23.5774357 
4.0 23.409778 
4.0 23.7176597 
4.0 23.1201656 
4.0 22.3857466 
4.0 21.65384305 
4.0 23.9610777 
4.0 24.79734425 
4.0 22.70695455 
4.0 23.63771935 
