# Position.Z vs. Particle Type (97 data points):
# "Particle Type" Position.Z
1.0 0.0 
1.0 0.0 
1.0 0.0 
1.0 0.0 
1.0 0.0 
1.0 0.0 
1.0 0.0 
1.0 0.0 
1.0 0.0 
1.0 2.2741768 
1.0 2.2741768 
1.0 2.2741768 
1.0 2.2741768 
1.0 2.2741768 
1.0 2.2741768 
1.0 2.2741768 
1.0 2.2741768 
1.0 2.2741768 
1.0 5.34933945 
1.0 4.6427514 
1.0 4.25454785 
1.0 4.5110989 
1.0 4.415173 
1.0 4.2491834 
1.0 4.38668335 
1.0 4.4540062 
1.0 4.62753375 
1.0 6.77133485 
1.0 7.16000635 
1.0 6.7199692 
1.0 7.519883 
1.0 6.11983435 
1.0 8.00874795 
1.0 6.7136965 
1.0 6.5052393 
1.0 6.8425448 
2.0 8.3254213 
2.0 15.2161667 
2.0 7.9838136 
3.0 9.4621184 
3.0 9.16634005 
3.0 15.8425764 
3.0 14.65248715 
3.0 18.4057272 
3.0 9.89816205 
3.0 10.0993536 
3.0 18.3542597 
3.0 18.910318 
3.0 20.40138485 
3.0 24.07319355 
3.0 18.86235785 
3.0 17.3577915 
3.0 21.71977535 
3.0 19.38862765 
3.0 21.70367675 
3.0 20.77827675 
3.0 25.93109155 
3.0 25.44691205 
3.0 23.98846765 
3.0 24.1086307 
3.0 23.49677995 
4.0 18.39930995 
4.0 18.13131285 
4.0 9.6982445 
4.0 9.200086 
4.0 10.37897735 
4.0 10.7406957 
4.0 17.7009714 
4.0 19.07276525 
4.0 18.9905688 
4.0 19.76994565 
4.0 20.62169865 
4.0 19.5513507 
4.0 23.2808177 
4.0 23.720655 
4.0 18.91801415 
4.0 17.95456285 
4.0 18.00012305 
4.0 17.81323355 
4.0 21.1088192 
4.0 22.58698995 
4.0 20.33770795 
4.0 18.9322007 
4.0 21.96490695 
4.0 22.45777135 
4.0 20.62751495 
4.0 20.2364736 
4.0 25.50770425 
4.0 26.8563372 
4.0 24.9589732 
4.0 25.98280545 
4.0 24.5182714 
4.0 23.79973155 
4.0 24.5584542 
4.0 24.81058545 
4.0 22.58734765 
4.0 23.6796392 
