# Position.Z vs. Particle Type (97 data points):
# "Particle Type" Position.Z
1.0 0.0 
1.0 0.0 
1.0 0.0 
1.0 0.0 
1.0 0.0 
1.0 0.0 
1.0 0.0 
1.0 0.0 
1.0 0.0 
1.0 2.2741768 
1.0 2.2741768 
1.0 2.2741768 
1.0 2.2741768 
1.0 2.2741768 
1.0 2.2741768 
1.0 2.2741768 
1.0 2.2741768 
1.0 2.2741768 
1.0 4.9684173 
1.0 4.25107305 
1.0 4.35261575 
1.0 4.5107979 
1.0 4.32709655 
1.0 4.2376684 
1.0 4.255482 
1.0 4.84847055 
1.0 4.33723185 
1.0 7.1317071 
1.0 7.08336685 
1.0 6.55882745 
1.0 7.0083867 
1.0 6.4270507 
1.0 7.49672175 
1.0 6.83601975 
1.0 6.55997825 
1.0 6.5906918 
2.0 8.24449255 
2.0 14.0008813 
2.0 7.8863799 
3.0 9.4285989 
3.0 9.04243935 
3.0 14.4331894 
3.0 13.72465745 
3.0 17.93793015 
3.0 9.7179901 
3.0 9.23743555 
3.0 15.4508396 
3.0 18.0246815 
3.0 18.6651675 
3.0 23.1801031 
3.0 18.5697624 
3.0 16.7466257 
3.0 21.04992435 
3.0 19.125575 
3.0 20.7570132 
3.0 20.1264259 
3.0 23.7494194 
3.0 24.2237247 
3.0 23.2742566 
3.0 24.0223396 
3.0 22.9214629 
4.0 17.78782565 
4.0 17.01106715 
4.0 9.1787451 
4.0 10.07151285 
4.0 9.38413595 
4.0 9.11124375 
4.0 14.5519003 
4.0 15.9182121 
4.0 18.23996895 
4.0 18.75557005 
4.0 19.4825036 
4.0 18.5187674 
4.0 22.31891725 
4.0 23.17596365 
4.0 18.6504864 
4.0 17.91868435 
4.0 17.05333175 
4.0 17.46437 
4.0 20.32093 
4.0 21.8451772 
4.0 19.6013461 
4.0 18.5900876 
4.0 21.03901485 
4.0 21.62853105 
4.0 20.26773455 
4.0 19.77984225 
4.0 23.8733642 
4.0 24.16543115 
4.0 23.75883405 
4.0 25.1836564 
4.0 23.6647635 
4.0 23.15181155 
4.0 23.8848939 
4.0 24.11799705 
4.0 22.03498255 
4.0 23.1083132 
