# Position.Z vs. Particle Type (97 data points):
# "Particle Type" Position.Z
1.0 0.0 
1.0 0.0 
1.0 0.0 
1.0 0.0 
1.0 0.0 
1.0 0.0 
1.0 0.0 
1.0 0.0 
1.0 0.0 
1.0 2.2741768 
1.0 2.2741768 
1.0 2.2741768 
1.0 2.2741768 
1.0 2.2741768 
1.0 2.2741768 
1.0 2.2741768 
1.0 2.2741768 
1.0 2.2741768 
1.0 5.34428195 
1.0 4.28641675 
1.0 4.56985305 
1.0 4.5686998 
1.0 4.28969415 
1.0 4.18620335 
1.0 4.2108129 
1.0 4.5140928 
1.0 4.28783285 
1.0 6.86412265 
1.0 6.8145784 
1.0 6.34171405 
1.0 7.5195631 
1.0 6.35347615 
1.0 7.50163715 
1.0 6.71912115 
1.0 6.36551895 
1.0 6.8872125 
2.0 8.19699195 
2.0 12.53616455 
2.0 7.87613365 
3.0 9.37506605 
3.0 9.01775105 
3.0 12.24301715 
3.0 12.7997835 
3.0 11.8841408 
3.0 9.55425345 
3.0 9.5974494 
3.0 11.027555 
3.0 16.36412575 
3.0 16.50558525 
3.0 19.16291685 
3.0 15.77640505 
3.0 14.791035 
3.0 12.80206655 
3.0 11.04228895 
3.0 14.6769371 
3.0 16.63432575 
3.0 19.8242408 
3.0 18.9552069 
3.0 20.2045403 
3.0 19.36887365 
3.0 17.9829923 
4.0 12.67504945 
4.0 11.53073565 
4.0 9.85382475 
4.0 10.2971974 
4.0 9.5367468 
4.0 10.15198765 
4.0 11.4658306 
4.0 10.5147147 
4.0 16.28548005 
4.0 15.86665325 
4.0 16.51962095 
4.0 17.5128359 
4.0 18.19549515 
4.0 19.40558025 
4.0 15.4540435 
4.0 15.89116935 
4.0 13.81486435 
4.0 14.65368555 
4.0 13.7192748 
4.0 12.3331271 
4.0 10.1869768 
4.0 11.67845105 
4.0 14.92241205 
4.0 15.1937492 
4.0 16.07224185 
4.0 17.3449892 
4.0 19.4881407 
4.0 20.6025463 
4.0 18.6574871 
4.0 18.82191325 
4.0 19.88012145 
4.0 20.1571531 
4.0 19.7443925 
4.0 19.83170105 
4.0 17.42367095 
4.0 18.6240509 
