# Position.Z vs. Particle Type (97 data points):
# "Particle Type" Position.Z
1.0 0.0 
1.0 0.0 
1.0 0.0 
1.0 0.0 
1.0 0.0 
1.0 0.0 
1.0 0.0 
1.0 0.0 
1.0 0.0 
1.0 2.2741768 
1.0 2.2741768 
1.0 2.2741768 
1.0 2.2741768 
1.0 2.2741768 
1.0 2.2741768 
1.0 2.2741768 
1.0 2.2741768 
1.0 2.2741768 
1.0 4.6387971 
1.0 4.2397068 
1.0 4.39884655 
1.0 4.4360141 
1.0 4.26083525 
1.0 4.23689665 
1.0 4.39772655 
1.0 5.23678435 
1.0 4.57422385 
1.0 7.69974205 
1.0 7.4314114 
1.0 6.7115531 
1.0 6.86843395 
1.0 6.2525834 
1.0 6.88162335 
1.0 6.61707865 
1.0 6.4003933 
1.0 6.63576025 
2.0 8.44762625 
2.0 11.71647225 
2.0 7.71208515 
3.0 9.6288269 
3.0 8.88047895 
3.0 10.6119321 
3.0 12.8288398 
3.0 10.0530038 
3.0 9.6293617 
3.0 10.13063205 
3.0 11.39306525 
3.0 11.90894425 
3.0 11.8826771 
3.0 15.59905235 
3.0 15.57311175 
3.0 13.36372135 
3.0 15.48694735 
3.0 14.0790629 
3.0 14.5370715 
3.0 17.5090454 
3.0 18.1078107 
3.0 19.5707232 
3.0 18.0706967 
3.0 18.6285925 
3.0 18.3169798 
4.0 9.54906995 
4.0 10.0077635 
4.0 10.33073475 
4.0 9.60950935 
4.0 10.82700045 
4.0 9.68243185 
4.0 12.18015645 
4.0 10.66165975 
4.0 11.72993745 
4.0 12.33201445 
4.0 12.7805958 
4.0 11.33080655 
4.0 14.694106 
4.0 15.65046385 
4.0 16.46108835 
4.0 14.9672929 
4.0 13.8736367 
4.0 12.47763195 
4.0 15.2531302 
4.0 16.3414825 
4.0 13.8727078 
4.0 13.9552665 
4.0 15.0575502 
4.0 14.9173136 
4.0 16.5574325 
4.0 17.7128252 
4.0 18.39712735 
4.0 18.4748711 
4.0 19.0954512 
4.0 19.24549375 
4.0 17.94303595 
4.0 17.30775235 
4.0 18.17851525 
4.0 19.56869495 
4.0 18.00765785 
4.0 18.4327689 
