# Position.Z vs. Particle Type (97 data points):
# "Particle Type" Position.Z
1.0 0.0 
1.0 0.0 
1.0 0.0 
1.0 0.0 
1.0 0.0 
1.0 0.0 
1.0 0.0 
1.0 0.0 
1.0 0.0 
1.0 2.2741768 
1.0 2.2741768 
1.0 2.2741768 
1.0 2.2741768 
1.0 2.2741768 
1.0 2.2741768 
1.0 2.2741768 
1.0 2.2741768 
1.0 2.2741768 
1.0 5.3718455 
1.0 4.6529714 
1.0 4.2504567 
1.0 4.3612569 
1.0 4.32533255 
1.0 4.2483469 
1.0 4.50740395 
1.0 4.26614405 
1.0 4.6973815 
1.0 6.9410341 
1.0 7.340214 
1.0 6.6732449 
1.0 7.5352718 
1.0 6.3205394 
1.0 7.42719495 
1.0 6.9118105 
1.0 6.36412455 
1.0 6.73721055 
2.0 8.36281985 
2.0 13.05159345 
2.0 8.0711722 
3.0 9.5606714 
3.0 9.2626373 
3.0 12.7723862 
3.0 13.2596436 
3.0 18.94497885 
3.0 10.78266665 
3.0 9.3425192 
3.0 16.1822696 
3.0 20.92705475 
3.0 20.3354403 
3.0 24.2025511 
3.0 17.12819535 
3.0 18.4962141 
3.0 20.58547085 
3.0 18.91877225 
3.0 22.5222494 
3.0 21.0227367 
3.0 25.334022 
3.0 25.2025074 
3.0 23.4748829 
3.0 24.75403525 
3.0 23.8016023 
4.0 19.45837915 
4.0 18.14530795 
4.0 10.24965165 
4.0 11.4103857 
4.0 10.13102265 
4.0 9.35589585 
4.0 16.98355715 
4.0 15.42696295 
4.0 21.7611569 
4.0 21.11785095 
4.0 21.11875605 
4.0 19.9607065 
4.0 23.47858625 
4.0 24.2152092 
4.0 17.218012 
4.0 16.57358325 
4.0 19.05189195 
4.0 18.26934375 
4.0 20.25343635 
4.0 19.78752895 
4.0 19.27567005 
4.0 18.95036605 
4.0 22.17674935 
4.0 23.42402055 
4.0 20.7683399 
4.0 20.4301384 
4.0 25.5519677 
4.0 25.39852595 
4.0 24.4938162 
4.0 25.88253815 
4.0 23.7739327 
4.0 23.81946175 
4.0 24.2259962 
4.0 24.8844239 
4.0 22.83962345 
4.0 24.18058475 
