# Position.Z vs. Particle Type (97 data points):
# "Particle Type" Position.Z
1.0 0.0 
1.0 0.0 
1.0 0.0 
1.0 0.0 
1.0 0.0 
1.0 0.0 
1.0 0.0 
1.0 0.0 
1.0 0.0 
1.0 2.2741768 
1.0 2.2741768 
1.0 2.2741768 
1.0 2.2741768 
1.0 2.2741768 
1.0 2.2741768 
1.0 2.2741768 
1.0 2.2741768 
1.0 2.2741768 
1.0 5.4188288 
1.0 4.76518735 
1.0 4.2717738 
1.0 4.42359995 
1.0 4.3242598 
1.0 4.2767221 
1.0 4.4487611 
1.0 4.75768685 
1.0 4.45539325 
1.0 7.13131265 
1.0 7.22189545 
1.0 6.7585049 
1.0 7.6278489 
1.0 6.41157405 
1.0 7.93530255 
1.0 6.52946315 
1.0 6.68318315 
1.0 6.85929055 
2.0 8.44140955 
2.0 14.7544404 
2.0 7.84711725 
3.0 9.58694485 
3.0 9.0018355 
3.0 15.93018805 
3.0 13.62383435 
3.0 18.2273973 
3.0 9.7079087 
3.0 10.04595025 
3.0 15.7648001 
3.0 18.26400205 
3.0 18.8136802 
3.0 23.16384665 
3.0 18.6975866 
3.0 16.3924768 
3.0 21.0168161 
3.0 19.1527784 
3.0 20.81322425 
3.0 20.9815669 
3.0 23.66863275 
3.0 24.80083095 
3.0 23.30859965 
3.0 24.34573295 
3.0 23.6188148 
4.0 18.06354585 
4.0 17.37183385 
4.0 9.27005555 
4.0 9.44098365 
4.0 10.0903306 
4.0 10.63846735 
4.0 14.9006144 
4.0 15.8973192 
4.0 18.3847657 
4.0 18.96690705 
4.0 19.56872855 
4.0 18.9882049 
4.0 22.29893645 
4.0 23.35067385 
4.0 18.67435955 
4.0 18.53238065 
4.0 16.80563255 
4.0 17.02544585 
4.0 20.4533385 
4.0 21.8410024 
4.0 19.9205405 
4.0 18.9001239 
4.0 21.0966679 
4.0 21.5598873 
4.0 20.6488919 
4.0 20.3878549 
4.0 23.7126694 
4.0 24.223661 
4.0 24.4122718 
4.0 25.7416929 
4.0 23.73632905 
4.0 23.1457037 
4.0 24.6043217 
4.0 24.0888984 
4.0 22.6484202 
4.0 24.0554804 
