# Position.Z vs. Particle Type (97 data points):
# "Particle Type" Position.Z
1.0 0.0 
1.0 0.0 
1.0 0.0 
1.0 0.0 
1.0 0.0 
1.0 0.0 
1.0 0.0 
1.0 0.0 
1.0 0.0 
1.0 2.2741768 
1.0 2.2741768 
1.0 2.2741768 
1.0 2.2741768 
1.0 2.2741768 
1.0 2.2741768 
1.0 2.2741768 
1.0 2.2741768 
1.0 2.2741768 
1.0 5.28842825 
1.0 4.8981702 
1.0 4.24934825 
1.0 4.2666659 
1.0 4.2977053 
1.0 4.509407 
1.0 4.6225508 
1.0 4.4212441 
1.0 4.5524241 
1.0 7.1019193 
1.0 7.0543193 
1.0 6.63787845 
1.0 7.36939525 
1.0 6.3355768 
1.0 7.52491355 
1.0 6.77703635 
1.0 6.4816437 
1.0 6.59242675 
2.0 8.3376335 
2.0 12.0766128 
2.0 7.80537555 
3.0 9.55985905 
3.0 9.04620185 
3.0 11.1028498 
3.0 13.0468793 
3.0 13.212115 
3.0 9.3817871 
3.0 9.4207393 
3.0 11.6528573 
3.0 15.6908913 
3.0 15.8710944 
3.0 18.18828375 
3.0 16.3280887 
3.0 14.73269455 
3.0 13.39956065 
3.0 11.2830039 
3.0 15.8262594 
3.0 16.15589605 
3.0 19.7983513 
3.0 18.78364285 
3.0 18.6465342 
3.0 20.501222 
3.0 18.74270685 
4.0 13.9832294 
4.0 12.67167475 
4.0 10.0552585 
4.0 9.56131645 
4.0 9.21468485 
4.0 10.26306855 
4.0 12.27540615 
4.0 11.3802668 
4.0 15.7478111 
4.0 15.9688116 
4.0 15.53703795 
4.0 16.8025949 
4.0 17.3548298 
4.0 18.36361555 
4.0 16.11685075 
4.0 15.972586 
4.0 14.0821604 
4.0 15.3642244 
4.0 13.55657625 
4.0 12.75616755 
4.0 10.5466508 
4.0 11.6902191 
4.0 15.13251355 
4.0 15.8972037 
4.0 15.53571495 
4.0 17.06759915 
4.0 19.31398245 
4.0 20.5796612 
4.0 18.82184955 
4.0 19.3935329 
4.0 18.9588385 
4.0 18.72063165 
4.0 20.26290945 
4.0 19.95644385 
4.0 17.9681166 
4.0 19.5594301 
