# Position.Z vs. Particle Type (97 data points):
# "Particle Type" Position.Z
1.0 0.0 
1.0 0.0 
1.0 0.0 
1.0 0.0 
1.0 0.0 
1.0 0.0 
1.0 0.0 
1.0 0.0 
1.0 0.0 
1.0 2.2741768 
1.0 2.2741768 
1.0 2.2741768 
1.0 2.2741768 
1.0 2.2741768 
1.0 2.2741768 
1.0 2.2741768 
1.0 2.2741768 
1.0 2.2741768 
1.0 5.55191 
1.0 5.06411535 
1.0 4.2889539 
1.0 4.3266272 
1.0 4.3801688 
1.0 4.4316251 
1.0 4.5538332 
1.0 4.5378207 
1.0 4.3472548 
1.0 7.4010475 
1.0 7.26647915 
1.0 6.84319265 
1.0 7.2904846 
1.0 6.65846335 
1.0 7.9843463 
1.0 6.78224995 
1.0 6.3791105 
1.0 6.7006709 
2.0 8.40249795 
2.0 11.92827265 
2.0 8.08652985 
3.0 9.62379565 
3.0 9.3114441 
3.0 11.31889115 
3.0 12.5311543 
3.0 14.9026759 
3.0 9.8781949 
3.0 9.8144984 
3.0 11.8457871 
3.0 16.79573 
3.0 19.0778287 
3.0 21.1433271 
3.0 16.7785499 
3.0 16.7351716 
3.0 15.9634769 
3.0 14.8263472 
3.0 18.60444915 
3.0 18.40599635 
3.0 23.24029365 
3.0 23.06912125 
3.0 21.52124975 
3.0 21.53290755 
3.0 21.15329755 
4.0 15.46692945 
4.0 13.9976795 
4.0 10.0082129 
4.0 9.17867265 
4.0 9.8601846 
4.0 10.7006809 
4.0 11.29965795 
4.0 12.76987985 
4.0 16.43539485 
4.0 17.6408617 
4.0 19.13516605 
4.0 20.04582195 
4.0 20.2214194 
4.0 21.3315935 
4.0 17.61140255 
4.0 16.74563905 
4.0 16.08631185 
4.0 16.9356047 
4.0 15.93133885 
4.0 15.36949785 
4.0 14.89595765 
4.0 15.39916665 
4.0 17.71796005 
4.0 18.67681375 
4.0 18.2441658 
4.0 17.70395795 
4.0 22.6518915 
4.0 23.8554834 
4.0 22.4752934 
4.0 23.61472505 
4.0 21.96906145 
4.0 21.37406005 
4.0 21.66252655 
4.0 22.05634655 
4.0 20.39298975 
4.0 21.14488145 
