# Position.Z vs. Particle Type (97 data points):
# "Particle Type" Position.Z
1.0 0.0 
1.0 0.0 
1.0 0.0 
1.0 0.0 
1.0 0.0 
1.0 0.0 
1.0 0.0 
1.0 0.0 
1.0 0.0 
1.0 2.2741768 
1.0 2.2741768 
1.0 2.2741768 
1.0 2.2741768 
1.0 2.2741768 
1.0 2.2741768 
1.0 2.2741768 
1.0 2.2741768 
1.0 2.2741768 
1.0 5.4992322 
1.0 4.53515825 
1.0 4.29492525 
1.0 4.3941282 
1.0 4.46804155 
1.0 4.3750483 
1.0 4.61964685 
1.0 4.4648765 
1.0 4.42294265 
1.0 7.2964885 
1.0 6.95550695 
1.0 6.6726751 
1.0 7.19791275 
1.0 6.1121165 
1.0 7.929887 
1.0 6.70065375 
1.0 6.62868885 
1.0 6.63964525 
2.0 8.4421638 
2.0 13.98046405 
2.0 7.8061284 
3.0 9.6183458 
3.0 9.0735232 
3.0 12.8705836 
3.0 15.10551945 
3.0 19.1389317 
3.0 11.6890004 
3.0 9.8530278 
3.0 17.18007655 
3.0 20.84901385 
3.0 20.67165485 
3.0 24.4516027 
3.0 17.2849397 
3.0 17.6386588 
3.0 19.6693413 
3.0 18.0663329 
3.0 22.4413938 
3.0 20.6501141 
3.0 25.74977195 
3.0 24.27941075 
3.0 23.19918055 
3.0 23.87824215 
3.0 23.1244545 
4.0 19.91324895 
4.0 18.44973865 
4.0 11.3643551 
4.0 11.97584605 
4.0 10.50222355 
4.0 9.73526995 
4.0 17.4266876 
4.0 17.7173087 
4.0 21.74972135 
4.0 20.87267315 
4.0 21.53748695 
4.0 20.1310326 
4.0 23.72826995 
4.0 24.2825681 
4.0 16.4037832 
4.0 17.52074135 
4.0 18.4209277 
4.0 17.80160025 
4.0 19.8518215 
4.0 19.4990509 
4.0 17.7624272 
4.0 17.9757942 
4.0 21.550963 
4.0 22.77405795 
4.0 20.59874845 
4.0 19.7758547 
4.0 25.76120995 
4.0 24.95958745 
4.0 23.74113455 
4.0 25.18326055 
4.0 23.4551534 
4.0 23.85981955 
4.0 23.7555878 
4.0 24.7342543 
4.0 22.18472865 
4.0 23.34647455 
