# Position.Z vs. Particle Type (97 data points):
# "Particle Type" Position.Z
1.0 0.0 
1.0 0.0 
1.0 0.0 
1.0 0.0 
1.0 0.0 
1.0 0.0 
1.0 0.0 
1.0 0.0 
1.0 0.0 
1.0 2.2741768 
1.0 2.2741768 
1.0 2.2741768 
1.0 2.2741768 
1.0 2.2741768 
1.0 2.2741768 
1.0 2.2741768 
1.0 2.2741768 
1.0 2.2741768 
1.0 5.39302925 
1.0 4.98324995 
1.0 4.2689738 
1.0 4.3870729 
1.0 4.41954135 
1.0 4.20634235 
1.0 4.68487285 
1.0 4.4779973 
1.0 4.46769855 
1.0 7.0978621 
1.0 7.16835455 
1.0 6.94291885 
1.0 7.43613605 
1.0 6.4771721 
1.0 7.9914758 
1.0 6.8283523 
1.0 6.5083641 
1.0 6.92423095 
2.0 8.3947353 
2.0 13.5273033 
2.0 8.03438195 
3.0 9.62367805 
3.0 9.24025795 
3.0 12.5716059 
3.0 14.4077451 
3.0 16.11076075 
3.0 9.6295934 
3.0 10.01735875 
3.0 11.2455665 
3.0 16.2539083 
3.0 17.65597575 
3.0 20.8543979 
3.0 19.28353525 
3.0 13.6475171 
3.0 20.96736845 
3.0 19.9074981 
3.0 19.75851185 
3.0 21.9077222 
3.0 23.631657 
3.0 23.4043264 
3.0 22.56859395 
3.0 24.568404 
3.0 23.4366454 
4.0 16.7987799 
4.0 15.2787999 
4.0 9.60203755 
4.0 10.0965417 
4.0 10.0085748 
4.0 10.40443775 
4.0 10.69157215 
4.0 10.6842288 
4.0 16.2439942 
4.0 16.2150457 
4.0 17.2487273 
4.0 18.46336415 
4.0 20.7102322 
4.0 21.81747925 
4.0 19.4844587 
4.0 18.2846783 
4.0 14.14777315 
4.0 13.0514468 
4.0 20.2907166 
4.0 21.84919555 
4.0 20.0921805 
4.0 19.7566978 
4.0 19.15976615 
4.0 20.07295535 
4.0 21.20460965 
4.0 21.50229305 
4.0 24.2098388 
4.0 23.57285385 
4.0 23.46343685 
4.0 23.02147085 
4.0 22.3697369 
4.0 21.743365 
4.0 23.97287025 
4.0 24.42392435 
4.0 23.048788 
4.0 23.8736463 
