# Position.Z vs. Particle Type (97 data points):
# "Particle Type" Position.Z
1.0 0.0 
1.0 0.0 
1.0 0.0 
1.0 0.0 
1.0 0.0 
1.0 0.0 
1.0 0.0 
1.0 0.0 
1.0 0.0 
1.0 2.2741768 
1.0 2.2741768 
1.0 2.2741768 
1.0 2.2741768 
1.0 2.2741768 
1.0 2.2741768 
1.0 2.2741768 
1.0 2.2741768 
1.0 2.2741768 
1.0 5.14580325 
1.0 4.21772925 
1.0 4.40706455 
1.0 4.6198278 
1.0 4.22249695 
1.0 4.22314305 
1.0 4.3769915 
1.0 5.06886275 
1.0 4.63736595 
1.0 7.4157594 
1.0 7.1420783 
1.0 6.5784663 
1.0 7.19320665 
1.0 6.41925375 
1.0 7.31643115 
1.0 6.8468393 
1.0 6.54694985 
1.0 6.7119948 
2.0 8.3728162 
2.0 13.5752806 
2.0 7.9034473 
3.0 9.59443275 
3.0 9.102247 
3.0 13.98306315 
3.0 13.22941375 
3.0 17.84530755 
3.0 10.051545 
3.0 9.3105831 
3.0 15.63731365 
3.0 18.3120238 
3.0 18.6028528 
3.0 22.85343725 
3.0 18.817106 
3.0 16.0831762 
3.0 21.1726837 
3.0 18.7554549 
3.0 20.25119285 
3.0 20.11046975 
3.0 24.46228925 
3.0 24.097885 
3.0 22.7325749 
3.0 23.4424666 
3.0 22.819895 
4.0 17.76067615 
4.0 17.00268675 
4.0 9.17474145 
4.0 10.57994245 
4.0 9.58176485 
4.0 9.3538802 
4.0 14.70009905 
4.0 15.8649211 
4.0 18.3464974 
4.0 18.97069755 
4.0 19.2666992 
4.0 18.72215065 
4.0 22.13995245 
4.0 22.6130443 
4.0 18.5336578 
4.0 18.05332725 
4.0 16.4898825 
4.0 16.85164215 
4.0 20.49803035 
4.0 22.0140676 
4.0 19.2996923 
4.0 18.28811985 
4.0 20.1667228 
4.0 21.2481906 
4.0 19.63551345 
4.0 19.7607676 
4.0 24.6436414 
4.0 24.35132245 
4.0 23.68430715 
4.0 25.01683625 
4.0 23.2061564 
4.0 22.86740365 
4.0 23.19280005 
4.0 23.517389 
4.0 21.900914 
4.0 23.15259205 
