# Position.Z vs. Particle Type (97 data points):
# "Particle Type" Position.Z
1.0 0.0 
1.0 0.0 
1.0 0.0 
1.0 0.0 
1.0 0.0 
1.0 0.0 
1.0 0.0 
1.0 0.0 
1.0 0.0 
1.0 2.2741768 
1.0 2.2741768 
1.0 2.2741768 
1.0 2.2741768 
1.0 2.2741768 
1.0 2.2741768 
1.0 2.2741768 
1.0 2.2741768 
1.0 2.2741768 
1.0 5.12091475 
1.0 4.38300905 
1.0 4.3169252 
1.0 4.22830555 
1.0 4.52421025 
1.0 4.30701915 
1.0 4.2943593 
1.0 4.24708585 
1.0 4.81154135 
1.0 6.9913095 
1.0 7.09892015 
1.0 6.66927345 
1.0 7.3667923 
1.0 6.3702499 
1.0 7.2294131 
1.0 6.57872075 
1.0 6.48837105 
1.0 6.9318067 
2.0 8.3817097 
2.0 14.5580169 
2.0 7.93430155 
3.0 9.53550885 
3.0 9.13537835 
3.0 13.6300143 
3.0 15.475495 
3.0 15.2261592 
3.0 10.7350201 
3.0 9.5878104 
3.0 10.93416415 
3.0 16.37232835 
3.0 16.54042845 
3.0 19.28859135 
3.0 17.54397645 
3.0 12.5489574 
3.0 19.13727305 
3.0 17.98197275 
3.0 18.73734625 
3.0 20.3037625 
3.0 21.74689755 
3.0 22.0835755 
3.0 21.218148 
3.0 23.3888382 
3.0 21.6196694 
4.0 15.45446665 
4.0 14.27702395 
4.0 10.1670604 
4.0 10.35481125 
4.0 9.9232007 
4.0 10.16535275 
4.0 11.41275555 
4.0 10.40222435 
4.0 16.0992111 
4.0 16.30994645 
4.0 16.30743835 
4.0 17.0904902 
4.0 19.30097855 
4.0 20.19971345 
4.0 17.85002835 
4.0 16.65423865 
4.0 11.8846476 
4.0 13.00202505 
4.0 18.59538275 
4.0 20.0554074 
4.0 18.1829207 
4.0 17.98828185 
4.0 18.29058035 
4.0 18.8680282 
4.0 19.6466326 
4.0 19.94987785 
4.0 22.2697216 
4.0 21.79224215 
4.0 21.9951018 
4.0 21.6554394 
4.0 20.8363848 
4.0 20.5417877 
4.0 22.5842351 
4.0 24.0141328 
4.0 21.20751535 
4.0 22.19360885 
