# Position.Z vs. Particle Type (97 data points):
# "Particle Type" Position.Z
1.0 0.0 
1.0 0.0 
1.0 0.0 
1.0 0.0 
1.0 0.0 
1.0 0.0 
1.0 0.0 
1.0 0.0 
1.0 0.0 
1.0 2.2741768 
1.0 2.2741768 
1.0 2.2741768 
1.0 2.2741768 
1.0 2.2741768 
1.0 2.2741768 
1.0 2.2741768 
1.0 2.2741768 
1.0 2.2741768 
1.0 5.23836845 
1.0 5.20085265 
1.0 4.34908495 
1.0 4.46200265 
1.0 4.4854068 
1.0 4.2362761 
1.0 4.47585635 
1.0 4.30970435 
1.0 4.48390915 
1.0 6.96240755 
1.0 7.51011625 
1.0 6.7129874 
1.0 7.8296323 
1.0 6.3956529 
1.0 7.43824375 
1.0 6.83378115 
1.0 6.2548416 
1.0 6.54714445 
2.0 8.51623605 
2.0 12.73437095 
2.0 7.8545845 
3.0 9.7004194 
3.0 9.0988401 
3.0 12.30984405 
3.0 13.159139 
3.0 12.8518075 
3.0 9.794337 
3.0 9.4400873 
3.0 10.97721555 
3.0 15.3814318 
3.0 16.01571685 
3.0 18.16391185 
3.0 16.3397864 
3.0 14.07796495 
3.0 12.4477108 
3.0 11.81747035 
3.0 15.23291315 
3.0 15.6519727 
3.0 19.5892795 
3.0 18.71819075 
3.0 18.7346467 
3.0 19.9442579 
3.0 19.1553565 
4.0 13.6961279 
4.0 12.6156303 
4.0 10.47772775 
4.0 10.05662035 
4.0 9.14314555 
4.0 9.89542645 
4.0 11.5621506 
4.0 10.54845575 
4.0 15.6144282 
4.0 15.5364552 
4.0 15.8039133 
4.0 16.95820315 
4.0 17.18058335 
4.0 18.48554225 
4.0 16.17389305 
4.0 16.33190965 
4.0 13.757415 
4.0 14.37538305 
4.0 13.1184347 
4.0 11.92912945 
4.0 11.12334965 
4.0 11.76848645 
4.0 14.40278945 
4.0 15.1870586 
4.0 15.10745915 
4.0 16.5474855 
4.0 19.01389595 
4.0 20.4837493 
4.0 18.88962355 
4.0 19.1799839 
4.0 18.82785555 
4.0 18.86192385 
4.0 19.6600929 
4.0 19.83277835 
4.0 18.21650145 
4.0 19.560863 
