# Position.Z vs. Particle Type (97 data points):
# "Particle Type" Position.Z
1.0 0.0 
1.0 0.0 
1.0 0.0 
1.0 0.0 
1.0 0.0 
1.0 0.0 
1.0 0.0 
1.0 0.0 
1.0 0.0 
1.0 2.2741768 
1.0 2.2741768 
1.0 2.2741768 
1.0 2.2741768 
1.0 2.2741768 
1.0 2.2741768 
1.0 2.2741768 
1.0 2.2741768 
1.0 2.2741768 
1.0 5.2172547 
1.0 4.3303841 
1.0 4.25970055 
1.0 4.4894773 
1.0 4.57602495 
1.0 4.30029355 
1.0 4.27407365 
1.0 4.57270695 
1.0 4.9152761 
1.0 7.4872553 
1.0 7.76913795 
1.0 6.94454215 
1.0 7.13033545 
1.0 6.43581435 
1.0 6.86897925 
1.0 6.83277945 
1.0 6.5261007 
1.0 6.7245598 
2.0 8.6333877 
2.0 16.11693895 
2.0 7.9617104 
3.0 9.7572762 
3.0 9.1645064 
3.0 15.31709095 
3.0 16.8233499 
3.0 9.740766 
3.0 10.3717705 
3.0 9.54691745 
3.0 13.40137715 
3.0 12.5226507 
3.0 11.0264602 
3.0 21.3120082 
3.0 19.72209225 
3.0 18.4972655 
3.0 19.64601135 
3.0 19.8367834 
3.0 17.6672902 
3.0 22.42956555 
3.0 22.81360725 
3.0 22.1196864 
3.0 22.81293735 
3.0 24.9035094 
3.0 23.2527141 
4.0 9.75881095 
4.0 10.13204185 
4.0 11.3015294 
4.0 10.11484285 
4.0 8.6859269 
4.0 9.9783026 
4.0 13.88218685 
4.0 13.94220345 
4.0 11.82235565 
4.0 12.404735 
4.0 10.9159505 
4.0 11.9459305 
4.0 20.49267675 
4.0 21.5889821 
4.0 20.484352 
4.0 18.9871269 
4.0 18.9148463 
4.0 18.81816195 
4.0 19.4957525 
4.0 20.61463775 
4.0 19.55559585 
4.0 19.6033047 
4.0 17.9914238 
4.0 16.87052955 
4.0 21.48262935 
4.0 22.62202215 
4.0 23.51087795 
4.0 22.9620097 
4.0 22.60909175 
4.0 22.3387388 
4.0 22.88949985 
4.0 22.227002 
4.0 24.57551845 
4.0 25.8407723 
4.0 23.11579725 
4.0 23.97546445 
