# Position.Z vs. Particle Type (97 data points):
# "Particle Type" Position.Z
1.0 0.0 
1.0 0.0 
1.0 0.0 
1.0 0.0 
1.0 0.0 
1.0 0.0 
1.0 0.0 
1.0 0.0 
1.0 0.0 
1.0 2.2741768 
1.0 2.2741768 
1.0 2.2741768 
1.0 2.2741768 
1.0 2.2741768 
1.0 2.2741768 
1.0 2.2741768 
1.0 2.2741768 
1.0 2.2741768 
1.0 5.2844218 
1.0 4.84272635 
1.0 4.3049573 
1.0 4.37914995 
1.0 4.39381215 
1.0 4.5388665 
1.0 4.25913145 
1.0 4.3545649 
1.0 4.3294223 
1.0 7.29446235 
1.0 7.02212525 
1.0 6.4709232 
1.0 7.44198385 
1.0 6.4824018 
1.0 7.68946605 
1.0 6.79693035 
1.0 6.64955445 
1.0 6.67552095 
2.0 8.4417991 
2.0 14.85722105 
2.0 7.75930575 
3.0 9.68725205 
3.0 8.9865153 
3.0 15.1155655 
3.0 14.59487855 
3.0 11.6286324 
3.0 12.8082542 
3.0 9.49294325 
3.0 10.38720445 
3.0 15.40637105 
3.0 11.7156473 
3.0 19.2827348 
3.0 19.54385335 
3.0 17.56903785 
3.0 20.3215978 
3.0 18.99790235 
3.0 19.2056074 
3.0 20.84243945 
3.0 22.84076165 
3.0 22.68053375 
3.0 21.34385015 
3.0 23.1650202 
3.0 21.60664205 
4.0 11.9073108 
4.0 11.5156083 
4.0 12.14859345 
4.0 13.4183581 
4.0 10.04627225 
4.0 10.0711429 
4.0 10.58297975 
4.0 9.6100403 
4.0 14.8059667 
4.0 15.74971475 
4.0 12.5131545 
4.0 11.02922835 
4.0 19.3416545 
4.0 20.2319117 
4.0 20.49253955 
4.0 18.9598591 
4.0 17.9863635 
4.0 17.8610817 
4.0 20.15730535 
4.0 21.2757426 
4.0 18.7672338 
4.0 19.14880415 
4.0 18.39950735 
4.0 19.126408 
4.0 20.13662105 
4.0 20.41602815 
4.0 23.4446842 
4.0 22.9334714 
4.0 22.4029834 
4.0 22.3244301 
4.0 21.1452752 
4.0 20.4857807 
4.0 22.56292535 
4.0 23.80134645 
4.0 21.4435746 
4.0 22.2362042 
