# Position.Z vs. Particle Type (97 data points):
# "Particle Type" Position.Z
1.0 0.0 
1.0 0.0 
1.0 0.0 
1.0 0.0 
1.0 0.0 
1.0 0.0 
1.0 0.0 
1.0 0.0 
1.0 0.0 
1.0 2.2741768 
1.0 2.2741768 
1.0 2.2741768 
1.0 2.2741768 
1.0 2.2741768 
1.0 2.2741768 
1.0 2.2741768 
1.0 2.2741768 
1.0 2.2741768 
1.0 5.40395625 
1.0 4.5621037 
1.0 4.2935424 
1.0 4.29447305 
1.0 4.310362 
1.0 4.3982253 
1.0 4.63628235 
1.0 4.33119505 
1.0 4.7956615 
1.0 7.19674725 
1.0 7.53325055 
1.0 6.83582655 
1.0 7.2675589 
1.0 6.3548037 
1.0 7.4693717 
1.0 6.6580178 
1.0 6.44100345 
1.0 6.46853375 
2.0 8.5090964 
2.0 15.2656644 
2.0 7.8909306 
3.0 9.72835675 
3.0 9.0872705 
3.0 15.225973 
3.0 15.3696851 
3.0 11.1797105 
3.0 12.8790263 
3.0 9.0161617 
3.0 11.1672218 
3.0 13.89760645 
3.0 11.4979081 
3.0 20.4229998 
3.0 19.47081955 
3.0 17.05007255 
3.0 20.61668525 
3.0 18.87169935 
3.0 19.5030038 
3.0 21.0252805 
3.0 22.9915182 
3.0 22.64032995 
3.0 22.09307765 
3.0 24.54179385 
3.0 22.8089617 
4.0 11.36861075 
4.0 11.63725675 
4.0 12.5775076 
4.0 13.81079245 
4.0 9.5300534 
4.0 9.5226978 
4.0 11.3201263 
4.0 10.71517405 
4.0 13.0504444 
4.0 14.4930268 
4.0 12.04579005 
4.0 10.609781 
4.0 20.49830825 
4.0 21.2892078 
4.0 20.34338355 
4.0 19.4127311 
4.0 16.20132675 
4.0 17.1200715 
4.0 20.0475485 
4.0 21.47965855 
4.0 19.2439765 
4.0 18.6676826 
4.0 18.69251965 
4.0 19.9141439 
4.0 20.2779808 
4.0 20.80764455 
4.0 23.33534665 
4.0 22.81120415 
4.0 22.6895417 
4.0 22.32304585 
4.0 21.70175805 
4.0 21.2978549 
4.0 23.66312375 
4.0 25.1447567 
4.0 22.78020115 
4.0 23.57773565 
