# Position.Z vs. Particle Type (97 data points):
# "Particle Type" Position.Z
1.0 0.0 
1.0 0.0 
1.0 0.0 
1.0 0.0 
1.0 0.0 
1.0 0.0 
1.0 0.0 
1.0 0.0 
1.0 0.0 
1.0 2.2741768 
1.0 2.2741768 
1.0 2.2741768 
1.0 2.2741768 
1.0 2.2741768 
1.0 2.2741768 
1.0 2.2741768 
1.0 2.2741768 
1.0 2.2741768 
1.0 5.27978045 
1.0 4.5902213 
1.0 4.2599837 
1.0 4.37849055 
1.0 4.1775426 
1.0 4.29619645 
1.0 4.41496755 
1.0 4.3126825 
1.0 4.7057479 
1.0 7.44366175 
1.0 7.10778285 
1.0 6.725411 
1.0 7.1266832 
1.0 6.44439495 
1.0 7.4579372 
1.0 6.8766383 
1.0 6.24052345 
1.0 6.5101071 
2.0 8.5412446 
2.0 15.49665845 
2.0 7.82816265 
3.0 9.7221215 
3.0 9.01428185 
3.0 14.69946905 
3.0 16.29898935 
3.0 11.0242335 
3.0 11.8134884 
3.0 9.1809823 
3.0 11.10214525 
3.0 13.79225225 
3.0 12.22626475 
3.0 20.30826035 
3.0 20.04021985 
3.0 18.6595269 
3.0 20.43444515 
3.0 19.90626505 
3.0 19.94877395 
3.0 22.2217933 
3.0 23.2026305 
3.0 22.89566055 
3.0 22.6019822 
3.0 24.5500906 
3.0 23.00895065 
4.0 11.41231105 
4.0 10.7302139 
4.0 12.31502475 
4.0 10.9684456 
4.0 9.6497863 
4.0 9.6745103 
4.0 11.1159566 
4.0 12.0102647 
4.0 14.6245827 
4.0 13.21147975 
4.0 12.66406295 
4.0 11.63947505 
4.0 20.26977855 
4.0 21.2567047 
4.0 20.96203585 
4.0 19.6797321 
4.0 18.8260086 
4.0 19.1364019 
4.0 20.2588624 
4.0 21.434721 
4.0 19.45164655 
4.0 19.85178055 
4.0 19.42015075 
4.0 19.84175865 
4.0 21.30901955 
4.0 22.2261634 
4.0 23.9699334 
4.0 23.362479 
4.0 22.9213425 
4.0 22.74990725 
4.0 22.62744645 
4.0 21.6366213 
4.0 23.8316162 
4.0 25.2539917 
4.0 23.07050725 
4.0 23.77283965 
