# Position.Z vs. Particle Type (97 data points):
# "Particle Type" Position.Z
1.0 0.0 
1.0 0.0 
1.0 0.0 
1.0 0.0 
1.0 0.0 
1.0 0.0 
1.0 0.0 
1.0 0.0 
1.0 0.0 
1.0 2.2741768 
1.0 2.2741768 
1.0 2.2741768 
1.0 2.2741768 
1.0 2.2741768 
1.0 2.2741768 
1.0 2.2741768 
1.0 2.2741768 
1.0 2.2741768 
1.0 5.10436605 
1.0 4.31677575 
1.0 4.3055306 
1.0 4.50803675 
1.0 4.25652255 
1.0 4.2230062 
1.0 4.28364825 
1.0 4.2826014 
1.0 5.07507 
1.0 7.13468175 
1.0 7.8249528 
1.0 6.83848445 
1.0 7.201502 
1.0 6.51559475 
1.0 6.6958871 
1.0 6.77575255 
1.0 6.2465361 
1.0 6.9608469 
2.0 8.56451645 
2.0 15.82361025 
2.0 8.13375045 
3.0 9.6814718 
3.0 9.33683625 
3.0 15.99558275 
3.0 15.56253335 
3.0 10.2336864 
3.0 12.0508773 
3.0 9.00605195 
3.0 11.09275405 
3.0 12.9601115 
3.0 10.58980615 
3.0 21.3904964 
3.0 20.4967623 
3.0 18.6981277 
3.0 20.4648178 
3.0 19.9932327 
3.0 19.32463645 
3.0 22.37156635 
3.0 23.15050185 
3.0 23.63320995 
3.0 22.8884222 
3.0 25.20267225 
3.0 23.83630165 
4.0 10.50359275 
4.0 10.87685585 
4.0 11.5359461 
4.0 11.71944725 
4.0 9.4198174 
4.0 9.56048765 
4.0 10.89644045 
4.0 11.8238652 
4.0 13.6333029 
4.0 13.3180922 
4.0 9.83558695 
4.0 11.1915615 
4.0 20.91966345 
4.0 22.0981495 
4.0 21.4414459 
4.0 20.02557305 
4.0 18.95477325 
4.0 19.29550735 
4.0 20.4697199 
4.0 21.37495605 
4.0 20.43093045 
4.0 20.0479916 
4.0 19.0951208 
4.0 18.73412485 
4.0 21.4461317 
4.0 22.68764015 
4.0 23.96147775 
4.0 23.40782675 
4.0 23.7644505 
4.0 23.4191895 
4.0 22.51690805 
4.0 22.16531415 
4.0 24.4817895 
4.0 26.00269105 
4.0 24.0059631 
4.0 24.413921 
