# Position.Z vs. Particle Type (97 data points):
# "Particle Type" Position.Z
1.0 0.0 
1.0 0.0 
1.0 0.0 
1.0 0.0 
1.0 0.0 
1.0 0.0 
1.0 0.0 
1.0 0.0 
1.0 0.0 
1.0 2.2741768 
1.0 2.2741768 
1.0 2.2741768 
1.0 2.2741768 
1.0 2.2741768 
1.0 2.2741768 
1.0 2.2741768 
1.0 2.2741768 
1.0 2.2741768 
1.0 5.3462829 
1.0 4.50986585 
1.0 4.3506197 
1.0 4.72846325 
1.0 4.31619895 
1.0 4.1587287 
1.0 4.3929557 
1.0 4.3775466 
1.0 4.65321675 
1.0 7.28430045 
1.0 6.91143635 
1.0 6.5972165 
1.0 7.25651605 
1.0 6.3417634 
1.0 7.5180784 
1.0 6.8253822 
1.0 6.39016455 
1.0 6.788271 
2.0 8.19241395 
2.0 15.94254235 
2.0 7.81275635 
3.0 9.3909214 
3.0 8.9997936 
3.0 14.847665 
3.0 16.96124465 
3.0 10.92934885 
3.0 11.5309299 
3.0 9.5896836 
3.0 10.69544665 
3.0 14.38096695 
3.0 11.77899905 
3.0 20.0720429 
3.0 20.3060438 
3.0 17.39491495 
3.0 21.5323752 
3.0 18.81612355 
3.0 19.34827335 
3.0 21.26215105 
3.0 24.14616225 
3.0 22.80223225 
3.0 21.98854805 
3.0 23.90959305 
3.0 22.6270436 
4.0 11.2613599 
4.0 10.2031097 
4.0 11.88980625 
4.0 11.6235742 
4.0 9.9014972 
4.0 9.91683385 
4.0 10.70788215 
4.0 9.86888665 
4.0 13.6237066 
4.0 14.38346105 
4.0 12.0872381 
4.0 10.95902115 
4.0 20.5264619 
4.0 20.8657239 
4.0 21.1301923 
4.0 19.8692641 
4.0 16.45648305 
4.0 17.7265165 
4.0 20.96249505 
4.0 22.40448805 
4.0 19.1779539 
4.0 19.0172983 
4.0 18.49935465 
4.0 19.54817445 
4.0 20.3089341 
4.0 21.2468382 
4.0 24.3617458 
4.0 23.8660996 
4.0 22.86088245 
4.0 22.82113365 
4.0 21.77378945 
4.0 21.0806918 
4.0 23.2859011 
4.0 24.71461475 
4.0 22.200619 
4.0 23.14028395 
