# Position.Z vs. Particle Type (97 data points):
# "Particle Type" Position.Z
1.0 0.0 
1.0 0.0 
1.0 0.0 
1.0 0.0 
1.0 0.0 
1.0 0.0 
1.0 0.0 
1.0 0.0 
1.0 0.0 
1.0 2.2741768 
1.0 2.2741768 
1.0 2.2741768 
1.0 2.2741768 
1.0 2.2741768 
1.0 2.2741768 
1.0 2.2741768 
1.0 2.2741768 
1.0 2.2741768 
1.0 4.90648305 
1.0 4.33443535 
1.0 4.29123205 
1.0 4.36407545 
1.0 4.38317495 
1.0 4.20260575 
1.0 4.63203475 
1.0 4.40164235 
1.0 4.68914495 
1.0 7.3518207 
1.0 7.9144191 
1.0 6.84232465 
1.0 7.0861665 
1.0 6.4134448 
1.0 6.596254 
1.0 6.7854892 
1.0 6.54060855 
1.0 6.81415595 
2.0 8.55269695 
2.0 15.8672836 
2.0 8.01570175 
3.0 9.76938165 
3.0 9.21346545 
3.0 16.10480585 
3.0 15.74319705 
3.0 9.96234925 
3.0 11.42600655 
3.0 9.70069205 
3.0 14.6932835 
3.0 13.52890945 
3.0 12.0534995 
3.0 21.02980845 
3.0 19.7018409 
3.0 18.0970951 
3.0 19.65870305 
3.0 19.55896215 
3.0 17.5090097 
3.0 22.2486187 
3.0 22.75950775 
3.0 22.63245145 
3.0 22.8720912 
3.0 24.4056267 
3.0 23.33038155 
4.0 10.2628967 
4.0 10.68091115 
4.0 12.29441115 
4.0 10.98353025 
4.0 8.8990132 
4.0 10.11290595 
4.0 15.3174364 
4.0 14.634445 
4.0 12.6271047 
4.0 13.676971 
4.0 11.43297715 
4.0 12.6951027 
4.0 20.4364202 
4.0 21.67862305 
4.0 20.53765595 
4.0 19.0192457 
4.0 18.51666565 
4.0 18.4130744 
4.0 19.37129495 
4.0 20.4111222 
4.0 19.8178505 
4.0 19.45933185 
4.0 17.6685544 
4.0 17.10959495 
4.0 21.4553241 
4.0 22.67541605 
4.0 23.6200237 
4.0 22.8695719 
4.0 22.98869195 
4.0 22.94495385 
4.0 22.422232 
4.0 22.13221185 
4.0 23.9001749 
4.0 25.3550815 
4.0 23.3262897 
4.0 23.67899835 
