# Position.Z vs. Particle Type (97 data points):
# "Particle Type" Position.Z
1.0 0.0 
1.0 0.0 
1.0 0.0 
1.0 0.0 
1.0 0.0 
1.0 0.0 
1.0 0.0 
1.0 0.0 
1.0 0.0 
1.0 2.2741768 
1.0 2.2741768 
1.0 2.2741768 
1.0 2.2741768 
1.0 2.2741768 
1.0 2.2741768 
1.0 2.2741768 
1.0 2.2741768 
1.0 2.2741768 
1.0 5.25594125 
1.0 4.66228875 
1.0 4.23281705 
1.0 4.33479585 
1.0 4.3413272 
1.0 4.2429443 
1.0 4.3783215 
1.0 4.2469413 
1.0 4.5957835 
1.0 7.0572383 
1.0 6.87599955 
1.0 6.48146765 
1.0 7.47177865 
1.0 6.11770495 
1.0 7.43634255 
1.0 6.62002705 
1.0 6.35784975 
1.0 6.72789985 
2.0 8.1915624 
2.0 12.0787037 
2.0 7.75230365 
3.0 9.3949954 
3.0 8.9411084 
3.0 12.3481274 
3.0 11.7368342 
3.0 12.276166 
3.0 9.6458838 
3.0 9.39349775 
3.0 11.18191165 
3.0 15.12481775 
3.0 16.33935765 
3.0 18.06350035 
3.0 15.49206295 
3.0 14.3083927 
3.0 12.9820768 
3.0 11.1670636 
3.0 15.61095725 
3.0 16.39985235 
3.0 18.8081103 
3.0 19.0043952 
3.0 19.79786095 
3.0 18.795021 
3.0 17.94833565 
4.0 13.26093055 
4.0 12.0686636 
4.0 9.9621879 
4.0 10.1587829 
4.0 9.32160425 
4.0 9.9011892 
4.0 11.5077809 
4.0 10.70967065 
4.0 15.5147314 
4.0 15.45320315 
4.0 16.57509245 
4.0 17.2060448 
4.0 17.09134455 
4.0 18.19322295 
4.0 15.8814971 
4.0 15.5808261 
4.0 13.54869425 
4.0 14.81431385 
4.0 13.0615751 
4.0 12.35457895 
4.0 10.39677625 
4.0 11.7417545 
4.0 15.1002607 
4.0 15.79119395 
4.0 15.6640337 
4.0 17.2502715 
4.0 18.4204167 
4.0 19.66099415 
4.0 18.9303149 
4.0 19.66278265 
4.0 19.56876635 
4.0 19.1824591 
4.0 19.17886705 
4.0 18.8054699 
4.0 17.19673165 
4.0 18.59740295 
