# Position.Z vs. Particle Type (97 data points):
# "Particle Type" Position.Z
1.0 0.0 
1.0 0.0 
1.0 0.0 
1.0 0.0 
1.0 0.0 
1.0 0.0 
1.0 0.0 
1.0 0.0 
1.0 0.0 
1.0 2.2741768 
1.0 2.2741768 
1.0 2.2741768 
1.0 2.2741768 
1.0 2.2741768 
1.0 2.2741768 
1.0 2.2741768 
1.0 2.2741768 
1.0 2.2741768 
1.0 5.85475135 
1.0 4.6076674 
1.0 4.4195676 
1.0 4.55715925 
1.0 4.2830942 
1.0 4.36261 
1.0 4.5413697 
1.0 4.55788935 
1.0 4.29619295 
1.0 7.21906745 
1.0 7.23066855 
1.0 6.8785535 
1.0 7.55362825 
1.0 6.28945765 
1.0 8.0745287 
1.0 6.74937235 
1.0 6.66896615 
1.0 6.75553725 
2.0 8.48501395 
2.0 12.09292 
2.0 7.9158793 
3.0 9.6755827 
3.0 9.08915245 
3.0 11.79629395 
3.0 12.47754165 
3.0 14.73633315 
3.0 9.70994115 
3.0 9.8414134 
3.0 10.9269944 
3.0 16.7590493 
3.0 17.40289215 
3.0 19.80005125 
3.0 17.324783 
3.0 14.41966435 
3.0 20.79909755 
3.0 19.49012695 
3.0 19.113514 
3.0 21.6104322 
3.0 22.93418435 
3.0 23.6192726 
3.0 21.77835765 
3.0 23.71029045 
3.0 22.2686156 
4.0 14.86797865 
4.0 14.5262488 
4.0 8.75323575 
4.0 9.9388737 
4.0 9.6717516 
4.0 10.30614725 
4.0 10.50934395 
4.0 10.6496299 
4.0 16.47503655 
4.0 17.7119565 
4.0 17.18334135 
4.0 18.09480995 
4.0 19.93551315 
4.0 20.60249695 
4.0 17.5322651 
4.0 16.4824681 
4.0 15.1657954 
4.0 13.58624155 
4.0 20.3148533 
4.0 21.43344175 
4.0 19.43089085 
4.0 19.00784935 
4.0 18.5863237 
4.0 19.1511355 
4.0 20.95206225 
4.0 21.47913705 
4.0 23.6194567 
4.0 23.38446845 
4.0 23.76184825 
4.0 22.99421985 
4.0 21.66631495 
4.0 20.9386751 
4.0 23.00278085 
4.0 24.43387625 
4.0 22.4445053 
4.0 22.96957355 
