# Position.Z vs. Particle Type (97 data points):
# "Particle Type" Position.Z
1.0 0.0 
1.0 0.0 
1.0 0.0 
1.0 0.0 
1.0 0.0 
1.0 0.0 
1.0 0.0 
1.0 0.0 
1.0 0.0 
1.0 2.2741768 
1.0 2.2741768 
1.0 2.2741768 
1.0 2.2741768 
1.0 2.2741768 
1.0 2.2741768 
1.0 2.2741768 
1.0 2.2741768 
1.0 2.2741768 
1.0 5.27053625 
1.0 4.6464516 
1.0 4.407368 
1.0 4.39410615 
1.0 4.37238795 
1.0 4.3256367 
1.0 4.47619725 
1.0 4.32296025 
1.0 4.24248195 
1.0 6.6681797 
1.0 6.88059295 
1.0 6.47706465 
1.0 7.45482255 
1.0 6.49779865 
1.0 7.61930715 
1.0 6.76809245 
1.0 6.50720315 
1.0 6.661039 
2.0 8.0642856 
2.0 12.37968095 
2.0 7.72684395 
3.0 9.2896335 
3.0 8.92947685 
3.0 12.1899183 
3.0 12.42124765 
3.0 12.2052588 
3.0 9.4424785 
3.0 9.39183245 
3.0 10.84984075 
3.0 14.76760985 
3.0 16.0875393 
3.0 18.11270265 
3.0 15.916432 
3.0 13.6962063 
3.0 12.92140395 
3.0 11.2413609 
3.0 14.8605436 
3.0 15.8615688 
3.0 20.33843525 
3.0 18.60786515 
3.0 19.73319495 
3.0 19.06217985 
3.0 18.4243451 
4.0 12.95086765 
4.0 11.7416957 
4.0 10.1343081 
4.0 9.7289192 
4.0 9.2587887 
4.0 9.8716268 
4.0 10.9447485 
4.0 10.12727975 
4.0 15.04158635 
4.0 14.7029603 
4.0 16.1718368 
4.0 16.90703595 
4.0 17.10647855 
4.0 18.28555435 
4.0 15.8266591 
4.0 15.70686635 
4.0 12.96560615 
4.0 14.43688715 
4.0 12.99779985 
4.0 12.41266915 
4.0 10.6760486 
4.0 11.71731785 
4.0 14.1973587 
4.0 15.1897858 
4.0 15.49352175 
4.0 16.81148385 
4.0 19.692113 
4.0 21.2187612 
4.0 18.5966417 
4.0 19.1876559 
4.0 19.67349265 
4.0 19.00841705 
4.0 19.38341055 
4.0 19.6524265 
4.0 17.6486884 
4.0 19.08036515 
