# Position.Z vs. Particle Type (97 data points):
# "Particle Type" Position.Z
1.0 0.0 
1.0 0.0 
1.0 0.0 
1.0 0.0 
1.0 0.0 
1.0 0.0 
1.0 0.0 
1.0 0.0 
1.0 0.0 
1.0 2.2741768 
1.0 2.2741768 
1.0 2.2741768 
1.0 2.2741768 
1.0 2.2741768 
1.0 2.2741768 
1.0 2.2741768 
1.0 2.2741768 
1.0 2.2741768 
1.0 5.59299125 
1.0 4.79006115 
1.0 4.25943945 
1.0 4.41425355 
1.0 4.38270315 
1.0 4.1174378 
1.0 4.27563885 
1.0 4.8010473 
1.0 4.5023027 
1.0 7.08321215 
1.0 7.19101635 
1.0 6.58596155 
1.0 7.5434625 
1.0 6.26745455 
1.0 7.94863055 
1.0 6.75258745 
1.0 6.57022345 
1.0 6.8279596 
2.0 8.3838013 
2.0 12.1956464 
2.0 7.9036153 
3.0 9.58122585 
3.0 9.11366505 
3.0 11.9152439 
3.0 12.5543614 
3.0 15.30213475 
3.0 9.7255263 
3.0 9.8330533 
3.0 11.4542953 
3.0 16.6217275 
3.0 16.853291 
3.0 19.441296 
3.0 17.35175225 
3.0 14.01829905 
3.0 19.9778726 
3.0 18.3040669 
3.0 19.10762735 
3.0 21.24768555 
3.0 22.2444943 
3.0 23.735516 
3.0 21.60085165 
3.0 23.36433435 
3.0 22.3070428 
4.0 15.38449885 
4.0 14.94929415 
4.0 9.3237746 
4.0 9.44710935 
4.0 10.5951496 
4.0 10.2763003 
4.0 11.1778289 
4.0 11.6804786 
4.0 16.5431112 
4.0 17.44494675 
4.0 16.8223664 
4.0 17.25501855 
4.0 19.5676712 
4.0 20.14412365 
4.0 17.03661295 
4.0 16.68232195 
4.0 14.640374 
4.0 13.2956299 
4.0 19.2504165 
4.0 20.74712325 
4.0 18.0902561 
4.0 18.3659378 
4.0 18.45894505 
4.0 19.16512675 
4.0 20.4455328 
4.0 20.9881707 
4.0 22.7185854 
4.0 22.9393423 
4.0 24.0733101 
4.0 23.0738417 
4.0 21.46568795 
4.0 20.7072271 
4.0 22.69294895 
4.0 23.8470414 
4.0 22.07412935 
4.0 22.5823276 
