# Position.Z vs. Particle Type (97 data points):
# "Particle Type" Position.Z
1.0 0.0 
1.0 0.0 
1.0 0.0 
1.0 0.0 
1.0 0.0 
1.0 0.0 
1.0 0.0 
1.0 0.0 
1.0 0.0 
1.0 2.2741768 
1.0 2.2741768 
1.0 2.2741768 
1.0 2.2741768 
1.0 2.2741768 
1.0 2.2741768 
1.0 2.2741768 
1.0 2.2741768 
1.0 2.2741768 
1.0 4.50400685 
1.0 4.374055 
1.0 4.42491665 
1.0 4.42585465 
1.0 4.42907955 
1.0 4.28421175 
1.0 4.31364325 
1.0 4.9556654 
1.0 4.78546005 
1.0 7.3992506 
1.0 7.36156925 
1.0 6.92379415 
1.0 6.4513568 
1.0 6.6069731 
1.0 6.81324665 
1.0 6.74506385 
1.0 6.31417115 
1.0 6.87509445 
2.0 8.19899885 
2.0 11.4981041 
2.0 8.04811245 
3.0 9.30742715 
3.0 9.26785475 
3.0 10.3973135 
3.0 12.55021215 
3.0 9.75733395 
3.0 9.7404636 
3.0 9.57656525 
3.0 12.18174265 
3.0 12.1532194 
3.0 12.18661885 
3.0 16.26074065 
3.0 15.6904426 
3.0 14.0384755 
3.0 15.48614375 
3.0 15.38723515 
3.0 14.803824 
3.0 18.0574947 
3.0 18.0972694 
3.0 19.70670135 
3.0 18.63642375 
3.0 19.52193635 
3.0 18.69058275 
4.0 9.5637941 
4.0 9.7490134 
4.0 10.64140525 
4.0 9.7955501 
4.0 9.43980975 
4.0 8.63571485 
4.0 12.43404575 
4.0 11.289012 
4.0 12.28513895 
4.0 12.7904532 
4.0 12.4723291 
4.0 11.27055685 
4.0 15.6148139 
4.0 16.29401165 
4.0 16.61040255 
4.0 15.21419515 
4.0 14.5378702 
4.0 13.31551865 
4.0 15.3390433 
4.0 16.3408469 
4.0 15.2903667 
4.0 14.79055865 
4.0 14.99902635 
4.0 15.1899013 
4.0 17.09207395 
4.0 18.27204715 
4.0 18.5461332 
4.0 18.65283175 
4.0 19.38341335 
4.0 19.25717465 
4.0 18.5854123 
4.0 17.6874936 
4.0 19.1762298 
4.0 20.47573745 
4.0 19.0016134 
4.0 19.27217355 
