# Position.Z vs. Particle Type (97 data points):
# "Particle Type" Position.Z
1.0 0.0 
1.0 0.0 
1.0 0.0 
1.0 0.0 
1.0 0.0 
1.0 0.0 
1.0 0.0 
1.0 0.0 
1.0 0.0 
1.0 2.2741768 
1.0 2.2741768 
1.0 2.2741768 
1.0 2.2741768 
1.0 2.2741768 
1.0 2.2741768 
1.0 2.2741768 
1.0 2.2741768 
1.0 2.2741768 
1.0 5.2120586 
1.0 4.381937 
1.0 4.34542745 
1.0 4.23153465 
1.0 4.310383 
1.0 4.389896 
1.0 4.6045258 
1.0 4.2893144 
1.0 4.7902155 
1.0 7.24377045 
1.0 7.04356065 
1.0 6.65429345 
1.0 7.4226572 
1.0 6.3223727 
1.0 7.2491328 
1.0 6.7568501 
1.0 6.31302805 
1.0 6.4557171 
2.0 8.4516243 
2.0 12.3667292 
2.0 7.7981232 
3.0 9.6250483 
3.0 9.02471185 
3.0 11.65165995 
3.0 13.0792095 
3.0 11.9827218 
3.0 9.6393661 
3.0 9.37340775 
3.0 11.0428738 
3.0 15.97485645 
3.0 16.3116758 
3.0 18.8119715 
3.0 16.3602726 
3.0 14.21900725 
3.0 12.8155944 
3.0 11.8093738 
3.0 14.087801 
3.0 16.3165674 
3.0 20.5835203 
3.0 18.9727531 
3.0 19.8785804 
3.0 19.3759713 
3.0 18.9714105 
4.0 12.57849845 
4.0 12.04437535 
4.0 9.88102885 
4.0 10.0833124 
4.0 9.58048455 
4.0 10.00328945 
4.0 11.4542638 
4.0 10.5447083 
4.0 15.75730555 
4.0 15.1968159 
4.0 16.71132575 
4.0 17.0976652 
4.0 17.89101545 
4.0 18.67720575 
4.0 16.2674295 
4.0 16.27296825 
4.0 13.9143886 
4.0 14.7160657 
4.0 13.1654852 
4.0 12.0870673 
4.0 10.8327947 
4.0 12.11250215 
4.0 14.850227 
4.0 13.70218255 
4.0 15.7399347 
4.0 17.1657619 
4.0 20.1260423 
4.0 21.508732 
4.0 18.9208474 
4.0 19.5712489 
4.0 19.59289815 
4.0 19.47680315 
4.0 19.69818095 
4.0 19.87263495 
4.0 18.0115159 
4.0 19.2508015 
