# Position.Z vs. Particle Type (97 data points):
# "Particle Type" Position.Z
1.0 0.0 
1.0 0.0 
1.0 0.0 
1.0 0.0 
1.0 0.0 
1.0 0.0 
1.0 0.0 
1.0 0.0 
1.0 0.0 
1.0 2.2741768 
1.0 2.2741768 
1.0 2.2741768 
1.0 2.2741768 
1.0 2.2741768 
1.0 2.2741768 
1.0 2.2741768 
1.0 2.2741768 
1.0 2.2741768 
1.0 5.44955635 
1.0 4.60777765 
1.0 4.36265935 
1.0 4.36051315 
1.0 4.2765499 
1.0 4.32588835 
1.0 4.320141 
1.0 4.3750917 
1.0 4.9319732 
1.0 6.92691335 
1.0 7.52682105 
1.0 6.7460736 
1.0 7.4905775 
1.0 6.1943203 
1.0 7.24655295 
1.0 6.63313455 
1.0 6.5450518 
1.0 6.8175044 
2.0 8.49531655 
2.0 12.40611085 
2.0 7.935172 
3.0 9.6535635 
3.0 9.11658825 
3.0 12.48718485 
3.0 12.25022575 
3.0 18.7768476 
3.0 11.0061406 
3.0 9.1666169 
3.0 15.7085838 
3.0 20.81588565 
3.0 20.5426942 
3.0 24.28255865 
3.0 17.50796775 
3.0 18.8909805 
3.0 20.4600102 
3.0 19.64138575 
3.0 21.810397 
3.0 21.55215615 
3.0 24.59675155 
3.0 25.51665585 
3.0 23.7172488 
3.0 25.05085765 
3.0 24.22461265 
4.0 19.25935305 
4.0 18.11891025 
4.0 10.3566799 
4.0 11.37009825 
4.0 10.0107749 
4.0 9.2354437 
4.0 16.4028529 
4.0 15.2616884 
4.0 21.76721715 
4.0 20.89621345 
4.0 20.89202605 
4.0 19.8801344 
4.0 23.3628507 
4.0 24.57364105 
4.0 18.0148052 
4.0 16.69044125 
4.0 19.33019165 
4.0 19.4977391 
4.0 20.16827995 
4.0 19.67623175 
4.0 20.4108086 
4.0 19.30404665 
4.0 21.18235525 
4.0 22.49344545 
4.0 21.32127095 
4.0 20.9236349 
4.0 24.87568475 
4.0 24.97727575 
4.0 25.03690525 
4.0 26.4439056 
4.0 24.0809331 
4.0 24.20122005 
4.0 24.71562695 
4.0 24.89593365 
4.0 23.31419405 
4.0 24.4379471 
