# Position.Z vs. Particle Type (97 data points):
# "Particle Type" Position.Z
1.0 0.0 
1.0 0.0 
1.0 0.0 
1.0 0.0 
1.0 0.0 
1.0 0.0 
1.0 0.0 
1.0 0.0 
1.0 0.0 
1.0 2.2741768 
1.0 2.2741768 
1.0 2.2741768 
1.0 2.2741768 
1.0 2.2741768 
1.0 2.2741768 
1.0 2.2741768 
1.0 2.2741768 
1.0 2.2741768 
1.0 5.22914 
1.0 4.53487125 
1.0 4.3121064 
1.0 4.45763045 
1.0 4.4232531 
1.0 4.37467835 
1.0 4.3567167 
1.0 4.34743505 
1.0 4.6320463 
1.0 6.7634924 
1.0 7.02761535 
1.0 6.6990343 
1.0 7.05066915 
1.0 6.29418265 
1.0 7.84490735 
1.0 6.75492965 
1.0 6.606915 
1.0 6.7246732 
2.0 8.0804423 
2.0 13.2994862 
2.0 7.780619 
3.0 9.2869308 
3.0 8.99738735 
3.0 13.28491395 
3.0 13.29448015 
3.0 16.36750395 
3.0 11.63238895 
3.0 10.07009255 
3.0 11.08108505 
3.0 18.22600675 
3.0 18.31806445 
3.0 20.1887945 
3.0 18.79891615 
3.0 12.9303671 
3.0 20.76122755 
3.0 18.65630375 
3.0 19.2393026 
3.0 21.32481155 
3.0 23.07169655 
3.0 22.6037525 
3.0 22.93982005 
3.0 24.4739446 
3.0 22.21256065 
4.0 16.90273025 
4.0 15.474725 
4.0 11.5200834 
4.0 10.76117455 
4.0 10.5022995 
4.0 10.2931227 
4.0 11.65607485 
4.0 10.62561675 
4.0 19.0556821 
4.0 17.57476105 
4.0 18.22281615 
4.0 18.3011815 
4.0 20.60677815 
4.0 20.8466587 
4.0 18.92649885 
4.0 17.8837547 
4.0 12.8242163 
4.0 12.85900105 
4.0 20.04541245 
4.0 21.56760375 
4.0 19.1773386 
4.0 18.6433611 
4.0 18.52323165 
4.0 19.2256834 
4.0 20.5189747 
4.0 21.0397166 
4.0 23.65693925 
4.0 22.87265435 
4.0 22.56056285 
4.0 22.7389841 
4.0 22.70389415 
4.0 22.03489085 
4.0 24.34599265 
4.0 24.23049405 
4.0 21.7073465 
4.0 22.90594985 
