# Position.Z vs. Particle Type (97 data points):
# "Particle Type" Position.Z
1.0 0.0 
1.0 0.0 
1.0 0.0 
1.0 0.0 
1.0 0.0 
1.0 0.0 
1.0 0.0 
1.0 0.0 
1.0 0.0 
1.0 2.2741768 
1.0 2.2741768 
1.0 2.2741768 
1.0 2.2741768 
1.0 2.2741768 
1.0 2.2741768 
1.0 2.2741768 
1.0 2.2741768 
1.0 2.2741768 
1.0 5.8186807 
1.0 4.56257445 
1.0 4.3787758 
1.0 4.6045426 
1.0 4.3027978 
1.0 4.3092868 
1.0 4.3046556 
1.0 4.4224796 
1.0 4.5921617 
1.0 7.08393805 
1.0 7.1542212 
1.0 6.6226545 
1.0 7.64895285 
1.0 5.99696965 
1.0 8.03475225 
1.0 6.8341364 
1.0 6.4668639 
1.0 7.0434 
2.0 8.5482166 
2.0 14.7213346 
2.0 7.9180248 
3.0 9.7175638 
3.0 9.13691625 
3.0 14.400456 
3.0 15.0911047 
3.0 17.7802954 
3.0 11.6051684 
3.0 9.636186 
3.0 18.37596705 
3.0 19.955565 
3.0 20.24191575 
3.0 24.7601949 
3.0 18.22525145 
3.0 16.3956247 
3.0 22.81991775 
3.0 20.0729235 
3.0 22.2939087 
3.0 21.2488962 
3.0 26.03873755 
3.0 25.3839355 
3.0 24.4399624 
3.0 24.39750915 
3.0 24.2772222 
4.0 18.3581097 
4.0 17.78592795 
4.0 11.6674495 
4.0 10.8317874 
4.0 10.4283368 
4.0 9.2518118 
4.0 17.784361 
4.0 18.8871368 
4.0 19.58671575 
4.0 20.0790961 
4.0 20.73760535 
4.0 19.63684205 
4.0 24.0374204 
4.0 24.69345865 
4.0 18.5458441 
4.0 17.3116328 
4.0 15.5054683 
4.0 16.44351625 
4.0 21.9776914 
4.0 23.0240129 
4.0 21.02544185 
4.0 19.64691015 
4.0 22.51431 
4.0 23.10774025 
4.0 20.8022738 
4.0 20.75276315 
4.0 25.66478005 
4.0 25.6424385 
4.0 25.0509966 
4.0 26.288528 
4.0 24.95634715 
4.0 24.53551695 
4.0 24.36308245 
4.0 25.0496568 
4.0 23.2873396 
4.0 24.4593552 
