# Position.Z vs. Particle Type (97 data points):
# "Particle Type" Position.Z
1.0 0.0 
1.0 0.0 
1.0 0.0 
1.0 0.0 
1.0 0.0 
1.0 0.0 
1.0 0.0 
1.0 0.0 
1.0 0.0 
1.0 2.2741768 
1.0 2.2741768 
1.0 2.2741768 
1.0 2.2741768 
1.0 2.2741768 
1.0 2.2741768 
1.0 2.2741768 
1.0 2.2741768 
1.0 2.2741768 
1.0 5.23229035 
1.0 4.6676259 
1.0 4.35195355 
1.0 4.39935895 
1.0 4.25328925 
1.0 4.2763728 
1.0 4.4000831 
1.0 4.34088585 
1.0 4.5550736 
1.0 7.09950325 
1.0 7.05606965 
1.0 6.7410931 
1.0 7.1407595 
1.0 6.3872123 
1.0 7.7210273 
1.0 6.78377595 
1.0 6.38335985 
1.0 6.61265395 
2.0 8.3292349 
2.0 10.4258889 
2.0 7.9245656 
3.0 9.59387695 
3.0 9.12118025 
3.0 11.10190165 
3.0 9.84781385 
3.0 18.9524321 
3.0 11.4783088 
3.0 9.62218425 
3.0 17.56491345 
3.0 20.2724774 
3.0 21.1278571 
3.0 24.35402095 
3.0 15.6131073 
3.0 17.0708027 
3.0 19.15734065 
3.0 19.11120575 
3.0 21.91245 
3.0 21.1122646 
3.0 25.6402041 
3.0 24.62726105 
3.0 22.98651005 
3.0 24.0696911 
3.0 23.8890442 
4.0 19.4868163 
4.0 18.0764276 
4.0 11.6229127 
4.0 11.4762144 
4.0 10.30625295 
4.0 9.44340145 
4.0 17.4286539 
4.0 18.4801456 
4.0 21.24003105 
4.0 20.4169931 
4.0 21.2850442 
4.0 20.69497605 
4.0 23.46804985 
4.0 24.4021134 
4.0 15.16134865 
4.0 16.19442335 
4.0 17.74720955 
4.0 16.19674385 
4.0 19.6218134 
4.0 18.86182515 
4.0 18.56875405 
4.0 18.8505233 
4.0 21.0147924 
4.0 22.40017535 
4.0 21.3705191 
4.0 20.59801625 
4.0 25.4280362 
4.0 25.4677248 
4.0 24.29225435 
4.0 25.21010205 
4.0 23.3104389 
4.0 23.4287032 
4.0 23.61810115 
4.0 24.65008875 
4.0 22.9645374 
4.0 24.14316415 
