# Position.Z vs. Particle Type (97 data points):
# "Particle Type" Position.Z
1.0 0.0 
1.0 0.0 
1.0 0.0 
1.0 0.0 
1.0 0.0 
1.0 0.0 
1.0 0.0 
1.0 0.0 
1.0 0.0 
1.0 2.2741768 
1.0 2.2741768 
1.0 2.2741768 
1.0 2.2741768 
1.0 2.2741768 
1.0 2.2741768 
1.0 2.2741768 
1.0 2.2741768 
1.0 2.2741768 
1.0 5.2509247 
1.0 4.4163735 
1.0 4.215015 
1.0 4.60001955 
1.0 4.31185825 
1.0 4.31074035 
1.0 4.51833795 
1.0 4.944373 
1.0 4.4874557 
1.0 7.40264315 
1.0 7.1233057 
1.0 6.7073146 
1.0 7.21860825 
1.0 6.42717355 
1.0 7.65164855 
1.0 6.87774255 
1.0 6.4546027 
1.0 6.58757225 
2.0 8.4628698 
2.0 11.2865137 
2.0 7.96231695 
3.0 9.681539 
3.0 9.18649865 
3.0 10.8961685 
3.0 11.6719246 
3.0 18.75273295 
3.0 10.56635825 
3.0 9.73812245 
3.0 16.1162953 
3.0 21.1729826 
3.0 20.7609395 
3.0 23.771426 
3.0 17.1877244 
3.0 17.16171345 
3.0 19.428556 
3.0 18.83743715 
3.0 21.40941145 
3.0 20.3845313 
3.0 25.5435061 
3.0 25.50141335 
3.0 23.69045105 
3.0 23.1048076 
3.0 23.22484885 
4.0 19.5269158 
4.0 18.18472425 
4.0 10.209843 
4.0 11.0245856 
4.0 10.2802 
4.0 9.8278453 
4.0 16.5591398 
4.0 15.9111022 
4.0 22.08751755 
4.0 21.06783805 
4.0 20.83220055 
4.0 21.4718644 
4.0 22.9432721 
4.0 23.54100245 
4.0 17.45032695 
4.0 17.87604315 
4.0 17.96915225 
4.0 17.00391595 
4.0 20.03703485 
4.0 19.16477535 
4.0 18.01142945 
4.0 18.6297412 
4.0 20.7735983 
4.0 21.71912785 
4.0 20.3989079 
4.0 19.93289725 
4.0 25.2220269 
4.0 25.5625902 
4.0 24.6881579 
4.0 26.2089331 
4.0 23.93208825 
4.0 23.94068075 
4.0 23.198063 
4.0 23.9388926 
4.0 22.29315235 
4.0 23.07883515 
