# Position.Z vs. Particle Type (97 data points):
# "Particle Type" Position.Z
1.0 0.0 
1.0 0.0 
1.0 0.0 
1.0 0.0 
1.0 0.0 
1.0 0.0 
1.0 0.0 
1.0 0.0 
1.0 0.0 
1.0 2.2741768 
1.0 2.2741768 
1.0 2.2741768 
1.0 2.2741768 
1.0 2.2741768 
1.0 2.2741768 
1.0 2.2741768 
1.0 2.2741768 
1.0 2.2741768 
1.0 5.66299405 
1.0 4.5594479 
1.0 4.3049755 
1.0 4.40396005 
1.0 4.37012905 
1.0 4.2945126 
1.0 4.38862165 
1.0 4.6900014 
1.0 4.4473758 
1.0 7.15978865 
1.0 7.14930545 
1.0 6.6026618 
1.0 7.53522035 
1.0 6.16963515 
1.0 7.76171725 
1.0 6.9286595 
1.0 6.60987985 
1.0 6.6196998 
2.0 8.3085429 
2.0 14.86121315 
2.0 8.0143959 
3.0 9.5475345 
3.0 9.2281812 
3.0 15.2113395 
3.0 14.4740316 
3.0 18.3171058 
3.0 10.4947276 
3.0 9.6852259 
3.0 17.84655355 
3.0 18.8388774 
3.0 20.98688935 
3.0 24.09848945 
3.0 18.43824955 
3.0 16.99067615 
3.0 22.09439295 
3.0 20.137467 
3.0 21.93727375 
3.0 20.9263817 
3.0 27.2464108 
3.0 25.79474555 
3.0 24.12623115 
3.0 24.2958415 
3.0 23.89587725 
4.0 18.4996539 
4.0 17.90777625 
4.0 10.65547735 
4.0 10.3346019 
4.0 10.21176835 
4.0 9.25536605 
4.0 17.79142295 
4.0 17.78881965 
4.0 18.84137815 
4.0 19.5176058 
4.0 21.45340085 
4.0 20.11936605 
4.0 23.2327963 
4.0 24.0454991 
4.0 19.05689135 
4.0 17.80889215 
4.0 16.07286975 
4.0 17.25446065 
4.0 21.50462545 
4.0 22.68966735 
4.0 20.79980315 
4.0 19.68191785 
4.0 22.23997825 
4.0 22.76967105 
4.0 20.76159295 
4.0 20.43286875 
4.0 26.8928716 
4.0 27.4644454 
4.0 25.1018642 
4.0 26.20311435 
4.0 24.5471961 
4.0 24.04423385 
4.0 24.34599265 
4.0 24.90981535 
4.0 22.9282641 
4.0 23.9137227 
