# Position.Z vs. Particle Type (97 data points):
# "Particle Type" Position.Z
1.0 0.0 
1.0 0.0 
1.0 0.0 
1.0 0.0 
1.0 0.0 
1.0 0.0 
1.0 0.0 
1.0 0.0 
1.0 0.0 
1.0 2.2741768 
1.0 2.2741768 
1.0 2.2741768 
1.0 2.2741768 
1.0 2.2741768 
1.0 2.2741768 
1.0 2.2741768 
1.0 2.2741768 
1.0 2.2741768 
1.0 5.4591936 
1.0 4.64017575 
1.0 4.181961 
1.0 4.78128385 
1.0 4.2062825 
1.0 4.3302805 
1.0 4.297342 
1.0 5.09608155 
1.0 4.3422883 
1.0 7.29240505 
1.0 7.4509813 
1.0 6.52050455 
1.0 7.6389292 
1.0 6.3066276 
1.0 7.765198 
1.0 6.7262888 
1.0 6.65948955 
1.0 6.91562865 
2.0 8.62758435 
2.0 12.45669985 
2.0 7.84151165 
3.0 9.8434252 
3.0 9.0352395 
3.0 12.38650175 
3.0 12.4042163 
3.0 14.9631342 
3.0 9.9252195 
3.0 10.0505825 
3.0 11.1747041 
3.0 16.09385085 
3.0 14.03075345 
3.0 18.65360315 
3.0 16.3909389 
3.0 14.32932795 
3.0 18.203346 
3.0 16.19967475 
3.0 17.45774695 
3.0 18.2574714 
3.0 20.7261719 
3.0 21.5301702 
3.0 19.59683915 
3.0 21.2688168 
3.0 20.0995767 
4.0 14.2887794 
4.0 14.92484525 
4.0 9.32285235 
4.0 10.40171195 
4.0 9.9196923 
4.0 10.42932695 
4.0 10.98242145 
4.0 10.83941005 
4.0 16.0599593 
4.0 17.0432906 
4.0 14.7501053 
4.0 14.1241681 
4.0 18.2318178 
4.0 19.1381904 
4.0 15.9206047 
4.0 15.9256237 
4.0 14.5987667 
4.0 13.34315535 
4.0 17.6183063 
4.0 18.96003515 
4.0 16.9625057 
4.0 15.66022395 
4.0 16.6944862 
4.0 18.15075815 
4.0 17.7115939 
4.0 18.0910289 
4.0 21.5163039 
4.0 20.84236595 
4.0 21.1813868 
4.0 21.65564625 
4.0 19.6243845 
4.0 19.00653895 
4.0 20.6367931 
4.0 20.95551955 
4.0 19.6159068 
4.0 20.67871785 
