# Position.Z vs. Particle Type (97 data points):
# "Particle Type" Position.Z
1.0 0.0 
1.0 0.0 
1.0 0.0 
1.0 0.0 
1.0 0.0 
1.0 0.0 
1.0 0.0 
1.0 0.0 
1.0 0.0 
1.0 2.2741768 
1.0 2.2741768 
1.0 2.2741768 
1.0 2.2741768 
1.0 2.2741768 
1.0 2.2741768 
1.0 2.2741768 
1.0 2.2741768 
1.0 2.2741768 
1.0 4.22708965 
1.0 4.238773 
1.0 4.30891615 
1.0 4.52665605 
1.0 4.4061493 
1.0 4.31404365 
1.0 4.37442215 
1.0 4.6022109 
1.0 5.0810921 
1.0 7.2972809 
1.0 7.56924805 
1.0 6.92566735 
1.0 6.41850825 
1.0 6.2793661 
1.0 6.3612598 
1.0 6.6900001 
1.0 6.45152585 
1.0 6.94634885 
2.0 8.18666975 
2.0 11.48850185 
2.0 8.13601495 
3.0 9.27441445 
3.0 9.34711295 
3.0 10.5247387 
3.0 12.38311935 
3.0 9.8979335 
3.0 9.8498015 
3.0 9.3607801 
3.0 12.39372785 
3.0 12.065487 
3.0 12.58438195 
3.0 16.21233915 
3.0 15.94787915 
3.0 15.01547145 
3.0 15.63570155 
3.0 16.6864551 
3.0 14.2654057 
3.0 19.3348547 
3.0 18.7409642 
3.0 19.41365125 
3.0 19.3578441 
3.0 20.2423613 
3.0 18.9562891 
4.0 9.2367646 
4.0 9.91583705 
4.0 10.45652265 
4.0 10.0475935 
4.0 9.67273965 
4.0 8.94053405 
4.0 13.01430445 
4.0 11.6244471 
4.0 11.91727425 
4.0 12.6281484 
4.0 12.6576891 
4.0 12.03692805 
4.0 15.67590465 
4.0 16.2619142 
4.0 16.9336895 
4.0 15.62683325 
4.0 15.15020395 
4.0 14.34356595 
4.0 15.3053838 
4.0 16.5854584 
4.0 16.26814735 
4.0 16.24974575 
4.0 15.0141425 
4.0 14.43331295 
4.0 18.40805505 
4.0 19.10097875 
4.0 19.31364505 
4.0 18.98492715 
4.0 19.2068877 
4.0 19.0448419 
4.0 19.6252518 
4.0 18.3937684 
4.0 19.902204 
4.0 21.20434015 
4.0 19.15263105 
4.0 19.5234459 
