# Position.Z vs. Particle Type (97 data points):
# "Particle Type" Position.Z
1.0 0.0 
1.0 0.0 
1.0 0.0 
1.0 0.0 
1.0 0.0 
1.0 0.0 
1.0 0.0 
1.0 0.0 
1.0 0.0 
1.0 2.2741768 
1.0 2.2741768 
1.0 2.2741768 
1.0 2.2741768 
1.0 2.2741768 
1.0 2.2741768 
1.0 2.2741768 
1.0 2.2741768 
1.0 2.2741768 
1.0 5.3041387 
1.0 4.7416264 
1.0 4.46507285 
1.0 4.2579208 
1.0 4.36571205 
1.0 4.348225 
1.0 4.2876561 
1.0 4.4229675 
1.0 4.68328735 
1.0 6.7393795 
1.0 7.02032135 
1.0 6.7257981 
1.0 7.5087929 
1.0 6.37896035 
1.0 7.5473923 
1.0 6.63517295 
1.0 6.5459086 
1.0 6.82099215 
2.0 8.22757915 
2.0 12.7749706 
2.0 7.8897399 
3.0 9.3838675 
3.0 9.0965987 
3.0 11.8848177 
3.0 13.6648155 
3.0 12.6397502 
3.0 9.79563865 
3.0 9.5781371 
3.0 10.9720786 
3.0 15.19752675 
3.0 16.21573135 
3.0 18.14563975 
3.0 16.3225048 
3.0 13.51444045 
3.0 12.4085969 
3.0 11.28824725 
3.0 15.25674395 
3.0 15.0993605 
3.0 20.93019775 
3.0 17.8207022 
3.0 19.405043 
3.0 19.35827005 
3.0 18.61801935 
4.0 13.4165801 
4.0 12.3119381 
4.0 10.31026115 
4.0 10.03309895 
4.0 9.5613763 
4.0 10.16821575 
4.0 11.4482326 
4.0 10.24575125 
4.0 15.4105497 
4.0 15.24750815 
4.0 15.881103 
4.0 17.18046855 
4.0 17.1924543 
4.0 18.50453745 
4.0 16.22216995 
4.0 16.38506695 
4.0 13.08712615 
4.0 14.14656775 
4.0 12.628553 
4.0 12.0146313 
4.0 10.52042145 
4.0 11.5952165 
4.0 14.3356752 
4.0 15.6166878 
4.0 14.35537145 
4.0 15.8828789 
4.0 19.98896795 
4.0 20.98838175 
4.0 18.14812685 
4.0 18.2427721 
4.0 19.50462535 
4.0 18.7380088 
4.0 19.69576105 
4.0 20.1546366 
4.0 17.78895755 
4.0 19.26125495 
