# Position.Z vs. Particle Type (97 data points):
# "Particle Type" Position.Z
1.0 0.0 
1.0 0.0 
1.0 0.0 
1.0 0.0 
1.0 0.0 
1.0 0.0 
1.0 0.0 
1.0 0.0 
1.0 0.0 
1.0 2.2741768 
1.0 2.2741768 
1.0 2.2741768 
1.0 2.2741768 
1.0 2.2741768 
1.0 2.2741768 
1.0 2.2741768 
1.0 2.2741768 
1.0 2.2741768 
1.0 5.4555977 
1.0 4.6239634 
1.0 4.4644635 
1.0 4.36690135 
1.0 4.3714055 
1.0 4.29835175 
1.0 4.5611447 
1.0 4.80686745 
1.0 4.267067 
1.0 7.4365501 
1.0 7.24271625 
1.0 6.74119705 
1.0 7.3020738 
1.0 6.2526975 
1.0 7.8769257 
1.0 6.8024306 
1.0 6.55215015 
1.0 6.55457005 
2.0 8.4904848 
2.0 12.9197915 
2.0 7.8345568 
3.0 9.68584575 
3.0 9.0206368 
3.0 12.7964438 
3.0 13.0260718 
3.0 16.86486375 
3.0 9.8931595 
3.0 9.9775242 
3.0 11.1202525 
3.0 16.9634108 
3.0 17.94791425 
3.0 20.90976195 
3.0 18.73742325 
3.0 14.80354365 
3.0 20.359619 
3.0 19.49765125 
3.0 20.05823855 
3.0 21.5655083 
3.0 23.0919535 
3.0 23.460108 
3.0 22.5827315 
3.0 25.19024305 
3.0 23.57648055 
4.0 17.2949266 
4.0 15.93864615 
4.0 9.1426139 
4.0 10.0829953 
4.0 10.41829495 
4.0 10.29449715 
4.0 10.74716755 
4.0 10.95628625 
4.0 17.6755082 
4.0 17.2120109 
4.0 17.42743835 
4.0 17.9233383 
4.0 20.7436558 
4.0 21.7940681 
4.0 19.3002572 
4.0 18.0639158 
4.0 14.71830535 
4.0 13.89912755 
4.0 19.78053455 
4.0 21.22511265 
4.0 19.80908615 
4.0 19.50608695 
4.0 19.52012685 
4.0 20.3531153 
4.0 20.82082765 
4.0 21.2379153 
4.0 23.8266511 
4.0 23.04622635 
4.0 23.3859703 
4.0 23.15924415 
4.0 22.3406988 
4.0 21.6493844 
4.0 24.3622778 
4.0 25.74256125 
4.0 23.1665756 
4.0 24.30259755 
