# Position.Z vs. Particle Type (97 data points):
# "Particle Type" Position.Z
1.0 0.0 
1.0 0.0 
1.0 0.0 
1.0 0.0 
1.0 0.0 
1.0 0.0 
1.0 0.0 
1.0 0.0 
1.0 0.0 
1.0 2.2741768 
1.0 2.2741768 
1.0 2.2741768 
1.0 2.2741768 
1.0 2.2741768 
1.0 2.2741768 
1.0 2.2741768 
1.0 2.2741768 
1.0 2.2741768 
1.0 5.4712945 
1.0 4.7755715 
1.0 4.2541429 
1.0 4.3295329 
1.0 4.34423465 
1.0 4.2824292 
1.0 4.43576105 
1.0 4.31533725 
1.0 4.60022745 
1.0 6.99171725 
1.0 6.7066692 
1.0 6.7594968 
1.0 7.42719985 
1.0 6.21011055 
1.0 7.9391935 
1.0 6.8649161 
1.0 6.4815828 
1.0 6.69667705 
2.0 8.10150775 
2.0 15.25001905 
2.0 7.85567545 
3.0 9.3248435 
3.0 9.0645716 
3.0 15.88502895 
3.0 14.53025525 
3.0 18.3107169 
3.0 10.17727515 
3.0 10.11364305 
3.0 17.1062416 
3.0 18.60284545 
3.0 19.3108202 
3.0 23.213372 
3.0 19.4917597 
3.0 17.17425535 
3.0 22.1469381 
3.0 19.5954633 
3.0 21.5291496 
3.0 20.2563725 
3.0 26.23969705 
3.0 25.03195765 
3.0 24.0427026 
3.0 24.36270725 
3.0 23.35833115 
4.0 18.65668525 
4.0 17.9121579 
4.0 10.11005205 
4.0 9.29356575 
4.0 10.1990329 
4.0 10.22073395 
4.0 16.3324896 
4.0 16.8875266 
4.0 19.01623885 
4.0 19.3015718 
4.0 19.9657815 
4.0 19.05515115 
4.0 22.8048968 
4.0 23.3717729 
4.0 19.53230965 
4.0 19.1711289 
4.0 17.27482225 
4.0 17.66864295 
4.0 21.2306157 
4.0 22.74425055 
4.0 20.22110475 
4.0 18.7058697 
4.0 21.95751985 
4.0 22.2467777 
4.0 19.7720586 
4.0 20.0247376 
4.0 25.4460899 
4.0 26.4246276 
4.0 24.3095188 
4.0 25.82807115 
4.0 24.65101275 
4.0 23.927568 
4.0 24.51124865 
4.0 25.1872208 
4.0 22.4048636 
4.0 23.61364705 
