# Position.Z vs. Particle Type (97 data points):
# "Particle Type" Position.Z
1.0 0.0 
1.0 0.0 
1.0 0.0 
1.0 0.0 
1.0 0.0 
1.0 0.0 
1.0 0.0 
1.0 0.0 
1.0 0.0 
1.0 2.2741768 
1.0 2.2741768 
1.0 2.2741768 
1.0 2.2741768 
1.0 2.2741768 
1.0 2.2741768 
1.0 2.2741768 
1.0 2.2741768 
1.0 2.2741768 
1.0 5.2971968 
1.0 4.7995297 
1.0 4.1701268 
1.0 4.3354059 
1.0 4.3316273 
1.0 4.3879913 
1.0 4.5247531 
1.0 4.4379776 
1.0 4.4016637 
1.0 7.1393854 
1.0 6.7210591 
1.0 6.5290141 
1.0 7.41754475 
1.0 6.5629851 
1.0 7.5395768 
1.0 6.62614155 
1.0 6.4108135 
1.0 6.70777695 
2.0 8.2758557 
2.0 11.5360714 
2.0 7.7436863 
3.0 9.41332665 
3.0 8.93173575 
3.0 10.67545045 
3.0 12.44318145 
3.0 12.86297635 
3.0 9.72859965 
3.0 9.3127223 
3.0 11.8093395 
3.0 15.4767809 
3.0 17.4706133 
3.0 19.42811045 
3.0 16.49583915 
3.0 13.96997805 
3.0 14.4052419 
3.0 10.90308205 
3.0 16.5238647 
3.0 15.5416408 
3.0 20.84516595 
3.0 19.6443625 
3.0 20.52522325 
3.0 20.6505201 
3.0 19.13642045 
4.0 13.8196926 
4.0 12.2499279 
4.0 10.02354745 
4.0 9.88381485 
4.0 9.23179915 
4.0 10.1147634 
4.0 12.0792378 
4.0 12.13103605 
4.0 15.5858248 
4.0 15.9686639 
4.0 17.39230325 
4.0 18.44552955 
4.0 18.5018295 
4.0 19.4033448 
4.0 16.9747284 
4.0 16.2320193 
4.0 13.61020955 
4.0 14.7625751 
4.0 14.15782025 
4.0 13.55910535 
4.0 10.1641113 
4.0 10.4819953 
4.0 15.7695335 
4.0 16.66666365 
4.0 15.11192025 
4.0 15.19301035 
4.0 20.4597974 
4.0 21.68306245 
4.0 19.086774 
4.0 19.7809444 
4.0 20.34539815 
4.0 20.24253105 
4.0 20.715933 
4.0 20.74840915 
4.0 18.27512715 
4.0 19.77224795 
