# Position.Z vs. Particle Type (97 data points):
# "Particle Type" Position.Z
1.0 0.0 
1.0 0.0 
1.0 0.0 
1.0 0.0 
1.0 0.0 
1.0 0.0 
1.0 0.0 
1.0 0.0 
1.0 0.0 
1.0 2.2741768 
1.0 2.2741768 
1.0 2.2741768 
1.0 2.2741768 
1.0 2.2741768 
1.0 2.2741768 
1.0 2.2741768 
1.0 2.2741768 
1.0 2.2741768 
1.0 5.4483387 
1.0 4.58779685 
1.0 4.3001539 
1.0 4.3757217 
1.0 4.44963855 
1.0 4.52496555 
1.0 4.46272715 
1.0 4.6192132 
1.0 4.33717025 
1.0 7.6295681 
1.0 6.83139485 
1.0 6.74394315 
1.0 7.0866747 
1.0 6.513927 
1.0 7.75144265 
1.0 6.92677965 
1.0 6.38063335 
1.0 6.4651167 
2.0 8.33918855 
2.0 13.2425272 
2.0 7.8818285 
3.0 9.4842713 
3.0 9.1056154 
3.0 14.01016015 
3.0 12.44958015 
3.0 12.9614786 
3.0 9.71716095 
3.0 9.5569775 
3.0 10.3824658 
3.0 14.6697747 
3.0 15.4279846 
3.0 17.97230855 
3.0 17.5859208 
3.0 10.91656965 
3.0 18.9729526 
3.0 16.10199115 
3.0 17.3387718 
3.0 19.0674302 
3.0 21.8292039 
3.0 20.9460664 
3.0 20.1064353 
3.0 22.1044299 
3.0 20.36707435 
4.0 13.7035276 
4.0 12.305629 
4.0 9.42280045 
4.0 9.86502895 
4.0 9.9091552 
4.0 10.15697725 
4.0 10.29335055 
4.0 9.8495824 
4.0 15.22252725 
4.0 13.835073 
4.0 15.40720195 
4.0 15.80470535 
4.0 18.39176045 
4.0 18.6314303 
4.0 18.5162033 
4.0 17.26080615 
4.0 11.6856117 
4.0 10.97269425 
4.0 18.4366812 
4.0 19.8572234 
4.0 16.4113551 
4.0 16.48595795 
4.0 16.87322805 
4.0 17.5113918 
4.0 18.15411325 
4.0 18.91325695 
4.0 22.0635611 
4.0 21.92801275 
4.0 21.02512055 
4.0 21.0484148 
4.0 19.947718 
4.0 19.16984195 
4.0 21.4027296 
4.0 22.6707894 
4.0 20.1386626 
4.0 21.0286503 
