# Position.Z vs. Particle Type (97 data points):
# "Particle Type" Position.Z
1.0 0.0 
1.0 0.0 
1.0 0.0 
1.0 0.0 
1.0 0.0 
1.0 0.0 
1.0 0.0 
1.0 0.0 
1.0 0.0 
1.0 2.2741768 
1.0 2.2741768 
1.0 2.2741768 
1.0 2.2741768 
1.0 2.2741768 
1.0 2.2741768 
1.0 2.2741768 
1.0 2.2741768 
1.0 2.2741768 
1.0 5.371254 
1.0 4.6741912 
1.0 4.272065 
1.0 4.4222591 
1.0 4.4421349 
1.0 4.2093002 
1.0 4.2820862 
1.0 4.34591395 
1.0 4.8053817 
1.0 7.3443293 
1.0 7.39581115 
1.0 6.69561305 
1.0 7.3573206 
1.0 6.2316954 
1.0 7.5495399 
1.0 6.8566302 
1.0 6.484779 
1.0 6.75031455 
2.0 8.49790095 
2.0 15.6178162 
2.0 8.1070318 
3.0 9.733563 
3.0 9.29664365 
3.0 14.910217 
3.0 16.31637455 
3.0 10.53649835 
3.0 12.25080115 
3.0 9.5137917 
3.0 11.0003943 
3.0 13.76615975 
3.0 11.525227 
3.0 20.20393025 
3.0 20.1587778 
3.0 17.06126205 
3.0 20.93555135 
3.0 19.13176895 
3.0 19.36658605 
3.0 21.4282467 
3.0 23.65480775 
3.0 22.97282225 
3.0 21.8156939 
3.0 23.94110145 
3.0 23.0116866 
4.0 11.12011635 
4.0 10.5282667 
4.0 12.1784376 
4.0 11.8405105 
4.0 9.44147715 
4.0 9.7261402 
4.0 10.8114531 
4.0 10.37369375 
4.0 13.08197765 
4.0 14.0072548 
4.0 11.9671811 
4.0 10.89652445 
4.0 20.10877715 
4.0 21.12085325 
4.0 21.0749182 
4.0 19.7390802 
4.0 16.1109144 
4.0 17.497179 
4.0 20.5759449 
4.0 21.91632555 
4.0 18.8946709 
4.0 19.41426305 
4.0 18.45266185 
4.0 19.51713575 
4.0 20.70428745 
4.0 21.133217 
4.0 24.3472677 
4.0 23.5657254 
4.0 22.90082025 
4.0 23.3048669 
4.0 21.7751765 
4.0 21.20058885 
4.0 23.3422868 
4.0 24.247902 
4.0 22.70998765 
4.0 23.2858584 
