# Position.Z vs. Particle Type (97 data points):
# "Particle Type" Position.Z
1.0 0.0 
1.0 0.0 
1.0 0.0 
1.0 0.0 
1.0 0.0 
1.0 0.0 
1.0 0.0 
1.0 0.0 
1.0 0.0 
1.0 2.2741768 
1.0 2.2741768 
1.0 2.2741768 
1.0 2.2741768 
1.0 2.2741768 
1.0 2.2741768 
1.0 2.2741768 
1.0 2.2741768 
1.0 2.2741768 
1.0 5.7058414 
1.0 4.9250327 
1.0 4.3444625 
1.0 4.54543425 
1.0 4.3137542 
1.0 4.236659 
1.0 4.46985315 
1.0 4.6428305 
1.0 4.3551963 
1.0 6.9731823 
1.0 7.10422755 
1.0 6.48783205 
1.0 7.59963155 
1.0 6.46260195 
1.0 8.11158425 
1.0 6.77413135 
1.0 6.5404311 
1.0 6.84636435 
2.0 8.4810068 
2.0 14.76179145 
2.0 7.9815988 
3.0 9.67225875 
3.0 9.15506935 
3.0 14.8345106 
3.0 14.7322651 
3.0 18.2484099 
3.0 11.1586167 
3.0 9.9732836 
3.0 18.28728615 
3.0 19.3890585 
3.0 20.36086115 
3.0 24.41835235 
3.0 18.56437275 
3.0 16.7852111 
3.0 22.78071845 
3.0 20.1126688 
3.0 21.984361 
3.0 21.00591885 
3.0 26.8889649 
3.0 25.21437485 
3.0 24.5034139 
3.0 24.3210828 
3.0 23.61108505 
4.0 18.72529785 
4.0 17.87860795 
4.0 11.748219 
4.0 10.8565016 
4.0 10.5057932 
4.0 9.9467571 
4.0 17.70715345 
4.0 18.3573656 
4.0 19.0697038 
4.0 20.11091775 
4.0 20.83013275 
4.0 19.61655955 
4.0 23.69503185 
4.0 24.34573645 
4.0 19.14148005 
4.0 17.76796035 
4.0 15.8249889 
4.0 17.22583765 
4.0 21.91532315 
4.0 23.16584235 
4.0 20.7874667 
4.0 19.4377148 
4.0 22.1694144 
4.0 22.84527525 
4.0 20.52364405 
4.0 20.8327693 
4.0 26.8494863 
4.0 26.24770995 
4.0 24.7282203 
4.0 26.14999345 
4.0 24.7075059 
4.0 24.3967157 
4.0 24.42046005 
4.0 25.0826926 
4.0 22.7717609 
4.0 23.82820895 
