# Position.Z vs. Particle Type (97 data points):
# "Particle Type" Position.Z
1.0 0.0 
1.0 0.0 
1.0 0.0 
1.0 0.0 
1.0 0.0 
1.0 0.0 
1.0 0.0 
1.0 0.0 
1.0 0.0 
1.0 2.2741768 
1.0 2.2741768 
1.0 2.2741768 
1.0 2.2741768 
1.0 2.2741768 
1.0 2.2741768 
1.0 2.2741768 
1.0 2.2741768 
1.0 2.2741768 
1.0 5.2763095 
1.0 4.276209 
1.0 4.25321435 
1.0 4.3832103 
1.0 4.2991578 
1.0 4.57007215 
1.0 4.5177454 
1.0 4.57098635 
1.0 4.4085335 
1.0 7.3399354 
1.0 7.24058755 
1.0 6.6291015 
1.0 7.10535735 
1.0 6.43742015 
1.0 7.4635799 
1.0 6.99474965 
1.0 6.3708218 
1.0 6.497834 
2.0 8.3973701 
2.0 10.6958446 
2.0 7.9547566 
3.0 9.53574895 
3.0 9.13974425 
3.0 10.8065272 
3.0 10.70915545 
3.0 18.27376075 
3.0 11.2622559 
3.0 9.62106145 
3.0 17.01559825 
3.0 20.6836147 
3.0 21.1874425 
3.0 23.8399854 
3.0 16.91802665 
3.0 17.0341353 
3.0 19.4293428 
3.0 18.4781289 
3.0 21.51999255 
3.0 20.92917715 
3.0 25.69403795 
3.0 25.6076562 
3.0 23.3925678 
3.0 23.102982 
3.0 23.48188675 
4.0 19.1021348 
4.0 17.62637065 
4.0 11.2391496 
4.0 10.97994835 
4.0 10.247013 
4.0 10.043131 
4.0 17.07392995 
4.0 16.8720335 
4.0 21.5791394 
4.0 20.81371705 
4.0 21.08528555 
4.0 21.9746576 
4.0 22.8771949 
4.0 23.8101745 
4.0 16.79497365 
4.0 17.32217095 
4.0 17.91894125 
4.0 16.9865101 
4.0 19.82342635 
4.0 19.16938065 
4.0 17.95084585 
4.0 18.34874195 
4.0 20.7870271 
4.0 21.746802 
4.0 20.94198155 
4.0 20.3923111 
4.0 25.32580295 
4.0 25.61668725 
4.0 24.886624 
4.0 26.45677335 
4.0 24.04160395 
4.0 23.77093775 
4.0 23.0354796 
4.0 23.99469555 
4.0 22.6122687 
4.0 23.50252835 
