# Position.Z vs. Particle Type (97 data points):
# "Particle Type" Position.Z
1.0 0.0 
1.0 0.0 
1.0 0.0 
1.0 0.0 
1.0 0.0 
1.0 0.0 
1.0 0.0 
1.0 0.0 
1.0 0.0 
1.0 2.2741768 
1.0 2.2741768 
1.0 2.2741768 
1.0 2.2741768 
1.0 2.2741768 
1.0 2.2741768 
1.0 2.2741768 
1.0 2.2741768 
1.0 2.2741768 
1.0 4.98982015 
1.0 4.31988235 
1.0 4.44744195 
1.0 4.5655855 
1.0 4.54912395 
1.0 4.2760102 
1.0 4.5163258 
1.0 4.2735392 
1.0 5.191963 
1.0 7.2129043 
1.0 7.90224715 
1.0 6.8722878 
1.0 7.20570375 
1.0 6.38291815 
1.0 6.82257695 
1.0 6.8948957 
1.0 6.49628245 
1.0 6.93598255 
2.0 8.5896916 
2.0 16.0158019 
2.0 8.0851232 
3.0 9.8022225 
3.0 9.27640875 
3.0 16.3015622 
3.0 15.7406501 
3.0 10.56364295 
3.0 11.33326425 
3.0 8.97058225 
3.0 10.93880515 
3.0 13.40707725 
3.0 10.75730635 
3.0 21.4799207 
3.0 20.37846755 
3.0 18.37953285 
3.0 20.4907647 
3.0 20.25984485 
3.0 18.70986845 
3.0 22.84758455 
3.0 23.42003755 
3.0 23.17948675 
3.0 23.2634689 
3.0 25.0651842 
3.0 23.72970425 
4.0 10.349402 
4.0 10.72479975 
4.0 10.51022105 
4.0 10.988726 
4.0 9.65548605 
4.0 9.54467745 
4.0 10.78099365 
4.0 11.7252982 
4.0 13.31230565 
4.0 14.2602705 
4.0 10.3813766 
4.0 11.67852385 
4.0 21.2670612 
4.0 21.97451095 
4.0 21.32832625 
4.0 19.93494545 
4.0 19.03841835 
4.0 18.9840924 
4.0 20.21048155 
4.0 21.43654135 
4.0 20.11447305 
4.0 20.28875065 
4.0 18.58854095 
4.0 17.83794285 
4.0 21.99793155 
4.0 23.0248473 
4.0 24.19606245 
4.0 23.725079 
4.0 23.5562537 
4.0 23.1643832 
4.0 22.97700895 
4.0 22.50333365 
4.0 24.5852621 
4.0 25.9995435 
4.0 23.81168825 
4.0 24.17379615 
