# Position.Z vs. Particle Type (97 data points):
# "Particle Type" Position.Z
1.0 0.0 
1.0 0.0 
1.0 0.0 
1.0 0.0 
1.0 0.0 
1.0 0.0 
1.0 0.0 
1.0 0.0 
1.0 0.0 
1.0 2.2741768 
1.0 2.2741768 
1.0 2.2741768 
1.0 2.2741768 
1.0 2.2741768 
1.0 2.2741768 
1.0 2.2741768 
1.0 2.2741768 
1.0 2.2741768 
1.0 5.46777665 
1.0 4.63031975 
1.0 4.38609535 
1.0 4.35016435 
1.0 4.1965294 
1.0 4.3580047 
1.0 4.4830079 
1.0 5.1892561 
1.0 4.48810845 
1.0 7.48774845 
1.0 7.4619181 
1.0 6.896855 
1.0 7.3332728 
1.0 6.2900138 
1.0 8.01963155 
1.0 6.6924123 
1.0 6.77413835 
1.0 6.66500695 
2.0 8.66925885 
2.0 13.5085454 
2.0 8.12191695 
3.0 9.8962304 
3.0 9.27578645 
3.0 14.29266405 
3.0 12.80657805 
3.0 15.7789345 
3.0 9.92117525 
3.0 10.26172875 
3.0 13.5271416 
3.0 17.99803635 
3.0 17.1170587 
3.0 20.9237651 
3.0 17.81572135 
3.0 16.44816915 
3.0 20.40134075 
3.0 18.12016185 
3.0 19.446945 
3.0 19.6421442 
3.0 23.4822483 
3.0 23.5356037 
3.0 21.90350645 
3.0 22.9931128 
3.0 21.76636665 
4.0 16.3614143 
4.0 14.88663365 
4.0 10.36756035 
4.0 9.1121317 
4.0 10.40838365 
4.0 10.7306955 
4.0 13.3698971 
4.0 14.4731825 
4.0 17.940181 
4.0 18.9447202 
4.0 17.77823285 
4.0 17.24005955 
4.0 20.55379305 
4.0 21.0573741 
4.0 17.4700092 
4.0 17.08154 
4.0 16.83399025 
4.0 16.90057495 
4.0 19.71322955 
4.0 21.27892025 
4.0 18.55280875 
4.0 17.4958721 
4.0 19.69568965 
4.0 20.2817265 
4.0 19.1332267 
4.0 19.1235247 
4.0 24.2600981 
4.0 23.58579755 
4.0 22.8542041 
4.0 24.3262299 
4.0 22.57685535 
4.0 21.705229 
4.0 22.55193955 
4.0 23.2823724 
4.0 21.1299711 
4.0 22.23329185 
