# Position.Z vs. Particle Type (97 data points):
# "Particle Type" Position.Z
1.0 0.0 
1.0 0.0 
1.0 0.0 
1.0 0.0 
1.0 0.0 
1.0 0.0 
1.0 0.0 
1.0 0.0 
1.0 0.0 
1.0 2.2741768 
1.0 2.2741768 
1.0 2.2741768 
1.0 2.2741768 
1.0 2.2741768 
1.0 2.2741768 
1.0 2.2741768 
1.0 2.2741768 
1.0 2.2741768 
1.0 5.3464586 
1.0 4.51137925 
1.0 4.28865745 
1.0 4.35569715 
1.0 4.32775805 
1.0 4.36375345 
1.0 4.435844 
1.0 4.46133275 
1.0 4.4872926 
1.0 7.70225715 
1.0 6.74957325 
1.0 6.676418 
1.0 6.9327118 
1.0 6.58338905 
1.0 7.7416003 
1.0 6.67399845 
1.0 6.30306495 
1.0 6.5847131 
2.0 8.2508475 
2.0 13.1298489 
2.0 7.7778379 
3.0 9.43099955 
3.0 8.99800545 
3.0 13.79590625 
3.0 12.5555171 
3.0 11.99390395 
3.0 9.77191495 
3.0 9.98999295 
3.0 11.3996932 
3.0 14.76321875 
3.0 15.0899546 
3.0 17.6802241 
3.0 17.3587225 
3.0 11.49382535 
3.0 18.60185355 
3.0 16.57641405 
3.0 16.8817285 
3.0 19.0508598 
3.0 21.0402941 
3.0 20.7050214 
3.0 19.9154543 
3.0 21.5302129 
3.0 19.96195215 
4.0 12.9966571 
4.0 11.89538175 
4.0 9.46384355 
4.0 9.6874232 
4.0 10.16863575 
4.0 10.6466955 
4.0 11.4576539 
4.0 10.4879859 
4.0 15.02184285 
4.0 13.94563905 
4.0 15.03213845 
4.0 15.33731115 
4.0 18.01911195 
4.0 18.49752695 
4.0 18.2875931 
4.0 17.08425425 
4.0 11.89306405 
4.0 11.34934185 
4.0 17.9343493 
4.0 19.51778185 
4.0 16.6958904 
4.0 16.73602175 
4.0 16.37029275 
4.0 16.82475865 
4.0 18.2400225 
4.0 18.8542403 
4.0 21.18232655 
4.0 20.8754798 
4.0 20.538924 
4.0 20.69470445 
4.0 19.61975435 
4.0 19.08350045 
4.0 20.9831188 
4.0 22.4644679 
4.0 19.9777886 
4.0 20.6355513 
