# Position.Z vs. Particle Type (97 data points):
# "Particle Type" Position.Z
1.0 0.0 
1.0 0.0 
1.0 0.0 
1.0 0.0 
1.0 0.0 
1.0 0.0 
1.0 0.0 
1.0 0.0 
1.0 0.0 
1.0 2.2741768 
1.0 2.2741768 
1.0 2.2741768 
1.0 2.2741768 
1.0 2.2741768 
1.0 2.2741768 
1.0 2.2741768 
1.0 2.2741768 
1.0 2.2741768 
1.0 5.36880785 
1.0 4.3953364 
1.0 4.2912695 
1.0 4.54522845 
1.0 4.314632 
1.0 4.3762488 
1.0 4.4313528 
1.0 4.2967092 
1.0 4.60327315 
1.0 7.0967477 
1.0 6.8625669 
1.0 6.6206133 
1.0 7.52723055 
1.0 6.36760145 
1.0 7.285817 
1.0 6.88305415 
1.0 6.415899 
1.0 6.8741624 
2.0 8.204511 
2.0 12.07574375 
2.0 7.9435006 
3.0 9.37835185 
3.0 9.165926 
3.0 11.6488113 
3.0 12.42262455 
3.0 11.9526848 
3.0 10.16696555 
3.0 9.0850459 
3.0 11.03637255 
3.0 15.92359825 
3.0 16.4029033 
3.0 18.9441175 
3.0 15.97990975 
3.0 14.2996042 
3.0 12.9240384 
3.0 11.54682515 
3.0 14.64741705 
3.0 16.149476 
3.0 20.7589312 
3.0 18.695845 
3.0 20.29663265 
3.0 19.2101399 
3.0 18.3700846 
4.0 12.84150665 
4.0 11.90979965 
4.0 10.0423491 
4.0 10.5247674 
4.0 9.2718948 
4.0 9.87493535 
4.0 11.32895575 
4.0 10.41108705 
4.0 15.64012275 
4.0 15.5453396 
4.0 16.41376485 
4.0 17.3105926 
4.0 18.0307771 
4.0 18.8000659 
4.0 16.1067095 
4.0 16.2425956 
4.0 13.624884 
4.0 14.63720125 
4.0 13.3386932 
4.0 12.51772795 
4.0 10.57492485 
4.0 11.9043099 
4.0 15.28121595 
4.0 14.42310625 
4.0 15.4445669 
4.0 16.93118175 
4.0 20.47911285 
4.0 21.57982365 
4.0 18.7311453 
4.0 19.31537755 
4.0 19.84128335 
4.0 19.8567866 
4.0 19.5698713 
4.0 19.79967185 
4.0 17.62034295 
4.0 18.9126203 
