# Position.Z vs. Particle Type (97 data points):
# "Particle Type" Position.Z
1.0 0.0 
1.0 0.0 
1.0 0.0 
1.0 0.0 
1.0 0.0 
1.0 0.0 
1.0 0.0 
1.0 0.0 
1.0 0.0 
1.0 2.2741768 
1.0 2.2741768 
1.0 2.2741768 
1.0 2.2741768 
1.0 2.2741768 
1.0 2.2741768 
1.0 2.2741768 
1.0 2.2741768 
1.0 2.2741768 
1.0 5.45006735 
1.0 4.5086167 
1.0 4.64479435 
1.0 4.31443705 
1.0 4.32820955 
1.0 4.38664975 
1.0 4.5867472 
1.0 4.42099735 
1.0 4.35655605 
1.0 7.0436667 
1.0 6.98425805 
1.0 6.5737518 
1.0 7.87178315 
1.0 6.47658655 
1.0 7.49430045 
1.0 6.8544098 
1.0 6.46243325 
1.0 6.75830715 
2.0 8.42714915 
2.0 12.57287535 
2.0 7.95242595 
3.0 9.6495735 
3.0 9.15827185 
3.0 12.8300508 
3.0 12.3934426 
3.0 12.66113275 
3.0 10.089786 
3.0 9.4435698 
3.0 11.19429675 
3.0 15.6890356 
3.0 17.09177225 
3.0 18.98418655 
3.0 16.0709395 
3.0 14.46058985 
3.0 13.62932655 
3.0 12.04177765 
3.0 16.22090715 
3.0 16.69890635 
3.0 20.3291396 
3.0 18.7512094 
3.0 20.1242797 
3.0 19.92388615 
3.0 18.65061485 
4.0 13.62486055 
4.0 12.31407205 
4.0 10.7211748 
4.0 10.15636895 
4.0 9.50339005 
4.0 10.18485615 
4.0 11.8408808 
4.0 10.6141784 
4.0 15.8754386 
4.0 15.9802797 
4.0 16.98801405 
4.0 17.94989 
4.0 18.02450545 
4.0 19.10892865 
4.0 16.0349399 
4.0 15.9375272 
4.0 13.81467395 
4.0 15.0594031 
4.0 13.918121 
4.0 13.2573371 
4.0 11.08263975 
4.0 12.2286444 
4.0 15.338477 
4.0 16.83416875 
4.0 15.97540735 
4.0 17.4793248 
4.0 19.80310745 
4.0 21.16970835 
4.0 18.81306525 
4.0 19.07448095 
4.0 19.613517 
4.0 20.14662335 
4.0 20.3498295 
4.0 19.984314 
4.0 17.73564485 
4.0 19.05392475 
