# Position.Z vs. Particle Type (97 data points):
# "Particle Type" Position.Z
1.0 0.0 
1.0 0.0 
1.0 0.0 
1.0 0.0 
1.0 0.0 
1.0 0.0 
1.0 0.0 
1.0 0.0 
1.0 0.0 
1.0 2.2741768 
1.0 2.2741768 
1.0 2.2741768 
1.0 2.2741768 
1.0 2.2741768 
1.0 2.2741768 
1.0 2.2741768 
1.0 2.2741768 
1.0 2.2741768 
1.0 5.42143525 
1.0 4.7497366 
1.0 4.3375892 
1.0 4.3719732 
1.0 4.43439325 
1.0 4.37562545 
1.0 4.3448783 
1.0 4.56631735 
1.0 4.3259517 
1.0 7.1910986 
1.0 7.05296795 
1.0 6.7074161 
1.0 7.1569582 
1.0 6.7083723 
1.0 7.87043705 
1.0 6.5515394 
1.0 6.30397775 
1.0 7.01437485 
2.0 8.35296805 
2.0 12.262775 
2.0 7.97578775 
3.0 9.56431245 
3.0 9.1760907 
3.0 11.75501215 
3.0 12.71877845 
3.0 14.4153681 
3.0 10.03823415 
3.0 9.88454845 
3.0 12.07060365 
3.0 16.7799891 
3.0 18.857223 
3.0 21.1095122 
3.0 17.24594375 
3.0 16.6664701 
3.0 16.00637605 
3.0 14.82408935 
3.0 19.0532874 
3.0 18.38555145 
3.0 22.49716665 
3.0 22.9857817 
3.0 21.33627825 
3.0 20.3942739 
3.0 21.02616845 
4.0 15.2470864 
4.0 13.8355462 
4.0 9.87541555 
4.0 9.5070626 
4.0 9.90983385 
4.0 10.76459265 
4.0 11.75885655 
4.0 11.84781815 
4.0 16.3656899 
4.0 17.3945842 
4.0 19.01485145 
4.0 19.7061452 
4.0 20.34035395 
4.0 21.1776684 
4.0 18.0179692 
4.0 17.2645641 
4.0 16.02927235 
4.0 16.95622915 
4.0 15.9871607 
4.0 15.25849815 
4.0 15.1150496 
4.0 14.53101335 
4.0 18.1021981 
4.0 19.24186355 
4.0 18.6775316 
4.0 17.8762752 
4.0 22.3943104 
4.0 22.96506485 
4.0 22.233344 
4.0 23.5730852 
4.0 22.0176299 
4.0 21.19295045 
4.0 20.72355215 
4.0 21.14248465 
4.0 20.09556885 
4.0 20.8746587 
