# Position.Z vs. Particle Type (97 data points):
# "Particle Type" Position.Z
1.0 0.0 
1.0 0.0 
1.0 0.0 
1.0 0.0 
1.0 0.0 
1.0 0.0 
1.0 0.0 
1.0 0.0 
1.0 0.0 
1.0 2.2741768 
1.0 2.2741768 
1.0 2.2741768 
1.0 2.2741768 
1.0 2.2741768 
1.0 2.2741768 
1.0 2.2741768 
1.0 2.2741768 
1.0 2.2741768 
1.0 5.37542285 
1.0 4.36663395 
1.0 4.3249864 
1.0 4.33592915 
1.0 4.46540465 
1.0 4.2649054 
1.0 4.3362256 
1.0 5.29641525 
1.0 4.23603215 
1.0 7.51314375 
1.0 7.7635663 
1.0 6.6353945 
1.0 7.4106067 
1.0 6.38015945 
1.0 7.8192338 
1.0 6.7115825 
1.0 6.6436664 
1.0 6.6761156 
2.0 8.8201904 
2.0 13.270271 
2.0 7.82731495 
3.0 10.013801 
3.0 9.0134576 
3.0 13.8649133 
3.0 12.62135875 
3.0 17.00611675 
3.0 9.6826177 
3.0 10.0535099 
3.0 15.1163726 
3.0 18.2765072 
3.0 18.09302425 
3.0 21.92383585 
3.0 18.83763945 
3.0 16.4470215 
3.0 21.14710675 
3.0 18.7534298 
3.0 20.14816405 
3.0 19.94250545 
3.0 23.81303015 
3.0 24.6546496 
3.0 22.52879615 
3.0 23.8762412 
3.0 22.86732105 
4.0 17.16865955 
4.0 16.07382 
4.0 9.26261665 
4.0 9.6667256 
4.0 10.09403535 
4.0 10.2804135 
4.0 15.41682975 
4.0 15.60269235 
4.0 18.2296485 
4.0 18.91669115 
4.0 18.68882155 
4.0 18.1366052 
4.0 21.44045155 
4.0 22.2244806 
4.0 18.77656445 
4.0 18.2699293 
4.0 17.07325445 
4.0 16.7137971 
4.0 20.3999887 
4.0 21.97002395 
4.0 19.233046 
4.0 17.94643865 
4.0 20.5282042 
4.0 21.05594085 
4.0 19.6853923 
4.0 19.63528385 
4.0 23.98764165 
4.0 24.1744377 
4.0 24.08972545 
4.0 25.5344754 
4.0 23.09428485 
4.0 22.21776795 
4.0 23.55154235 
4.0 23.74013285 
4.0 22.01652845 
4.0 23.3457539 
