# Position.Z vs. Particle Type (97 data points):
# "Particle Type" Position.Z
1.0 0.0 
1.0 0.0 
1.0 0.0 
1.0 0.0 
1.0 0.0 
1.0 0.0 
1.0 0.0 
1.0 0.0 
1.0 0.0 
1.0 2.2741768 
1.0 2.2741768 
1.0 2.2741768 
1.0 2.2741768 
1.0 2.2741768 
1.0 2.2741768 
1.0 2.2741768 
1.0 2.2741768 
1.0 2.2741768 
1.0 5.3583061 
1.0 4.69578935 
1.0 4.26833225 
1.0 4.3777622 
1.0 4.23093895 
1.0 4.3927009 
1.0 4.4529044 
1.0 4.65873205 
1.0 4.5942498 
1.0 7.25055135 
1.0 6.7851238 
1.0 6.59544025 
1.0 7.21354165 
1.0 6.4779463 
1.0 7.9658859 
1.0 6.6873485 
1.0 6.53276295 
1.0 6.9157823 
2.0 8.16474785 
2.0 11.47472795 
2.0 7.857857 
3.0 9.34662015 
3.0 9.03816515 
3.0 11.0791989 
3.0 11.87866505 
3.0 14.48646255 
3.0 9.59982135 
3.0 9.88860495 
3.0 11.4196565 
3.0 16.0676075 
3.0 19.0059247 
3.0 21.37605155 
3.0 17.63007085 
3.0 16.7173692 
3.0 16.09174525 
3.0 14.9306724 
3.0 18.54346515 
3.0 18.14762915 
3.0 23.3099174 
3.0 22.64127775 
3.0 20.9257993 
3.0 20.55798745 
3.0 20.8019147 
4.0 15.1106991 
4.0 13.60131815 
4.0 8.62313445 
4.0 9.64167155 
4.0 9.8542962 
4.0 10.5643426 
4.0 11.3211826 
4.0 10.868788 
4.0 15.80876045 
4.0 16.87152005 
4.0 19.0197007 
4.0 19.83800245 
4.0 20.4715735 
4.0 21.27928565 
4.0 17.9602507 
4.0 17.2408901 
4.0 15.9897626 
4.0 17.06404105 
4.0 16.1213248 
4.0 15.496684 
4.0 14.52362205 
4.0 14.7935487 
4.0 17.5476581 
4.0 18.7611403 
4.0 18.7046251 
4.0 17.88033695 
4.0 22.7646062 
4.0 23.4954181 
4.0 22.0542735 
4.0 23.04148315 
4.0 21.6813415 
4.0 21.05415445 
4.0 20.50088285 
4.0 21.4994696 
4.0 20.025327 
4.0 20.6003987 
