# Position.Z vs. Particle Type (97 data points):
# "Particle Type" Position.Z
1.0 0.0 
1.0 0.0 
1.0 0.0 
1.0 0.0 
1.0 0.0 
1.0 0.0 
1.0 0.0 
1.0 0.0 
1.0 0.0 
1.0 2.2741768 
1.0 2.2741768 
1.0 2.2741768 
1.0 2.2741768 
1.0 2.2741768 
1.0 2.2741768 
1.0 2.2741768 
1.0 2.2741768 
1.0 2.2741768 
1.0 5.3042997 
1.0 4.3141175 
1.0 4.3282386 
1.0 4.47322855 
1.0 4.35887935 
1.0 4.4148741 
1.0 4.3646407 
1.0 4.28142575 
1.0 4.47903435 
1.0 6.82110905 
1.0 6.356035 
1.0 6.6389225 
1.0 7.4263679 
1.0 6.3304276 
1.0 7.4754148 
1.0 6.6362597 
1.0 6.6451021 
1.0 6.82388035 
2.0 8.28329775 
2.0 19.87538455 
2.0 7.96611025 
3.0 9.46764805 
3.0 9.14157055 
3.0 19.86639095 
3.0 19.84264205 
3.0 13.309254 
3.0 9.56918025 
3.0 27.54987795 
3.0 11.95500845 
3.0 9.32255765 
3.0 31.9194295 
3.0 25.31527495 
3.0 28.0318605 
3.0 11.71325575 
3.0 32.04772935 
3.0 28.6212381 
3.0 31.34131735 
3.0 22.6019346 
3.0 28.8414546 
3.0 32.33448015 
3.0 32.3497755 
3.0 23.99697965 
3.0 26.6290976 
4.0 13.1029787 
4.0 13.5461823 
4.0 10.23863855 
4.0 9.6863011 
4.0 26.68556205 
4.0 28.17415125 
4.0 12.75717555 
4.0 11.51411625 
4.0 9.49157405 
4.0 9.7483022 
4.0 31.9338124 
4.0 32.83592235 
4.0 26.07347575 
4.0 24.9561214 
4.0 27.68382505 
4.0 28.63646275 
4.0 11.59733995 
4.0 12.03422115 
4.0 32.8239163 
4.0 32.347056 
4.0 28.21536165 
4.0 28.74777255 
4.0 30.4369051 
4.0 31.94796605 
4.0 23.38181755 
4.0 22.20860845 
4.0 28.19060825 
4.0 29.72826745 
4.0 32.16821965 
4.0 31.9398443 
4.0 32.14477805 
4.0 32.2574147 
4.0 23.33942975 
4.0 24.02390375 
4.0 27.47742375 
4.0 26.21493875 
