# Position.Z vs. Particle Type (97 data points):
# "Particle Type" Position.Z
1.0 0.0 
1.0 0.0 
1.0 0.0 
1.0 0.0 
1.0 0.0 
1.0 0.0 
1.0 0.0 
1.0 0.0 
1.0 0.0 
1.0 2.2741768 
1.0 2.2741768 
1.0 2.2741768 
1.0 2.2741768 
1.0 2.2741768 
1.0 2.2741768 
1.0 2.2741768 
1.0 2.2741768 
1.0 2.2741768 
1.0 5.25413175 
1.0 4.31606455 
1.0 4.37207155 
1.0 4.4817794 
1.0 4.2698586 
1.0 4.3708455 
1.0 4.33958595 
1.0 4.5048024 
1.0 4.85849595 
1.0 7.23456475 
1.0 6.5641807 
1.0 6.57859755 
1.0 7.3972521 
1.0 6.3884457 
1.0 7.48823215 
1.0 6.90610025 
1.0 6.65870065 
1.0 6.9948634 
2.0 8.436064 
2.0 13.4074346 
2.0 7.99109185 
3.0 9.6453791 
3.0 9.14164475 
3.0 12.9751069 
3.0 13.8136152 
3.0 12.2814391 
3.0 10.08049875 
3.0 9.3940833 
3.0 10.47159155 
3.0 15.9209071 
3.0 24.48682705 
3.0 29.2861576 
3.0 29.71903655 
3.0 11.5571295 
3.0 32.06213535 
3.0 31.9604397 
3.0 17.796492 
3.0 27.77966065 
3.0 32.3714636 
3.0 32.32654705 
3.0 26.4139519 
3.0 26.36204095 
3.0 32.4189775 
4.0 12.4086613 
4.0 12.3739749 
4.0 10.2425582 
4.0 10.77106135 
4.0 9.5482366 
4.0 9.0020315 
4.0 10.0353085 
4.0 11.0100851 
4.0 16.27592155 
4.0 16.37417005 
4.0 23.6436193 
4.0 24.9061925 
4.0 28.7660331 
4.0 28.6973862 
4.0 29.1204221 
4.0 30.0040713 
4.0 11.31354525 
4.0 11.2681695 
4.0 31.33881695 
4.0 32.9492254 
4.0 32.5311308 
4.0 32.2888496 
4.0 17.721137 
4.0 16.86795355 
4.0 28.28267435 
4.0 28.55296185 
4.0 31.96849075 
4.0 32.35750245 
4.0 32.43287845 
4.0 32.0620944 
4.0 26.370918 
4.0 26.62388435 
4.0 25.69552685 
4.0 26.35395245 
4.0 32.3562099 
4.0 32.17219355 
