# Position.Z vs. Particle Type (97 data points):
# "Particle Type" Position.Z
1.0 0.0 
1.0 0.0 
1.0 0.0 
1.0 0.0 
1.0 0.0 
1.0 0.0 
1.0 0.0 
1.0 0.0 
1.0 0.0 
1.0 2.2741768 
1.0 2.2741768 
1.0 2.2741768 
1.0 2.2741768 
1.0 2.2741768 
1.0 2.2741768 
1.0 2.2741768 
1.0 2.2741768 
1.0 2.2741768 
1.0 5.2625531 
1.0 4.45492145 
1.0 4.4787232 
1.0 4.38801405 
1.0 4.30369135 
1.0 4.25824315 
1.0 4.40983725 
1.0 4.38662105 
1.0 4.6790191 
1.0 7.65675505 
1.0 6.74055725 
1.0 6.69267655 
1.0 7.3340085 
1.0 6.4604463 
1.0 7.1731177 
1.0 6.6909745 
1.0 6.44614845 
1.0 6.7052727 
2.0 8.47110215 
2.0 21.41992195 
2.0 7.997619 
3.0 9.6493271 
3.0 9.18826545 
3.0 22.1127676 
3.0 20.7242721 
3.0 12.24609645 
3.0 9.5369337 
3.0 22.8595927 
3.0 9.74527995 
3.0 12.0623342 
3.0 32.3534043 
3.0 25.83512505 
3.0 24.8052553 
3.0 9.76256575 
3.0 31.62790015 
3.0 27.30253995 
3.0 25.8674962 
3.0 31.5742154 
3.0 31.35903995 
3.0 29.5113413 
3.0 28.6317073 
3.0 32.8148772 
3.0 28.53006205 
4.0 12.36193035 
4.0 13.09414785 
4.0 10.3971658 
4.0 9.73429135 
4.0 23.4952753 
4.0 22.16901785 
4.0 9.27101035 
4.0 9.90292765 
4.0 11.19825595 
4.0 11.9605927 
4.0 32.80448815 
4.0 33.04525735 
4.0 25.27172655 
4.0 26.5889897 
4.0 24.74199665 
4.0 24.60266585 
4.0 8.92707445 
4.0 9.8639863 
4.0 31.0045358 
4.0 32.41510055 
4.0 26.74441805 
4.0 26.85289425 
4.0 26.67497525 
4.0 25.40908125 
4.0 31.8289076 
4.0 31.4831048 
4.0 30.88198435 
4.0 32.175787 
4.0 29.6540482 
4.0 29.0133459 
4.0 28.80148845 
4.0 28.9524284 
4.0 32.26243685 
4.0 32.39623765 
4.0 28.9672019 
4.0 28.3032022 
