# Position.Z vs. Particle Type (97 data points):
# "Particle Type" Position.Z
1.0 0.0 
1.0 0.0 
1.0 0.0 
1.0 0.0 
1.0 0.0 
1.0 0.0 
1.0 0.0 
1.0 0.0 
1.0 0.0 
1.0 2.2741768 
1.0 2.2741768 
1.0 2.2741768 
1.0 2.2741768 
1.0 2.2741768 
1.0 2.2741768 
1.0 2.2741768 
1.0 2.2741768 
1.0 2.2741768 
1.0 4.99946545 
1.0 5.2846605 
1.0 4.4150022 
1.0 4.61228635 
1.0 4.3618904 
1.0 4.2334474 
1.0 4.29605645 
1.0 4.3569435 
1.0 4.3401442 
1.0 7.40272575 
1.0 6.69647265 
1.0 6.38409975 
1.0 7.5525709 
1.0 7.68915035 
1.0 6.6178616 
1.0 6.7727933 
1.0 6.49270195 
1.0 7.042917 
2.0 8.2376462 
2.0 21.65920295 
2.0 8.18949705 
3.0 9.36856865 
3.0 9.3672201 
3.0 20.726272 
3.0 22.65570475 
3.0 12.58931975 
3.0 9.4663548 
3.0 28.10565555 
3.0 9.8237923 
3.0 10.81068485 
3.0 32.10273115 
3.0 28.35645085 
3.0 25.9654843 
3.0 9.7721029 
3.0 31.3653354 
3.0 23.88421315 
3.0 26.73674535 
3.0 31.91681395 
3.0 32.82464885 
3.0 28.4415355 
3.0 25.82366815 
3.0 31.92292495 
3.0 30.0390762 
4.0 13.1171698 
4.0 12.1814735 
4.0 9.49578035 
4.0 9.6380102 
4.0 28.14959 
4.0 27.43720735 
4.0 10.2423804 
4.0 10.2158105 
4.0 11.1095313 
4.0 10.56655215 
4.0 32.62143815 
4.0 32.0755302 
4.0 28.74606 
4.0 27.639437 
4.0 24.9775736 
4.0 26.11845775 
4.0 9.91832275 
4.0 9.0609316 
4.0 30.8557158 
4.0 31.5157185 
4.0 22.91615235 
4.0 24.2940047 
4.0 26.25761845 
4.0 27.6421887 
4.0 31.1798536 
4.0 32.75799275 
4.0 32.4255638 
4.0 32.28910125 
4.0 29.07770285 
4.0 29.0477411 
4.0 25.6593064 
4.0 26.3972366 
4.0 32.2037618 
4.0 32.78276435 
4.0 30.8249823 
4.0 29.64166135 
