# Position.Z vs. Particle Type (97 data points):
# "Particle Type" Position.Z
1.0 0.0 
1.0 0.0 
1.0 0.0 
1.0 0.0 
1.0 0.0 
1.0 0.0 
1.0 0.0 
1.0 0.0 
1.0 0.0 
1.0 2.2741768 
1.0 2.2741768 
1.0 2.2741768 
1.0 2.2741768 
1.0 2.2741768 
1.0 2.2741768 
1.0 2.2741768 
1.0 2.2741768 
1.0 2.2741768 
1.0 4.860296 
1.0 4.3928101 
1.0 4.4809331 
1.0 4.4220652 
1.0 4.49088885 
1.0 4.3069586 
1.0 4.28198995 
1.0 4.42040515 
1.0 5.14599785 
1.0 7.41660325 
1.0 6.46176615 
1.0 7.5207076 
1.0 7.09127965 
1.0 6.4664327 
1.0 6.5157792 
1.0 6.5979207 
1.0 6.6099768 
1.0 7.14045185 
2.0 8.3254437 
2.0 13.4958026 
2.0 8.21498545 
3.0 9.52107345 
3.0 9.31854315 
3.0 14.5089756 
3.0 12.50547445 
3.0 18.25840345 
3.0 10.2839583 
3.0 9.29817875 
3.0 10.21158285 
3.0 11.9620396 
3.0 21.9445261 
3.0 28.10281355 
3.0 24.01149835 
3.0 14.59860605 
3.0 31.0415672 
3.0 28.59917725 
3.0 11.3879213 
3.0 26.1764797 
3.0 32.82277495 
3.0 31.6708812 
3.0 31.6062544 
3.0 27.25208535 
3.0 31.8448179 
4.0 17.31170735 
4.0 18.6078459 
4.0 10.20367915 
4.0 9.80132335 
4.0 9.7958497 
4.0 8.85717245 
4.0 10.186057 
4.0 10.72121015 
4.0 11.99480975 
4.0 11.3140965 
4.0 21.7978047 
4.0 21.0530985 
4.0 28.9155608 
4.0 27.9690621 
4.0 23.42056815 
4.0 23.8733362 
4.0 13.6616277 
4.0 14.7112525 
4.0 31.0598134 
4.0 31.1297896 
4.0 28.22516095 
4.0 28.2155615 
4.0 11.37730755 
4.0 10.87971465 
4.0 25.47141485 
4.0 25.78629655 
4.0 32.6041415 
4.0 32.39261795 
4.0 31.4314329 
4.0 32.58170825 
4.0 30.67130745 
4.0 31.953369 
4.0 27.41185195 
4.0 27.57416025 
4.0 32.62736855 
4.0 31.40910255 
