# Position.Z vs. Particle Type (97 data points):
# "Particle Type" Position.Z
1.0 0.0 
1.0 0.0 
1.0 0.0 
1.0 0.0 
1.0 0.0 
1.0 0.0 
1.0 0.0 
1.0 0.0 
1.0 0.0 
1.0 2.2741768 
1.0 2.2741768 
1.0 2.2741768 
1.0 2.2741768 
1.0 2.2741768 
1.0 2.2741768 
1.0 2.2741768 
1.0 2.2741768 
1.0 2.2741768 
1.0 5.4836894 
1.0 4.45807215 
1.0 4.28593305 
1.0 4.3409289 
1.0 4.3773051 
1.0 4.38343605 
1.0 4.44688755 
1.0 4.4201843 
1.0 4.8115501 
1.0 7.38963505 
1.0 6.62985085 
1.0 7.20148065 
1.0 7.3226965 
1.0 6.55265345 
1.0 7.6800941 
1.0 6.8139106 
1.0 6.47510745 
1.0 6.7954901 
2.0 8.4481019 
2.0 15.0576552 
2.0 8.23503065 
3.0 9.63225025 
3.0 9.3951543 
3.0 14.22482355 
3.0 15.79279065 
3.0 17.49312005 
3.0 10.93560475 
3.0 9.2114253 
3.0 9.50671435 
3.0 12.17337555 
3.0 26.454407 
3.0 28.04508525 
3.0 25.9398538 
3.0 14.51880115 
3.0 32.8364022 
3.0 29.1613623 
3.0 13.2140827 
3.0 27.67496935 
3.0 31.9361672 
3.0 32.1697768 
3.0 29.41660645 
3.0 28.9884966 
3.0 31.6863778 
4.0 17.404135 
4.0 18.40192305 
4.0 10.42792835 
4.0 10.81911845 
4.0 9.4749767 
4.0 9.8692209 
4.0 10.02976065 
4.0 8.81567855 
4.0 12.42011435 
4.0 11.89274765 
4.0 26.19421735 
4.0 26.2810492 
4.0 28.47832995 
4.0 28.68307155 
4.0 25.71157295 
4.0 26.49838905 
4.0 13.95027515 
4.0 15.3415598 
4.0 32.8301477 
4.0 31.970988 
4.0 28.88971015 
4.0 30.13777725 
4.0 13.42171985 
4.0 13.4843975 
4.0 28.45648435 
4.0 27.54017595 
4.0 32.04622575 
4.0 32.89297375 
4.0 32.3728069 
4.0 32.1077022 
4.0 28.81099025 
4.0 29.89296345 
4.0 29.05769475 
4.0 28.02351895 
4.0 30.79149955 
4.0 31.8260306 
