# Position.Z vs. Particle Type (97 data points):
# "Particle Type" Position.Z
1.0 0.0 
1.0 0.0 
1.0 0.0 
1.0 0.0 
1.0 0.0 
1.0 0.0 
1.0 0.0 
1.0 0.0 
1.0 0.0 
1.0 2.2741768 
1.0 2.2741768 
1.0 2.2741768 
1.0 2.2741768 
1.0 2.2741768 
1.0 2.2741768 
1.0 2.2741768 
1.0 2.2741768 
1.0 2.2741768 
1.0 5.3172693 
1.0 4.27069895 
1.0 4.21704745 
1.0 4.3141518 
1.0 4.32461435 
1.0 4.42110795 
1.0 4.3317512 
1.0 4.29646455 
1.0 4.65813215 
1.0 7.20006665 
1.0 6.37867965 
1.0 6.63100235 
1.0 7.1626415 
1.0 6.3512932 
1.0 7.45968965 
1.0 6.66171555 
1.0 6.3202468 
1.0 6.97617865 
2.0 8.4362145 
2.0 24.54924115 
2.0 7.87749795 
3.0 9.61901325 
3.0 9.0725614 
3.0 25.46620685 
3.0 23.56354385 
3.0 13.7936015 
3.0 9.1664797 
3.0 11.2160167 
3.0 13.69566975 
3.0 10.1177895 
3.0 29.7070158 
3.0 22.1334673 
3.0 26.7757021 
3.0 10.8883432 
3.0 31.80733115 
3.0 29.149918 
3.0 32.1918338 
3.0 23.77763255 
3.0 32.7853295 
3.0 31.99554715 
3.0 31.6542695 
3.0 30.56331565 
3.0 24.72428805 
4.0 13.04014565 
4.0 14.3456712 
4.0 9.1983787 
4.0 9.8763742 
4.0 10.6234282 
4.0 10.47463585 
4.0 12.96769215 
4.0 13.68001845 
4.0 10.3334903 
4.0 10.96908645 
4.0 30.20994655 
4.0 28.76611955 
4.0 21.2519748 
4.0 22.4027524 
4.0 27.04657655 
4.0 26.1181487 
4.0 10.14158705 
4.0 11.708242 
4.0 31.9680361 
4.0 31.7189586 
4.0 29.38095895 
4.0 28.36447565 
4.0 32.2449827 
4.0 33.13162965 
4.0 22.78250345 
4.0 24.0728264 
4.0 32.222288 
4.0 32.84772785 
4.0 32.47365765 
4.0 32.05535655 
4.0 31.6741285 
4.0 30.6955243 
4.0 30.0519072 
4.0 31.00601245 
4.0 24.24143435 
4.0 24.1934315 
