# Position.Z vs. Particle Type (97 data points):
# "Particle Type" Position.Z
1.0 0.0 
1.0 0.0 
1.0 0.0 
1.0 0.0 
1.0 0.0 
1.0 0.0 
1.0 0.0 
1.0 0.0 
1.0 0.0 
1.0 2.2741768 
1.0 2.2741768 
1.0 2.2741768 
1.0 2.2741768 
1.0 2.2741768 
1.0 2.2741768 
1.0 2.2741768 
1.0 2.2741768 
1.0 2.2741768 
1.0 5.18578235 
1.0 5.0851157 
1.0 4.25702305 
1.0 4.31489275 
1.0 4.3086799 
1.0 4.32238975 
1.0 4.36580795 
1.0 4.41055405 
1.0 4.6641189 
1.0 7.20942005 
1.0 6.7769177 
1.0 6.36828045 
1.0 7.3800937 
1.0 7.4450866 
1.0 7.3862369 
1.0 6.41380635 
1.0 6.4917797 
1.0 6.94545705 
2.0 8.5163428 
2.0 20.15842185 
2.0 7.95683035 
3.0 9.78090575 
3.0 9.0906718 
3.0 20.7357843 
3.0 19.6817992 
3.0 10.11836595 
3.0 11.38968145 
3.0 28.9651544 
3.0 9.39608215 
3.0 10.3212235 
3.0 31.77836655 
3.0 28.87467765 
3.0 23.6823524 
3.0 12.55680545 
3.0 32.3144703 
3.0 23.82370165 
3.0 24.4799597 
3.0 32.0324592 
3.0 30.0241655 
3.0 22.3748987 
3.0 26.20271185 
3.0 32.42588125 
3.0 28.03558555 
4.0 9.77792725 
4.0 10.32811045 
4.0 11.83398055 
4.0 11.09756025 
4.0 28.47271455 
4.0 29.29356185 
4.0 10.19866365 
4.0 9.6406548 
4.0 10.78379995 
4.0 9.41160325 
4.0 31.58072015 
4.0 32.7652101 
4.0 28.86539145 
4.0 28.7897652 
4.0 22.7970701 
4.0 23.49372095 
4.0 11.86344355 
4.0 13.25769165 
4.0 32.3798972 
4.0 32.4259523 
4.0 24.6237838 
4.0 23.36279505 
4.0 24.80736265 
4.0 25.23740555 
4.0 32.92652965 
4.0 31.80055375 
4.0 29.8654069 
4.0 30.60776775 
4.0 21.7550991 
4.0 22.90296365 
4.0 25.8958539 
4.0 25.35600725 
4.0 32.5383863 
4.0 32.1362888 
4.0 27.55117575 
4.0 27.7042381 
