# Position.Z vs. Particle Type (97 data points):
# "Particle Type" Position.Z
1.0 0.0 
1.0 0.0 
1.0 0.0 
1.0 0.0 
1.0 0.0 
1.0 0.0 
1.0 0.0 
1.0 0.0 
1.0 0.0 
1.0 2.2741768 
1.0 2.2741768 
1.0 2.2741768 
1.0 2.2741768 
1.0 2.2741768 
1.0 2.2741768 
1.0 2.2741768 
1.0 2.2741768 
1.0 2.2741768 
1.0 5.20847915 
1.0 4.5039806 
1.0 4.492614 
1.0 4.30718925 
1.0 4.3044428 
1.0 4.2684635 
1.0 4.50739975 
1.0 4.43318365 
1.0 4.3077699 
1.0 7.400085 
1.0 6.5462558 
1.0 6.4988896 
1.0 7.3458798 
1.0 6.7561879 
1.0 7.4530491 
1.0 6.5646014 
1.0 6.34156845 
1.0 6.75322585 
2.0 8.48083565 
2.0 18.36688315 
2.0 8.00562595 
3.0 9.664326 
3.0 9.17568225 
3.0 17.46687845 
3.0 19.2411121 
3.0 11.260935 
3.0 9.4441662 
3.0 22.66515475 
3.0 9.85085745 
3.0 13.16252595 
3.0 31.54690245 
3.0 21.36590085 
3.0 26.5107136 
3.0 10.79577415 
3.0 32.17960935 
3.0 26.77861095 
3.0 25.77807575 
3.0 32.15594235 
3.0 31.98125525 
3.0 29.47201635 
3.0 30.60643705 
3.0 32.8366983 
3.0 28.2144842 
4.0 10.87523605 
4.0 10.7720256 
4.0 10.0993704 
4.0 9.2556324 
4.0 21.8386168 
4.0 22.47533505 
4.0 9.97689105 
4.0 10.20240375 
4.0 13.0153891 
4.0 12.7826902 
4.0 31.42810825 
4.0 31.87780295 
4.0 22.32197275 
4.0 21.2143498 
4.0 26.45636875 
4.0 25.87432155 
4.0 11.73953935 
4.0 10.3082266 
4.0 31.55012105 
4.0 32.7909008 
4.0 26.62839095 
4.0 26.12947645 
4.0 26.66859195 
4.0 25.4160158 
4.0 32.68241305 
4.0 31.30719095 
4.0 31.654882 
4.0 32.94204655 
4.0 28.81897585 
4.0 29.0195122 
4.0 30.7446006 
4.0 31.0124332 
4.0 32.6411428 
4.0 32.52458265 
4.0 28.9411941 
4.0 28.15552005 
