# Position.Z vs. Particle Type (97 data points):
# "Particle Type" Position.Z
1.0 0.0 
1.0 0.0 
1.0 0.0 
1.0 0.0 
1.0 0.0 
1.0 0.0 
1.0 0.0 
1.0 0.0 
1.0 0.0 
1.0 2.2741768 
1.0 2.2741768 
1.0 2.2741768 
1.0 2.2741768 
1.0 2.2741768 
1.0 2.2741768 
1.0 2.2741768 
1.0 2.2741768 
1.0 2.2741768 
1.0 5.13092405 
1.0 4.55907165 
1.0 4.25155045 
1.0 4.82902455 
1.0 4.26504925 
1.0 4.78290505 
1.0 4.56287265 
1.0 4.3918924 
1.0 4.26087095 
1.0 7.4358991 
1.0 6.3831572 
1.0 6.9492836 
1.0 7.4098591 
1.0 6.43444795 
1.0 7.1589903 
1.0 6.94680945 
1.0 6.49973835 
1.0 7.39615625 
2.0 8.4914081 
2.0 17.2116448 
2.0 8.1613112 
3.0 9.6902498 
3.0 9.35537505 
3.0 17.4825343 
3.0 17.07231085 
3.0 13.956761 
3.0 9.77189465 
3.0 9.56501735 
3.0 11.91807365 
3.0 12.21960565 
3.0 12.5490337 
3.0 24.2869004 
3.0 25.934664 
3.0 14.7607313 
3.0 25.9628117 
3.0 20.7344984 
3.0 15.7728592 
3.0 25.6361574 
3.0 27.6178553 
3.0 28.42453005 
3.0 31.1513566 
3.0 24.28220585 
3.0 21.2837772 
4.0 14.61915665 
4.0 13.59020285 
4.0 10.4925786 
4.0 9.78145385 
4.0 10.09448895 
4.0 9.1095956 
4.0 12.7723267 
4.0 11.99779805 
4.0 11.3706985 
4.0 12.78402405 
4.0 12.5131517 
4.0 11.6267739 
4.0 24.846276 
4.0 23.5954278 
4.0 25.95615785 
4.0 25.59522735 
4.0 13.79917455 
4.0 15.0366475 
4.0 25.27070245 
4.0 25.60806395 
4.0 19.96133755 
4.0 21.35744345 
4.0 16.7123481 
4.0 15.47181615 
4.0 24.928624 
4.0 26.486796 
4.0 27.9293497 
4.0 28.0255241 
4.0 29.04731095 
4.0 27.60620555 
4.0 30.5071543 
4.0 32.06225295 
4.0 24.39811255 
4.0 23.4510808 
4.0 20.8397546 
4.0 22.15382715 
