# Position.Z vs. Particle Type (97 data points):
# "Particle Type" Position.Z
1.0 0.0 
1.0 0.0 
1.0 0.0 
1.0 0.0 
1.0 0.0 
1.0 0.0 
1.0 0.0 
1.0 0.0 
1.0 0.0 
1.0 2.2741768 
1.0 2.2741768 
1.0 2.2741768 
1.0 2.2741768 
1.0 2.2741768 
1.0 2.2741768 
1.0 2.2741768 
1.0 2.2741768 
1.0 2.2741768 
1.0 5.23298825 
1.0 4.32202365 
1.0 4.27613515 
1.0 5.1056642 
1.0 4.3533378 
1.0 4.38330095 
1.0 4.23311875 
1.0 4.30514875 
1.0 4.5297007 
1.0 7.2758301 
1.0 6.40130645 
1.0 6.75457475 
1.0 7.76072955 
1.0 6.25404745 
1.0 6.86125685 
1.0 7.0195181 
1.0 6.4584821 
1.0 6.9911177 
2.0 8.56046205 
2.0 13.47125395 
2.0 7.9763586 
3.0 9.59229075 
3.0 9.216935 
3.0 13.001366 
3.0 14.0568694 
3.0 12.0856463 
3.0 9.3214023 
3.0 9.89208045 
3.0 13.8887665 
3.0 14.49803425 
3.0 25.0817203 
3.0 30.103213 
3.0 29.55954995 
3.0 10.30638315 
3.0 32.15311295 
3.0 32.26918275 
3.0 22.50170545 
3.0 28.7409913 
3.0 32.41172445 
3.0 32.4830611 
3.0 27.28775875 
3.0 28.37149455 
3.0 32.20308105 
4.0 12.71538625 
4.0 12.02817105 
4.0 9.71641825 
4.0 10.00647585 
4.0 9.83267005 
4.0 10.58240855 
4.0 14.6559357 
4.0 13.8658317 
4.0 13.9087151 
4.0 14.37117395 
4.0 25.22026955 
4.0 24.1935869 
4.0 30.31272825 
4.0 29.4160671 
4.0 29.73618865 
4.0 29.3249747 
4.0 9.99430355 
4.0 9.94875595 
4.0 31.57475545 
4.0 33.04410235 
4.0 32.39634055 
4.0 32.840458 
4.0 21.9613625 
4.0 23.1758184 
4.0 29.41411725 
4.0 28.7746753 
4.0 32.4500267 
4.0 32.7097274 
4.0 32.2599767 
4.0 31.9058411 
4.0 27.37270935 
4.0 27.6722922 
4.0 27.5413341 
4.0 28.01289855 
4.0 33.08013555 
4.0 31.79696065 
