# Position.Z vs. Particle Type (97 data points):
# "Particle Type" Position.Z
1.0 0.0 
1.0 0.0 
1.0 0.0 
1.0 0.0 
1.0 0.0 
1.0 0.0 
1.0 0.0 
1.0 0.0 
1.0 0.0 
1.0 2.2741768 
1.0 2.2741768 
1.0 2.2741768 
1.0 2.2741768 
1.0 2.2741768 
1.0 2.2741768 
1.0 2.2741768 
1.0 2.2741768 
1.0 2.2741768 
1.0 5.1018674 
1.0 4.27662585 
1.0 4.28020005 
1.0 4.3992074 
1.0 4.6379396 
1.0 4.2814884 
1.0 4.3182013 
1.0 4.30613295 
1.0 4.78560215 
1.0 7.4063395 
1.0 6.51155855 
1.0 7.03191965 
1.0 7.23815295 
1.0 6.50409585 
1.0 7.3465721 
1.0 6.72888825 
1.0 6.50284775 
1.0 6.5251032 
2.0 8.6107434 
2.0 15.11537195 
2.0 7.985754 
3.0 9.79300595 
3.0 9.13849055 
3.0 15.11835675 
3.0 15.122933 
3.0 17.8890614 
3.0 10.85101955 
3.0 9.09066235 
3.0 9.9971417 
3.0 12.3269419 
3.0 25.06353745 
3.0 28.67720765 
3.0 26.23636365 
3.0 14.82899495 
3.0 31.37406685 
3.0 29.05048685 
3.0 12.6567532 
3.0 28.45924865 
3.0 32.5664794 
3.0 32.3351987 
3.0 29.5457806 
3.0 29.49580445 
3.0 31.65092385 
4.0 17.33667145 
4.0 18.75448575 
4.0 10.83728345 
4.0 11.6352747 
4.0 9.56317985 
4.0 9.4918936 
4.0 9.81735965 
4.0 9.2294811 
4.0 12.40184295 
4.0 12.0408057 
4.0 25.315899 
4.0 25.03542335 
4.0 28.6984362 
4.0 28.6890163 
4.0 25.612321 
4.0 26.99948685 
4.0 14.65127895 
4.0 14.6255578 
4.0 31.93260385 
4.0 31.2243778 
4.0 28.59140795 
4.0 29.9853918 
4.0 13.34432225 
4.0 11.9325346 
4.0 29.3378645 
4.0 27.7781826 
4.0 32.1797966 
4.0 32.24965345 
4.0 32.40408465 
4.0 32.6232655 
4.0 29.1738244 
4.0 29.7212797 
4.0 29.6016343 
4.0 28.64931475 
4.0 30.89151555 
4.0 32.5283343 
