# Position.Z vs. Particle Type (97 data points):
# "Particle Type" Position.Z
1.0 0.0 
1.0 0.0 
1.0 0.0 
1.0 0.0 
1.0 0.0 
1.0 0.0 
1.0 0.0 
1.0 0.0 
1.0 0.0 
1.0 2.2741768 
1.0 2.2741768 
1.0 2.2741768 
1.0 2.2741768 
1.0 2.2741768 
1.0 2.2741768 
1.0 2.2741768 
1.0 2.2741768 
1.0 2.2741768 
1.0 5.0062922 
1.0 4.3613395 
1.0 4.50097165 
1.0 4.21081815 
1.0 4.344193 
1.0 4.34756735 
1.0 4.3600354 
1.0 4.2974295 
1.0 4.41413875 
1.0 6.9017676 
1.0 6.5890881 
1.0 6.81504145 
1.0 7.423248 
1.0 6.5167613 
1.0 7.2459562 
1.0 6.4356005 
1.0 6.54397065 
1.0 6.71560855 
2.0 8.3507655 
2.0 14.012012 
2.0 7.8856141 
3.0 9.5266976 
3.0 9.10140455 
3.0 12.9436713 
3.0 15.10359305 
3.0 13.6089779 
3.0 9.6146624 
3.0 9.1963375 
3.0 11.73442095 
3.0 14.9511761 
3.0 28.0826805 
3.0 29.57128055 
3.0 27.29154435 
3.0 10.67845975 
3.0 32.40460755 
3.0 32.1825875 
3.0 27.69423685 
3.0 29.5472387 
3.0 32.4820818 
3.0 31.61314415 
3.0 30.01817175 
3.0 26.8220162 
3.0 31.0232468 
4.0 14.0572656 
4.0 12.7395807 
4.0 10.04253705 
4.0 10.33224885 
4.0 9.8514528 
4.0 9.51289255 
4.0 12.0905624 
4.0 10.80310665 
4.0 14.6929146 
4.0 14.125636 
4.0 27.97127655 
4.0 28.6479018 
4.0 29.95126365 
4.0 30.3124297 
4.0 27.33475885 
4.0 26.35634925 
4.0 10.0419984 
4.0 11.59649435 
4.0 32.46571405 
4.0 33.1552445 
4.0 31.65518335 
4.0 32.8752382 
4.0 28.2767079 
4.0 27.64224015 
4.0 29.75708085 
4.0 28.95568445 
4.0 31.63391735 
4.0 32.4416134 
4.0 31.16877085 
4.0 32.5323642 
4.0 29.4929957 
4.0 29.3666667 
4.0 27.7110267 
4.0 26.146743 
4.0 31.35559945 
4.0 31.61460575 
