# Position.Z vs. Particle Type (97 data points):
# "Particle Type" Position.Z
1.0 0.0 
1.0 0.0 
1.0 0.0 
1.0 0.0 
1.0 0.0 
1.0 0.0 
1.0 0.0 
1.0 0.0 
1.0 0.0 
1.0 2.2741768 
1.0 2.2741768 
1.0 2.2741768 
1.0 2.2741768 
1.0 2.2741768 
1.0 2.2741768 
1.0 2.2741768 
1.0 2.2741768 
1.0 2.2741768 
1.0 4.9847007 
1.0 4.2098203 
1.0 4.3701126 
1.0 4.28154405 
1.0 4.4839928 
1.0 4.4832046 
1.0 4.4104858 
1.0 4.19929545 
1.0 5.12284815 
1.0 7.1903692 
1.0 6.58797405 
1.0 7.34723185 
1.0 7.0276584 
1.0 6.6874066 
1.0 6.7523344 
1.0 6.6204649 
1.0 6.41837455 
1.0 7.34290585 
2.0 8.1446225 
2.0 13.22041665 
2.0 8.382577 
3.0 9.33307935 
3.0 9.4816589 
3.0 13.9582849 
3.0 12.4489729 
3.0 17.68732525 
3.0 9.4379299 
3.0 9.9045086 
3.0 10.70004565 
3.0 12.503764 
3.0 22.2177165 
3.0 28.8764294 
3.0 24.87263275 
3.0 14.400883 
3.0 30.90868305 
3.0 28.5974087 
3.0 11.06579145 
3.0 25.8996941 
3.0 32.7351899 
3.0 31.97542075 
3.0 31.6269702 
3.0 26.8729832 
3.0 31.9909744 
4.0 17.9585406 
4.0 18.3690472 
4.0 9.01832785 
4.0 8.77601445 
4.0 10.1595179 
4.0 9.8249067 
4.0 10.88022005 
4.0 10.706381 
4.0 12.22011525 
4.0 11.7621931 
4.0 21.7980105 
4.0 21.9803752 
4.0 29.40920465 
4.0 28.0465871 
4.0 24.33156915 
4.0 25.4833439 
4.0 14.0861595 
4.0 13.7122825 
4.0 30.4167563 
4.0 31.76757115 
4.0 28.54244575 
4.0 27.6445589 
4.0 10.71477155 
4.0 11.25276775 
4.0 26.2061961 
4.0 25.25470115 
4.0 32.51336305 
4.0 32.4643746 
4.0 32.26534185 
4.0 32.64649955 
4.0 30.81588405 
4.0 31.3717859 
4.0 26.8058714 
4.0 27.81354905 
4.0 32.49153775 
4.0 32.2709296 
