# Position.Z vs. Particle Type (97 data points):
# "Particle Type" Position.Z
1.0 0.0 
1.0 0.0 
1.0 0.0 
1.0 0.0 
1.0 0.0 
1.0 0.0 
1.0 0.0 
1.0 0.0 
1.0 0.0 
1.0 2.2741768 
1.0 2.2741768 
1.0 2.2741768 
1.0 2.2741768 
1.0 2.2741768 
1.0 2.2741768 
1.0 2.2741768 
1.0 2.2741768 
1.0 2.2741768 
1.0 4.6894379 
1.0 4.29850715 
1.0 4.3194977 
1.0 4.2283297 
1.0 4.28031555 
1.0 4.60908105 
1.0 4.41021 
1.0 4.1844355 
1.0 4.9605892 
1.0 7.012684 
1.0 6.63660585 
1.0 7.6100087 
1.0 7.27142745 
1.0 6.35843845 
1.0 6.9324199 
1.0 6.62010615 
1.0 6.38433845 
1.0 7.0473417 
2.0 8.2444208 
2.0 13.3526365 
2.0 8.15845065 
3.0 9.39571535 
3.0 9.3506602 
3.0 14.1131655 
3.0 12.5261213 
3.0 17.3560226 
3.0 9.08701605 
3.0 9.4182886 
3.0 11.4456237 
3.0 12.8999976 
3.0 22.62588195 
3.0 29.3235614 
3.0 25.631872 
3.0 14.40935615 
3.0 32.16390345 
3.0 28.5339026 
3.0 10.98426105 
3.0 25.9313243 
3.0 32.19126855 
3.0 31.836084 
3.0 30.9436918 
3.0 26.76409645 
3.0 32.00308195 
4.0 17.23956395 
4.0 17.065314 
4.0 8.4631141 
4.0 9.2618981 
4.0 9.3515485 
4.0 9.87132825 
4.0 11.0291629 
4.0 11.98006705 
4.0 12.2192945 
4.0 12.7449105 
4.0 22.44987325 
4.0 21.7456953 
4.0 30.168663 
4.0 28.6687163 
4.0 24.7218293 
4.0 25.74572945 
4.0 14.2821903 
4.0 13.73636635 
4.0 33.1181277 
4.0 31.8222716 
4.0 28.2513329 
4.0 27.78300945 
4.0 11.0922217 
4.0 10.2127914 
4.0 25.7416642 
4.0 25.63291605 
4.0 31.83828305 
4.0 31.8535763 
4.0 31.84811175 
4.0 32.48263445 
4.0 30.024428 
4.0 31.1073854 
4.0 26.34420355 
4.0 26.46760935 
4.0 32.0683048 
4.0 31.2615226 
