# Position.Z vs. Particle Type (97 data points):
# "Particle Type" Position.Z
1.0 0.0 
1.0 0.0 
1.0 0.0 
1.0 0.0 
1.0 0.0 
1.0 0.0 
1.0 0.0 
1.0 0.0 
1.0 0.0 
1.0 2.2741768 
1.0 2.2741768 
1.0 2.2741768 
1.0 2.2741768 
1.0 2.2741768 
1.0 2.2741768 
1.0 2.2741768 
1.0 2.2741768 
1.0 2.2741768 
1.0 5.1834664 
1.0 4.4118137 
1.0 4.2754012 
1.0 4.26961255 
1.0 4.3258558 
1.0 4.26501215 
1.0 4.39404245 
1.0 4.38331145 
1.0 4.72325595 
1.0 7.2555217 
1.0 6.43166055 
1.0 6.68131695 
1.0 7.5593091 
1.0 6.5184616 
1.0 7.38848775 
1.0 6.86147245 
1.0 6.2833316 
1.0 6.65208775 
2.0 8.6009245 
2.0 20.8305496 
2.0 7.94045595 
3.0 9.7948382 
3.0 9.13541825 
3.0 21.3360154 
3.0 20.26055395 
3.0 12.9809435 
3.0 9.33357705 
3.0 27.6888059 
3.0 12.0769761 
3.0 9.2206422 
3.0 32.02622465 
3.0 25.7804715 
3.0 27.77548375 
3.0 10.5178402 
3.0 31.55231205 
3.0 28.92269695 
3.0 31.59041515 
3.0 22.6026843 
3.0 29.15100615 
3.0 32.5167045 
3.0 31.435026 
3.0 24.9089197 
3.0 25.7746118 
4.0 13.73786505 
4.0 13.31181285 
4.0 9.979655 
4.0 8.9133037 
4.0 27.9025348 
4.0 28.0813183 
4.0 11.24485215 
4.0 12.1005276 
4.0 9.3243199 
4.0 9.37431635 
4.0 31.7413089 
4.0 32.7958281 
4.0 26.4633068 
4.0 25.7994828 
4.0 27.4900052 
4.0 28.4527698 
4.0 10.2540032 
4.0 11.23588865 
4.0 31.84137285 
4.0 32.39789665 
4.0 28.90779395 
4.0 28.68456955 
4.0 30.7758514 
4.0 32.34189735 
4.0 21.959987 
4.0 23.49178405 
4.0 29.1679654 
4.0 30.09757135 
4.0 32.393228 
4.0 32.16083465 
4.0 31.49419595 
4.0 31.94157365 
4.0 24.1325434 
4.0 25.53614105 
4.0 25.12954955 
4.0 25.66227335 
