# Position.Z vs. Particle Type (97 data points):
# "Particle Type" Position.Z
1.0 0.0 
1.0 0.0 
1.0 0.0 
1.0 0.0 
1.0 0.0 
1.0 0.0 
1.0 0.0 
1.0 0.0 
1.0 0.0 
1.0 2.2741768 
1.0 2.2741768 
1.0 2.2741768 
1.0 2.2741768 
1.0 2.2741768 
1.0 2.2741768 
1.0 2.2741768 
1.0 2.2741768 
1.0 2.2741768 
1.0 5.15182605 
1.0 4.2561764 
1.0 4.3371076 
1.0 4.3726893 
1.0 4.2821212 
1.0 4.30572765 
1.0 4.30122315 
1.0 4.4465253 
1.0 4.73453435 
1.0 7.49751345 
1.0 6.71837775 
1.0 6.66484035 
1.0 7.2932286 
1.0 6.42353005 
1.0 7.2770684 
1.0 6.69641315 
1.0 6.59557605 
1.0 6.7201519 
2.0 8.5283107 
2.0 14.4500923 
2.0 7.71911315 
3.0 9.6947998 
3.0 8.93136475 
3.0 13.2680317 
3.0 15.6150169 
3.0 12.3016299 
3.0 9.5085032 
3.0 22.0689763 
3.0 9.8870527 
3.0 10.93545005 
3.0 32.01848685 
3.0 24.66139515 
3.0 27.54043425 
3.0 9.8783503 
3.0 31.8962455 
3.0 28.44303805 
3.0 26.8101911 
3.0 26.98338965 
3.0 32.06038185 
3.0 30.6394522 
3.0 32.09869005 
3.0 30.1339388 
3.0 28.9140915 
4.0 12.0203083 
4.0 12.1355164 
4.0 10.24799825 
4.0 9.77024475 
4.0 21.5590711 
4.0 22.9501622 
4.0 10.17573165 
4.0 9.10838775 
4.0 10.67234105 
4.0 10.7021215 
4.0 32.97966525 
4.0 31.4305257 
4.0 23.844723 
4.0 25.26247955 
4.0 27.20464285 
4.0 28.47366095 
4.0 10.3484493 
4.0 9.27243415 
4.0 31.44878835 
4.0 32.6311601 
4.0 27.93170275 
4.0 29.35963555 
4.0 27.31095605 
4.0 27.14127325 
4.0 26.0116969 
4.0 26.90173815 
4.0 31.8650934 
4.0 32.6071319 
4.0 31.3171796 
4.0 30.80681275 
4.0 31.72041495 
4.0 32.40123355 
4.0 29.4762006 
4.0 29.49867865 
4.0 28.7001687 
4.0 29.6557653 
