# Position.Z vs. Particle Type (97 data points):
# "Particle Type" Position.Z
1.0 0.0 
1.0 0.0 
1.0 0.0 
1.0 0.0 
1.0 0.0 
1.0 0.0 
1.0 0.0 
1.0 0.0 
1.0 0.0 
1.0 2.2741768 
1.0 2.2741768 
1.0 2.2741768 
1.0 2.2741768 
1.0 2.2741768 
1.0 2.2741768 
1.0 2.2741768 
1.0 2.2741768 
1.0 2.2741768 
1.0 5.4718279 
1.0 4.40634915 
1.0 4.3603994 
1.0 4.4928359 
1.0 4.3108632 
1.0 4.31892405 
1.0 4.43777635 
1.0 4.5244724 
1.0 4.32843215 
1.0 7.3883117 
1.0 6.68232635 
1.0 6.6630508 
1.0 7.4699394 
1.0 6.53082745 
1.0 7.6490897 
1.0 6.6486217 
1.0 6.1909113 
1.0 6.48118835 
2.0 8.6979263 
2.0 17.3389097 
2.0 7.80560025 
3.0 9.8860538 
3.0 9.01691525 
3.0 17.5621754 
3.0 17.1462354 
3.0 13.0309389 
3.0 9.4485447 
3.0 9.9064483 
3.0 12.37576865 
3.0 11.5665256 
3.0 15.22452435 
3.0 28.07424165 
3.0 30.8799729 
3.0 13.2454903 
3.0 27.35493705 
3.0 24.83819555 
3.0 14.74469675 
3.0 27.03006355 
3.0 29.7273753 
3.0 32.6223219 
3.0 30.1240191 
3.0 24.588711 
3.0 26.81327635 
4.0 13.61126305 
4.0 12.1446514 
4.0 8.9725825 
4.0 9.69308025 
4.0 10.22967085 
4.0 10.452442 
4.0 13.27965975 
4.0 12.15856845 
4.0 10.7591071 
4.0 11.65830995 
4.0 14.594314 
4.0 15.40038955 
4.0 27.56714485 
4.0 28.1005683 
4.0 30.05167655 
4.0 30.5898159 
4.0 12.62992395 
4.0 12.6146615 
4.0 27.43463695 
4.0 27.07330255 
4.0 24.59757685 
4.0 25.51085705 
4.0 14.2593976 
4.0 14.5802503 
4.0 26.0603665 
4.0 27.2977705 
4.0 30.4388 
4.0 29.57823435 
4.0 32.36147635 
4.0 33.0241681 
4.0 30.8642929 
4.0 29.63452975 
4.0 23.92689215 
4.0 24.42761195 
4.0 27.73530305 
4.0 26.86116545 
