# Position.Z vs. Particle Type (97 data points):
# "Particle Type" Position.Z
1.0 0.0 
1.0 0.0 
1.0 0.0 
1.0 0.0 
1.0 0.0 
1.0 0.0 
1.0 0.0 
1.0 0.0 
1.0 0.0 
1.0 2.2741768 
1.0 2.2741768 
1.0 2.2741768 
1.0 2.2741768 
1.0 2.2741768 
1.0 2.2741768 
1.0 2.2741768 
1.0 2.2741768 
1.0 2.2741768 
1.0 5.4034428 
1.0 4.43997785 
1.0 4.5535084 
1.0 4.2099491 
1.0 4.25277405 
1.0 4.34356125 
1.0 4.5307115 
1.0 4.34584605 
1.0 4.5600023 
1.0 7.1514597 
1.0 6.4720446 
1.0 6.65515935 
1.0 7.7107527 
1.0 6.3527345 
1.0 7.4062779 
1.0 7.0478674 
1.0 6.4330672 
1.0 6.74607815 
2.0 8.4951489 
2.0 13.69684225 
2.0 8.1404645 
3.0 9.70596655 
3.0 9.2222032 
3.0 14.7637896 
3.0 12.6940387 
3.0 12.18364945 
3.0 10.01697445 
3.0 9.70380215 
3.0 13.3994644 
3.0 12.93179195 
3.0 27.7186077 
3.0 29.5243641 
3.0 26.6593698 
3.0 11.5591504 
3.0 30.6165685 
3.0 30.90396015 
3.0 25.01633645 
3.0 28.07612535 
3.0 31.381903 
3.0 31.7197713 
3.0 28.49157745 
3.0 27.3538706 
3.0 32.366215 
4.0 12.28621275 
4.0 12.2048899 
4.0 9.5081665 
4.0 10.55795615 
4.0 9.6811764 
4.0 10.0715349 
4.0 13.27136125 
4.0 14.32454065 
4.0 12.7250718 
4.0 13.89623235 
4.0 27.604619 
4.0 28.370902 
4.0 29.6869867 
4.0 30.22480335 
4.0 27.0413129 
4.0 25.7716942 
4.0 11.34251265 
4.0 11.50088275 
4.0 30.76012275 
4.0 29.94506515 
4.0 31.707858 
4.0 30.10493185 
4.0 25.64448915 
4.0 24.2091689 
4.0 27.57405315 
4.0 27.5712472 
4.0 30.7231211 
4.0 32.10235595 
4.0 32.15760765 
4.0 32.4069641 
4.0 28.2389821 
4.0 28.1889167 
4.0 28.19735835 
4.0 27.20523715 
4.0 32.6392122 
4.0 31.7875313 
