# Position.Z vs. Particle Type (97 data points):
# "Particle Type" Position.Z
1.0 0.0 
1.0 0.0 
1.0 0.0 
1.0 0.0 
1.0 0.0 
1.0 0.0 
1.0 0.0 
1.0 0.0 
1.0 0.0 
1.0 2.2741768 
1.0 2.2741768 
1.0 2.2741768 
1.0 2.2741768 
1.0 2.2741768 
1.0 2.2741768 
1.0 2.2741768 
1.0 2.2741768 
1.0 2.2741768 
1.0 4.25041015 
1.0 4.4744714 
1.0 4.44420375 
1.0 4.3469146 
1.0 4.4986032 
1.0 4.7084513 
1.0 4.2824474 
1.0 4.27889175 
1.0 5.0693902 
1.0 6.95976925 
1.0 6.64820415 
1.0 7.57772715 
1.0 6.83297685 
1.0 6.27196675 
1.0 6.84370435 
1.0 6.75921995 
1.0 6.58698705 
1.0 7.17285275 
2.0 8.06060255 
2.0 15.3080074 
2.0 8.29031105 
3.0 9.2650488 
3.0 9.40427915 
3.0 16.4780287 
3.0 14.1715301 
3.0 10.91299755 
3.0 8.84814245 
3.0 9.7791967 
3.0 10.71743225 
3.0 12.3066209 
3.0 13.51865655 
3.0 25.96624065 
3.0 28.91730065 
3.0 11.75686855 
3.0 31.2745335 
3.0 30.42677855 
3.0 13.6641358 
3.0 28.2295335 
3.0 32.70827245 
3.0 29.38892005 
3.0 32.00292585 
3.0 26.4965015 
3.0 31.18344495 
4.0 10.6700104 
4.0 10.52922465 
4.0 9.37626515 
4.0 9.4148194 
4.0 10.1349437 
4.0 9.7470226 
4.0 11.1620537 
4.0 9.8938889 
4.0 11.79487155 
4.0 11.61656965 
4.0 14.4355806 
4.0 12.90894605 
4.0 26.4107046 
4.0 26.53059185 
4.0 28.5496183 
4.0 29.52101915 
4.0 11.828383 
4.0 12.4269131 
4.0 31.18568985 
4.0 30.93427505 
4.0 29.68320985 
4.0 31.2330655 
4.0 13.5501009 
4.0 13.5204524 
4.0 28.04126885 
4.0 27.4091027 
4.0 32.38959045 
4.0 32.43561265 
4.0 28.8254967 
4.0 29.18727385 
4.0 31.31937585 
4.0 32.75228775 
4.0 26.2929898 
4.0 25.8921201 
4.0 31.71364315 
4.0 30.80255535 
