# Position.Z vs. Particle Type (97 data points):
# "Particle Type" Position.Z
1.0 0.0 
1.0 0.0 
1.0 0.0 
1.0 0.0 
1.0 0.0 
1.0 0.0 
1.0 0.0 
1.0 0.0 
1.0 0.0 
1.0 2.2741768 
1.0 2.2741768 
1.0 2.2741768 
1.0 2.2741768 
1.0 2.2741768 
1.0 2.2741768 
1.0 2.2741768 
1.0 2.2741768 
1.0 2.2741768 
1.0 5.07181395 
1.0 4.54312425 
1.0 4.3087457 
1.0 4.2889539 
1.0 4.38734695 
1.0 4.45366775 
1.0 4.2661633 
1.0 4.24961705 
1.0 4.64003435 
1.0 7.4093768 
1.0 6.60226945 
1.0 6.38747655 
1.0 7.25975705 
1.0 6.6543568 
1.0 7.0936418 
1.0 6.47109925 
1.0 6.54401125 
1.0 7.04173015 
2.0 8.28228415 
2.0 18.00037995 
2.0 8.14197055 
3.0 9.4735578 
3.0 9.35731685 
3.0 17.0224201 
3.0 18.9525287 
3.0 9.31789285 
3.0 11.1545903 
3.0 28.4540718 
3.0 8.96336385 
3.0 11.48665385 
3.0 31.38884595 
3.0 29.52958995 
3.0 26.73775545 
3.0 12.5364834 
3.0 32.54966155 
3.0 25.20159005 
3.0 25.6908652 
3.0 32.1577004 
3.0 31.5708603 
3.0 26.0333038 
3.0 27.4833944 
3.0 30.67105405 
3.0 29.7764901 
4.0 9.98856495 
4.0 9.13201135 
4.0 10.6780618 
4.0 10.530765 
4.0 29.15316215 
4.0 28.10763305 
4.0 9.23508775 
4.0 9.70922365 
4.0 11.7510806 
4.0 11.60415935 
4.0 32.03665185 
4.0 31.435852 
4.0 29.90567895 
4.0 29.6824241 
4.0 26.48322775 
4.0 25.9494256 
4.0 11.98144395 
4.0 12.39312235 
4.0 32.36982105 
4.0 32.69231455 
4.0 25.23995005 
4.0 25.29473905 
4.0 25.16409035 
4.0 26.61338715 
4.0 31.81403155 
4.0 32.79977995 
4.0 31.2493699 
4.0 32.5019989 
4.0 26.9514994 
4.0 25.57935625 
4.0 26.91082695 
4.0 27.35565525 
4.0 30.26309335 
4.0 31.09665545 
4.0 28.98827435 
4.0 29.35537045 
