# Position.Z vs. Particle Type (97 data points):
# "Particle Type" Position.Z
1.0 0.0 
1.0 0.0 
1.0 0.0 
1.0 0.0 
1.0 0.0 
1.0 0.0 
1.0 0.0 
1.0 0.0 
1.0 0.0 
1.0 2.2741768 
1.0 2.2741768 
1.0 2.2741768 
1.0 2.2741768 
1.0 2.2741768 
1.0 2.2741768 
1.0 2.2741768 
1.0 2.2741768 
1.0 2.2741768 
1.0 5.14441795 
1.0 4.2621747 
1.0 4.1770204 
1.0 4.64906435 
1.0 4.57145185 
1.0 4.26353585 
1.0 4.3021335 
1.0 4.4646406 
1.0 4.71074835 
1.0 7.4031426 
1.0 6.6532515 
1.0 6.3849058 
1.0 7.36101485 
1.0 6.5987012 
1.0 7.38063795 
1.0 6.77285735 
1.0 6.34671135 
1.0 6.98024425 
2.0 8.56644635 
2.0 15.8663183 
2.0 8.2426617 
3.0 9.65268395 
3.0 9.4339224 
3.0 15.2032335 
3.0 16.5447184 
3.0 12.459391 
3.0 10.11261055 
3.0 29.0915555 
3.0 9.039562 
3.0 10.8325112 
3.0 32.7623149 
3.0 31.15083895 
3.0 25.8494677 
3.0 12.5766564 
3.0 32.51042865 
3.0 24.11723405 
3.0 25.29162545 
3.0 32.0950028 
3.0 32.008893 
3.0 25.84376375 
3.0 28.12502735 
3.0 29.6352714 
3.0 28.7102158 
4.0 12.3823952 
4.0 11.6950407 
4.0 10.08126035 
4.0 9.20318 
4.0 29.23275285 
4.0 29.10393115 
4.0 9.29343835 
4.0 9.6758669 
4.0 10.3363946 
4.0 10.4557642 
4.0 32.8442898 
4.0 32.5181332 
4.0 31.4770533 
4.0 30.73701715 
4.0 25.9012383 
4.0 25.8751934 
4.0 11.8907292 
4.0 13.41501595 
4.0 32.26031165 
4.0 32.1610653 
4.0 24.39695615 
4.0 23.3195774 
4.0 24.87631335 
4.0 26.1635297 
4.0 32.2100618 
4.0 32.839681 
4.0 31.82673585 
4.0 32.92419095 
4.0 25.98563695 
4.0 24.99625205 
4.0 28.3654805 
4.0 27.26977645 
4.0 30.4332721 
4.0 29.03199635 
4.0 28.77519575 
4.0 29.30720905 
