# Position.Z vs. Particle Type (97 data points):
# "Particle Type" Position.Z
1.0 0.0 
1.0 0.0 
1.0 0.0 
1.0 0.0 
1.0 0.0 
1.0 0.0 
1.0 0.0 
1.0 0.0 
1.0 0.0 
1.0 2.2741768 
1.0 2.2741768 
1.0 2.2741768 
1.0 2.2741768 
1.0 2.2741768 
1.0 2.2741768 
1.0 2.2741768 
1.0 2.2741768 
1.0 2.2741768 
1.0 5.21685535 
1.0 4.3049048 
1.0 4.4875957 
1.0 4.59660145 
1.0 4.2732564 
1.0 4.3420006 
1.0 4.39868765 
1.0 4.4192344 
1.0 4.43879415 
1.0 7.1398537 
1.0 6.33937745 
1.0 6.54666985 
1.0 7.73222415 
1.0 6.5347912 
1.0 7.2566214 
1.0 6.48396945 
1.0 6.51042105 
1.0 6.9327881 
2.0 8.5296974 
2.0 13.97139345 
2.0 7.8024541 
3.0 9.75807035 
3.0 8.9709585 
3.0 14.264628 
3.0 13.570445 
3.0 12.9737097 
3.0 10.61489345 
3.0 9.42031125 
3.0 14.4575879 
3.0 12.1090088 
3.0 24.3935916 
3.0 29.05643405 
3.0 27.8587813 
3.0 10.1305701 
3.0 32.4051938 
3.0 32.2142079 
3.0 32.0798919 
3.0 26.09869885 
3.0 31.83100235 
3.0 32.30036985 
3.0 29.83473745 
3.0 29.35466905 
3.0 29.4160132 
4.0 13.6798095 
4.0 12.22664065 
4.0 10.1600016 
4.0 10.3600126 
4.0 10.2091913 
4.0 9.5225424 
4.0 14.1048845 
4.0 15.2647376 
4.0 12.84505915 
4.0 12.43596585 
4.0 24.92291935 
4.0 23.85336275 
4.0 29.9373886 
4.0 28.56225295 
4.0 27.56432315 
4.0 28.0209405 
4.0 10.6049748 
4.0 9.68571345 
4.0 31.8412031 
4.0 32.2135394 
4.0 33.0111838 
4.0 32.5514917 
4.0 31.41316745 
4.0 31.55189625 
4.0 26.11864395 
4.0 27.04289105 
4.0 32.5702055 
4.0 31.97497625 
4.0 32.6582557 
4.0 31.7159409 
4.0 29.1904613 
4.0 30.3208836 
4.0 29.2190864 
4.0 28.8566257 
4.0 29.2969229 
4.0 30.2594831 
