# Position.Z vs. Particle Type (97 data points):
# "Particle Type" Position.Z
1.0 0.0 
1.0 0.0 
1.0 0.0 
1.0 0.0 
1.0 0.0 
1.0 0.0 
1.0 0.0 
1.0 0.0 
1.0 0.0 
1.0 2.2741768 
1.0 2.2741768 
1.0 2.2741768 
1.0 2.2741768 
1.0 2.2741768 
1.0 2.2741768 
1.0 2.2741768 
1.0 2.2741768 
1.0 2.2741768 
1.0 5.0596448 
1.0 4.2401135 
1.0 4.407634 
1.0 4.3833965 
1.0 4.32456465 
1.0 4.27922565 
1.0 4.3529598 
1.0 4.37788645 
1.0 4.6437643 
1.0 7.0257082 
1.0 6.28526185 
1.0 6.91508895 
1.0 7.55276375 
1.0 6.61010105 
1.0 7.0314027 
1.0 6.6933447 
1.0 6.4077902 
1.0 7.04970175 
2.0 8.29519915 
2.0 14.5884466 
2.0 8.0887835 
3.0 9.41877475 
3.0 9.2886416 
3.0 15.20800995 
3.0 14.03371865 
3.0 12.33567195 
3.0 9.54183685 
3.0 9.2008427 
3.0 12.33472555 
3.0 12.45128255 
3.0 28.40902855 
3.0 30.0512576 
3.0 28.5921125 
3.0 10.8597258 
3.0 31.9486111 
3.0 32.5933041 
3.0 26.7012816 
3.0 29.72860555 
3.0 32.8654592 
3.0 32.07872745 
3.0 27.9482469 
3.0 28.5266401 
3.0 32.4680237 
4.0 12.3430972 
4.0 13.1784366 
4.0 9.91424665 
4.0 9.1801024 
4.0 9.8035595 
4.0 9.7575317 
4.0 12.1650725 
4.0 12.5854288 
4.0 12.0669465 
4.0 12.83142875 
4.0 27.60494695 
4.0 29.02357955 
4.0 29.66373305 
4.0 31.0017778 
4.0 29.1460638 
4.0 27.78264755 
4.0 11.17653565 
4.0 10.74766245 
4.0 32.7208693 
4.0 31.2797821 
4.0 32.6851924 
4.0 32.25408165 
4.0 26.7603385 
4.0 26.70517255 
4.0 29.5888194 
4.0 29.85151855 
4.0 32.59910675 
4.0 32.47513815 
4.0 32.9962157 
4.0 31.6062509 
4.0 28.03577 
4.0 28.06260765 
4.0 29.1995515 
4.0 28.12396335 
4.0 32.9451808 
4.0 32.91712585 
