# Position.Z vs. Particle Type (97 data points):
# "Particle Type" Position.Z
1.0 0.0 
1.0 0.0 
1.0 0.0 
1.0 0.0 
1.0 0.0 
1.0 0.0 
1.0 0.0 
1.0 0.0 
1.0 0.0 
1.0 2.2741768 
1.0 2.2741768 
1.0 2.2741768 
1.0 2.2741768 
1.0 2.2741768 
1.0 2.2741768 
1.0 2.2741768 
1.0 2.2741768 
1.0 2.2741768 
1.0 5.39826035 
1.0 4.5571925 
1.0 4.6863082 
1.0 4.4320542 
1.0 4.2872683 
1.0 4.27522375 
1.0 4.3533721 
1.0 4.38642365 
1.0 4.3508045 
1.0 7.2309335 
1.0 6.33404135 
1.0 6.88268875 
1.0 7.449225 
1.0 6.61558415 
1.0 7.51874935 
1.0 6.5515016 
1.0 6.50480495 
1.0 6.8569312 
2.0 8.63992815 
2.0 11.84159865 
2.0 7.83718005 
3.0 9.875271 
3.0 9.04595125 
3.0 12.8857099 
3.0 10.7965039 
3.0 11.6122538 
3.0 9.57260745 
3.0 9.32655325 
3.0 14.853888 
3.0 12.47072925 
3.0 24.8084011 
3.0 29.85173135 
3.0 26.7128946 
3.0 9.71044025 
3.0 31.61031405 
3.0 32.2592123 
3.0 30.4787546 
3.0 27.2906942 
3.0 32.56284395 
3.0 31.77928355 
3.0 29.8614925 
3.0 27.51925505 
3.0 29.1483857 
4.0 11.67980695 
4.0 10.80361065 
4.0 10.48957455 
4.0 9.49843615 
4.0 10.1735123 
4.0 9.40169475 
4.0 14.90904485 
4.0 14.7493444 
4.0 13.1926046 
4.0 12.50099445 
4.0 24.8365068 
4.0 23.88462405 
4.0 30.71279085 
4.0 29.499246 
4.0 26.03590185 
4.0 27.59835645 
4.0 10.27097925 
4.0 8.89367395 
4.0 31.25289125 
4.0 32.1153427 
4.0 32.4334283 
4.0 32.09056025 
4.0 29.53946555 
4.0 30.81841385 
4.0 28.1269506 
4.0 27.0027289 
4.0 32.4494758 
4.0 32.1809201 
4.0 32.735423 
4.0 31.8477726 
4.0 28.99567405 
4.0 30.1040544 
4.0 26.8045764 
4.0 27.2851187 
4.0 29.7013136 
4.0 29.79511185 
