# Position.Z vs. Particle Type (97 data points):
# "Particle Type" Position.Z
1.0 0.0 
1.0 0.0 
1.0 0.0 
1.0 0.0 
1.0 0.0 
1.0 0.0 
1.0 0.0 
1.0 0.0 
1.0 0.0 
1.0 2.2741768 
1.0 2.2741768 
1.0 2.2741768 
1.0 2.2741768 
1.0 2.2741768 
1.0 2.2741768 
1.0 2.2741768 
1.0 2.2741768 
1.0 2.2741768 
1.0 4.9774067 
1.0 4.4155874 
1.0 4.2647514 
1.0 4.31112395 
1.0 4.2977865 
1.0 4.2851872 
1.0 4.31411575 
1.0 4.37634645 
1.0 4.61311585 
1.0 7.19485445 
1.0 6.6661007 
1.0 6.1532807 
1.0 7.3545892 
1.0 6.7794664 
1.0 7.11433975 
1.0 6.52218735 
1.0 6.42813955 
1.0 6.96088085 
2.0 8.24076715 
2.0 17.465385 
2.0 7.95034905 
3.0 9.48602165 
3.0 9.0983445 
3.0 17.60121825 
3.0 17.26799445 
3.0 10.78547295 
3.0 9.462229 
3.0 28.3919762 
3.0 8.96629545 
3.0 11.65033485 
3.0 32.6869438 
3.0 29.82770385 
3.0 23.3818522 
3.0 11.49711535 
3.0 32.19659695 
3.0 23.6351703 
3.0 21.8990317 
3.0 31.5635992 
3.0 32.10417175 
3.0 21.76966365 
3.0 25.85258655 
3.0 28.7583212 
3.0 28.33596045 
4.0 10.50086135 
4.0 11.4330335 
4.0 9.4818906 
4.0 10.32305925 
4.0 28.7600607 
4.0 28.5234439 
4.0 9.4375932 
4.0 9.347765 
4.0 12.40428385 
4.0 11.0009641 
4.0 32.4219371 
4.0 32.24378115 
4.0 30.68702245 
4.0 29.29675665 
4.0 22.88535865 
4.0 23.18319255 
4.0 11.08095555 
4.0 11.5269714 
4.0 33.13121245 
4.0 32.1591291 
4.0 23.06694355 
4.0 24.4771345 
4.0 21.22024835 
4.0 22.41899135 
4.0 32.17598965 
4.0 30.6782021 
4.0 31.9541278 
4.0 32.10950925 
4.0 22.6804109 
4.0 21.25089785 
4.0 26.48726465 
4.0 25.06036295 
4.0 27.86564655 
4.0 29.14355395 
4.0 27.41404785 
4.0 28.5910912 
