# Position.Z vs. Particle Type (97 data points):
# "Particle Type" Position.Z
1.0 0.0 
1.0 0.0 
1.0 0.0 
1.0 0.0 
1.0 0.0 
1.0 0.0 
1.0 0.0 
1.0 0.0 
1.0 0.0 
1.0 2.2741768 
1.0 2.2741768 
1.0 2.2741768 
1.0 2.2741768 
1.0 2.2741768 
1.0 2.2741768 
1.0 2.2741768 
1.0 2.2741768 
1.0 2.2741768 
1.0 5.1369871 
1.0 4.23814545 
1.0 4.4680559 
1.0 4.3801989 
1.0 4.4113538 
1.0 4.34987105 
1.0 4.3146376 
1.0 4.37414495 
1.0 4.6371829 
1.0 7.05802055 
1.0 6.53664375 
1.0 6.69692065 
1.0 7.4857069 
1.0 6.2734252 
1.0 7.3762255 
1.0 6.93947975 
1.0 6.5470013 
1.0 6.7147451 
2.0 8.4077189 
2.0 12.8846662 
2.0 7.95804905 
3.0 9.61616495 
3.0 9.12268525 
3.0 13.1575689 
3.0 12.67859075 
3.0 12.54527575 
3.0 9.541623 
3.0 9.5702593 
3.0 12.39253225 
3.0 11.28079365 
3.0 26.40450155 
3.0 28.7097958 
3.0 26.17722415 
3.0 10.1422034 
3.0 30.8639072 
3.0 32.1148387 
3.0 29.3861575 
3.0 27.6445617 
3.0 32.6820711 
3.0 31.38701405 
3.0 30.9353107 
3.0 27.1241908 
3.0 28.3464153 
4.0 12.3893119 
4.0 12.03832665 
4.0 9.87079275 
4.0 9.9762866 
4.0 10.2477284 
4.0 9.5328296 
4.0 11.77579935 
4.0 13.24770405 
4.0 12.0906478 
4.0 11.25227915 
4.0 26.43789505 
4.0 26.4768168 
4.0 29.57949015 
4.0 28.15479835 
4.0 25.48419055 
4.0 26.4390756 
4.0 9.5142075 
4.0 9.70326945 
4.0 31.302852 
4.0 31.0702504 
4.0 33.01798395 
4.0 31.57963865 
4.0 29.18518785 
4.0 29.3754279 
4.0 27.85816495 
4.0 26.86407325 
4.0 32.4634751 
4.0 32.3002533 
4.0 32.30291715 
4.0 31.00244175 
4.0 30.56623605 
4.0 30.12282735 
4.0 27.4070202 
4.0 26.522461 
4.0 28.71037855 
4.0 28.89149165 
