# Position.Z vs. Particle Type (97 data points):
# "Particle Type" Position.Z
1.0 0.0 
1.0 0.0 
1.0 0.0 
1.0 0.0 
1.0 0.0 
1.0 0.0 
1.0 0.0 
1.0 0.0 
1.0 0.0 
1.0 2.2741768 
1.0 2.2741768 
1.0 2.2741768 
1.0 2.2741768 
1.0 2.2741768 
1.0 2.2741768 
1.0 2.2741768 
1.0 2.2741768 
1.0 2.2741768 
1.0 5.1921793 
1.0 4.3085882 
1.0 4.2366905 
1.0 4.49079225 
1.0 4.3294881 
1.0 4.43226 
1.0 4.5252382 
1.0 4.34764365 
1.0 4.29928555 
1.0 7.4705421 
1.0 6.42196765 
1.0 6.50518505 
1.0 7.13313405 
1.0 6.21293505 
1.0 7.3308396 
1.0 6.8459097 
1.0 6.4699103 
1.0 6.4534841 
2.0 8.50983665 
2.0 23.7328581 
2.0 7.81477935 
3.0 9.6655979 
3.0 9.0033895 
3.0 24.7214058 
3.0 22.7715012 
3.0 13.07967115 
3.0 9.55411905 
3.0 14.24781505 
3.0 15.5420874 
3.0 11.7319083 
3.0 26.930624 
3.0 29.3553134 
3.0 27.6061275 
3.0 10.30648885 
3.0 32.63033725 
3.0 29.60258035 
3.0 31.71927255 
3.0 25.0933557 
3.0 31.47152365 
3.0 31.64309365 
3.0 29.56357775 
3.0 31.4289269 
3.0 28.02341955 
4.0 13.0828089 
4.0 13.70017425 
4.0 10.2561298 
4.0 9.5183914 
4.0 13.9119344 
4.0 14.7893088 
4.0 16.3873031 
4.0 15.3131853 
4.0 11.21510285 
4.0 11.1447112 
4.0 26.0567951 
4.0 27.52771315 
4.0 28.7578193 
4.0 28.9652566 
4.0 27.9282234 
4.0 26.75126195 
4.0 10.6956493 
4.0 10.0369878 
4.0 32.25208595 
4.0 32.19101095 
4.0 29.09781105 
4.0 30.4387125 
4.0 32.54205185 
4.0 31.82513635 
4.0 25.74480265 
4.0 24.62500285 
4.0 32.30241105 
4.0 31.3086781 
4.0 31.2666165 
4.0 32.4067639 
4.0 30.53862665 
4.0 29.34868195 
4.0 30.47889495 
4.0 31.8443846 
4.0 28.66146535 
4.0 27.77374215 
