# Position.Z vs. Particle Type (97 data points):
# "Particle Type" Position.Z
1.0 0.0 
1.0 0.0 
1.0 0.0 
1.0 0.0 
1.0 0.0 
1.0 0.0 
1.0 0.0 
1.0 0.0 
1.0 0.0 
1.0 2.2741768 
1.0 2.2741768 
1.0 2.2741768 
1.0 2.2741768 
1.0 2.2741768 
1.0 2.2741768 
1.0 2.2741768 
1.0 2.2741768 
1.0 2.2741768 
1.0 5.1396744 
1.0 4.68104875 
1.0 4.3180648 
1.0 4.29323825 
1.0 4.6254964 
1.0 4.4016525 
1.0 4.30876495 
1.0 4.4823555 
1.0 4.3615124 
1.0 7.49091735 
1.0 6.7502715 
1.0 6.2999699 
1.0 7.3109953 
1.0 7.3702097 
1.0 6.83827725 
1.0 6.80128575 
1.0 6.61195955 
1.0 7.01813035 
2.0 8.3893453 
2.0 16.267461 
2.0 8.1784311 
3.0 9.5681257 
3.0 9.38002065 
3.0 16.21559485 
3.0 16.34209325 
3.0 10.7749516 
3.0 9.8746375 
3.0 27.48777395 
3.0 9.1435743 
3.0 11.72356395 
3.0 32.37426255 
3.0 31.2224136 
3.0 23.15477255 
3.0 9.65505065 
3.0 30.77353125 
3.0 22.81637365 
3.0 22.20198925 
3.0 31.8253803 
3.0 30.60488165 
3.0 21.52359055 
3.0 26.318698 
3.0 28.1175398 
3.0 28.9468235 
4.0 10.3821074 
4.0 11.4408658 
4.0 10.4943244 
4.0 10.1839129 
4.0 28.4014409 
4.0 27.47373335 
4.0 8.8118849 
4.0 9.8732214 
4.0 11.64668925 
4.0 11.28852935 
4.0 32.21556415 
4.0 31.92935235 
4.0 31.22300125 
4.0 31.0486421 
4.0 22.8283496 
4.0 23.07467855 
4.0 9.37265875 
4.0 9.97936345 
4.0 30.8922236 
4.0 29.9385394 
4.0 23.356949 
4.0 22.62186605 
4.0 21.22163785 
4.0 22.43237885 
4.0 32.7600413 
4.0 31.58534645 
4.0 31.03945845 
4.0 31.1145695 
4.0 21.51363865 
4.0 21.84936215 
4.0 26.97882635 
4.0 25.4529534 
4.0 27.8767097 
4.0 29.03417965 
4.0 28.6160924 
4.0 28.1413426 
