# Position.Z vs. Particle Type (97 data points):
# "Particle Type" Position.Z
1.0 0.0 
1.0 0.0 
1.0 0.0 
1.0 0.0 
1.0 0.0 
1.0 0.0 
1.0 0.0 
1.0 0.0 
1.0 0.0 
1.0 2.2741768 
1.0 2.2741768 
1.0 2.2741768 
1.0 2.2741768 
1.0 2.2741768 
1.0 2.2741768 
1.0 2.2741768 
1.0 2.2741768 
1.0 2.2741768 
1.0 5.2740618 
1.0 4.33186215 
1.0 4.40891255 
1.0 4.4165842 
1.0 4.3034166 
1.0 4.3373932 
1.0 4.67601925 
1.0 4.1772948 
1.0 4.66168745 
1.0 7.32628785 
1.0 6.5489067 
1.0 6.66120805 
1.0 7.58258165 
1.0 6.44830725 
1.0 6.84505955 
1.0 6.76548915 
1.0 6.25657305 
1.0 6.9024928 
2.0 8.346135 
2.0 14.71392335 
2.0 7.972699 
3.0 9.5191782 
3.0 9.1842485 
3.0 14.80277575 
3.0 14.67537575 
3.0 12.3886224 
3.0 9.4902969 
3.0 27.55696335 
3.0 11.95439385 
3.0 9.572598 
3.0 31.9271099 
3.0 26.33289785 
3.0 28.85534505 
3.0 10.2229995 
3.0 31.8569517 
3.0 26.7265775 
3.0 30.1511721 
3.0 25.31811345 
3.0 30.26073015 
3.0 32.22563085 
3.0 32.7539324 
3.0 26.650666 
3.0 29.17148395 
4.0 12.5030129 
4.0 11.41424025 
4.0 10.1246796 
4.0 8.6382548 
4.0 27.0010951 
4.0 26.90023525 
4.0 12.5956621 
4.0 11.5622759 
4.0 9.6657568 
4.0 9.81400105 
4.0 31.7771104 
4.0 32.8511883 
4.0 26.1289343 
4.0 27.1345774 
4.0 28.23305625 
4.0 29.6277569 
4.0 10.00865075 
4.0 10.51407245 
4.0 31.94442265 
4.0 31.49499605 
4.0 27.40208975 
4.0 27.1710523 
4.0 29.4428148 
4.0 30.4737097 
4.0 24.4027966 
4.0 25.65664045 
4.0 29.5715833 
4.0 30.3901983 
4.0 33.16635525 
4.0 31.655428 
4.0 32.16375925 
4.0 32.1205703 
4.0 25.70408225 
4.0 27.0842054 
4.0 29.10022745 
4.0 28.9094708 
