# Position.Z vs. Particle Type (97 data points):
# "Particle Type" Position.Z
1.0 0.0 
1.0 0.0 
1.0 0.0 
1.0 0.0 
1.0 0.0 
1.0 0.0 
1.0 0.0 
1.0 0.0 
1.0 0.0 
1.0 2.2741768 
1.0 2.2741768 
1.0 2.2741768 
1.0 2.2741768 
1.0 2.2741768 
1.0 2.2741768 
1.0 2.2741768 
1.0 2.2741768 
1.0 2.2741768 
1.0 5.09482925 
1.0 4.23713115 
1.0 4.5814552 
1.0 4.3253049 
1.0 4.32058305 
1.0 4.42972145 
1.0 4.3604981 
1.0 4.42465905 
1.0 4.52535895 
1.0 7.45904845 
1.0 6.62929435 
1.0 6.44703605 
1.0 7.02712605 
1.0 6.2811308 
1.0 7.0141421 
1.0 6.8919606 
1.0 6.2891066 
1.0 7.3080315 
2.0 8.2019903 
2.0 19.4199488 
2.0 8.4479633 
3.0 9.41872435 
3.0 9.62007025 
3.0 19.77317475 
3.0 19.01916415 
3.0 12.2434018 
3.0 9.52832265 
3.0 22.5980566 
3.0 9.73409605 
3.0 13.0910605 
3.0 32.69899045 
3.0 22.4733236 
3.0 24.83533045 
3.0 11.30624215 
3.0 31.7980663 
3.0 27.0376897 
3.0 26.3167485 
3.0 31.09894445 
3.0 31.8926874 
3.0 29.3043366 
3.0 29.9121452 
3.0 32.4741655 
3.0 27.8179706 
4.0 11.911368 
4.0 11.5680418 
4.0 10.3851937 
4.0 9.7368257 
4.0 22.74980925 
4.0 22.06386805 
4.0 10.13585685 
4.0 10.20809265 
4.0 12.51528705 
4.0 13.87873725 
4.0 32.21210545 
4.0 32.43270905 
4.0 22.30746455 
4.0 22.64221505 
4.0 25.2170506 
4.0 25.4933392 
4.0 12.14960355 
4.0 10.91916945 
4.0 31.0517949 
4.0 32.4052134 
4.0 26.56734185 
4.0 27.72663845 
4.0 26.4379234 
4.0 25.3800694 
4.0 31.50302365 
4.0 30.2766765 
4.0 32.34102025 
4.0 32.5165876 
4.0 30.2181278 
4.0 28.631799 
4.0 29.4190764 
4.0 30.1187425 
4.0 31.966151 
4.0 32.30457125 
4.0 28.5635987 
4.0 27.7151637 
