# Position.Z vs. Particle Type (97 data points):
# "Particle Type" Position.Z
1.0 0.0 
1.0 0.0 
1.0 0.0 
1.0 0.0 
1.0 0.0 
1.0 0.0 
1.0 0.0 
1.0 0.0 
1.0 0.0 
1.0 2.2741768 
1.0 2.2741768 
1.0 2.2741768 
1.0 2.2741768 
1.0 2.2741768 
1.0 2.2741768 
1.0 2.2741768 
1.0 2.2741768 
1.0 2.2741768 
1.0 4.8671672 
1.0 4.41220885 
1.0 4.3378314 
1.0 5.2750166 
1.0 4.3749447 
1.0 4.3452094 
1.0 4.37338405 
1.0 4.2893172 
1.0 4.37814545 
1.0 7.3070263 
1.0 6.80217405 
1.0 6.52112965 
1.0 7.6863864 
1.0 6.63287205 
1.0 6.82118395 
1.0 7.2078475 
1.0 6.33644935 
1.0 6.72613515 
2.0 8.41390375 
2.0 13.7616458 
2.0 7.9074975 
3.0 9.59926975 
3.0 9.083655 
3.0 13.52076425 
3.0 13.8905592 
3.0 12.5219024 
3.0 9.5501287 
3.0 10.3748344 
3.0 14.30386195 
3.0 13.88344335 
3.0 25.7909491 
3.0 30.4247307 
3.0 29.4319627 
3.0 9.04140195 
3.0 32.1748462 
3.0 32.7091156 
3.0 23.83907505 
3.0 28.0185668 
3.0 32.72874045 
3.0 31.79953105 
3.0 28.11406465 
3.0 28.90111665 
3.0 32.1153742 
4.0 12.72217835 
4.0 13.08765325 
4.0 10.01819735 
4.0 9.27714445 
4.0 10.6556352 
4.0 10.4279483 
4.0 13.69734835 
4.0 15.23929575 
4.0 14.51414335 
4.0 13.73516445 
4.0 26.1598673 
4.0 25.33695675 
4.0 30.1241864 
4.0 30.62367525 
4.0 30.3456573 
4.0 29.44663715 
4.0 9.39791195 
4.0 9.62335255 
4.0 33.1317805 
4.0 32.23898895 
4.0 31.890656 
4.0 32.6270721 
4.0 24.1649044 
4.0 24.4129627 
4.0 28.4903577 
4.0 28.21658665 
4.0 32.8690019 
4.0 32.23940265 
4.0 32.71854565 
4.0 31.1387342 
4.0 27.2486606 
4.0 28.13996325 
4.0 28.2775675 
4.0 29.75077455 
4.0 32.3410962 
4.0 33.07389435 
