# Position.Z vs. Particle Type (97 data points):
# "Particle Type" Position.Z
1.0 0.0 
1.0 0.0 
1.0 0.0 
1.0 0.0 
1.0 0.0 
1.0 0.0 
1.0 0.0 
1.0 0.0 
1.0 0.0 
1.0 2.2741768 
1.0 2.2741768 
1.0 2.2741768 
1.0 2.2741768 
1.0 2.2741768 
1.0 2.2741768 
1.0 2.2741768 
1.0 2.2741768 
1.0 2.2741768 
1.0 5.0509382 
1.0 4.3533952 
1.0 4.42201515 
1.0 4.4649017 
1.0 4.16616025 
1.0 4.2877926 
1.0 4.4235366 
1.0 4.30416875 
1.0 4.31495435 
1.0 7.4005554 
1.0 6.29574785 
1.0 6.39425325 
1.0 7.45174745 
1.0 6.7830175 
1.0 7.0377895 
1.0 6.57447105 
1.0 6.3400169 
1.0 7.3982104 
2.0 8.36292415 
2.0 14.81909205 
2.0 8.2963006 
3.0 9.5812388 
3.0 9.47842735 
3.0 14.60018525 
3.0 15.0216752 
3.0 11.44309285 
3.0 9.696708 
3.0 28.9608095 
3.0 9.00605195 
3.0 11.1285097 
3.0 31.82103435 
3.0 31.7916802 
3.0 23.9627164 
3.0 9.36170305 
3.0 31.6579585 
3.0 23.05625875 
3.0 25.1788509 
3.0 32.3011115 
3.0 32.1803678 
3.0 21.04783065 
3.0 27.0619223 
3.0 28.22207885 
3.0 29.44334365 
4.0 10.93926925 
4.0 11.65974355 
4.0 9.63492845 
4.0 10.0927855 
4.0 29.91555105 
4.0 28.53440555 
4.0 9.33597 
4.0 9.77351445 
4.0 10.61216975 
4.0 11.398569 
4.0 32.6898285 
4.0 31.45358055 
4.0 32.43717295 
4.0 31.1693984 
4.0 23.0982724 
4.0 23.98108965 
4.0 9.0489476 
4.0 10.1792908 
4.0 31.9560101 
4.0 30.80861735 
4.0 23.50716445 
4.0 22.11420855 
4.0 24.81150385 
4.0 26.0835078 
4.0 32.59388545 
4.0 32.0733413 
4.0 32.02163825 
4.0 32.83909055 
4.0 21.8181068 
4.0 20.9447028 
4.0 27.69413955 
4.0 26.2080231 
4.0 28.9616705 
4.0 27.4518321 
4.0 28.8021545 
4.0 29.31742555 
