# Position.Z vs. Particle Type (97 data points):
# "Particle Type" Position.Z
1.0 0.0 
1.0 0.0 
1.0 0.0 
1.0 0.0 
1.0 0.0 
1.0 0.0 
1.0 0.0 
1.0 0.0 
1.0 0.0 
1.0 2.2741768 
1.0 2.2741768 
1.0 2.2741768 
1.0 2.2741768 
1.0 2.2741768 
1.0 2.2741768 
1.0 2.2741768 
1.0 2.2741768 
1.0 2.2741768 
1.0 5.15865875 
1.0 4.5082415 
1.0 4.3228661 
1.0 4.3842288 
1.0 4.33454525 
1.0 4.2462189 
1.0 4.31293485 
1.0 4.3892093 
1.0 4.41338905 
1.0 7.1151556 
1.0 6.49693555 
1.0 6.3897631 
1.0 7.4872154 
1.0 6.4425438 
1.0 7.1583561 
1.0 6.63392625 
1.0 6.4361206 
1.0 6.52586025 
2.0 8.44067385 
2.0 13.93042665 
2.0 7.7223601 
3.0 9.623677 
3.0 8.87545785 
3.0 14.47566085 
3.0 13.47359825 
3.0 12.20556925 
3.0 11.3800043 
3.0 8.90362305 
3.0 11.0449059 
3.0 15.77036685 
3.0 26.06307935 
3.0 29.40447265 
3.0 29.4135114 
3.0 10.5279755 
3.0 32.3361647 
3.0 31.83826625 
3.0 16.43016445 
3.0 28.33424405 
3.0 32.45288305 
3.0 31.71330435 
3.0 27.18660175 
3.0 27.57158845 
3.0 32.016376 
4.0 11.3721706 
4.0 12.7779029 
4.0 11.630717 
4.0 12.30221825 
4.0 9.69455655 
4.0 9.23307665 
4.0 11.17614155 
4.0 11.15235905 
4.0 16.0218394 
4.0 15.3154456 
4.0 26.77719275 
4.0 25.3313886 
4.0 30.3453381 
4.0 29.0502002 
4.0 28.6093374 
4.0 29.53831755 
4.0 10.0397633 
4.0 10.3527375 
4.0 31.53712485 
4.0 33.0618799 
4.0 32.35221535 
4.0 32.02716055 
4.0 17.203298 
4.0 16.76775835 
4.0 28.8173704 
4.0 27.40475325 
4.0 32.3477511 
4.0 32.26189715 
4.0 30.8383509 
4.0 32.3580943 
4.0 27.2444767 
4.0 27.4847237 
4.0 27.18465085 
4.0 28.3915037 
4.0 31.225257 
4.0 32.60769925 
