# Position.Z vs. Particle Type (97 data points):
# "Particle Type" Position.Z
1.0 0.0 
1.0 0.0 
1.0 0.0 
1.0 0.0 
1.0 0.0 
1.0 0.0 
1.0 0.0 
1.0 0.0 
1.0 0.0 
1.0 2.2741768 
1.0 2.2741768 
1.0 2.2741768 
1.0 2.2741768 
1.0 2.2741768 
1.0 2.2741768 
1.0 2.2741768 
1.0 2.2741768 
1.0 2.2741768 
1.0 5.12517495 
1.0 4.3596609 
1.0 4.3389213 
1.0 4.3346051 
1.0 4.2638617 
1.0 4.2880761 
1.0 4.56689625 
1.0 4.52528965 
1.0 4.52510345 
1.0 7.47260395 
1.0 6.4253735 
1.0 6.7696034 
1.0 7.230643 
1.0 6.3805896 
1.0 7.1715224 
1.0 7.02187045 
1.0 6.33430035 
1.0 6.53040115 
2.0 8.4700721 
2.0 26.5402347 
2.0 7.8733326 
3.0 9.5992078 
3.0 9.0706301 
3.0 26.8414391 
3.0 26.1792027 
3.0 16.39712235 
3.0 9.53599885 
3.0 27.23959945 
3.0 12.648853 
3.0 9.1723583 
3.0 31.7037252 
3.0 25.14350685 
3.0 29.52316815 
3.0 10.25357095 
3.0 32.36931775 
3.0 28.78605625 
3.0 31.94250885 
3.0 22.72288865 
3.0 32.4117731 
3.0 30.86918345 
3.0 31.07740965 
3.0 29.1659123 
3.0 26.4267563 
4.0 16.2588048 
4.0 16.3293424 
4.0 10.15698565 
4.0 9.6251827 
4.0 26.99482975 
4.0 27.44979825 
4.0 12.66564985 
4.0 11.8737437 
4.0 9.1582533 
4.0 9.82857995 
4.0 32.55902195 
4.0 31.390744 
4.0 24.83572735 
4.0 24.3436522 
4.0 28.7182721 
4.0 29.1803512 
4.0 9.77889325 
4.0 10.0731085 
4.0 31.85004515 
4.0 32.62289625 
4.0 28.11530295 
4.0 29.5862945 
4.0 31.3421815 
4.0 31.991925 
4.0 22.74954815 
4.0 22.34771315 
4.0 31.91128955 
4.0 32.36780435 
4.0 29.9347489 
4.0 31.15443975 
4.0 30.30407065 
4.0 31.5227675 
4.0 29.55738555 
4.0 29.8881793 
4.0 26.37243245 
4.0 27.0647286 
