# Position.Z vs. Particle Type (97 data points):
# "Particle Type" Position.Z
1.0 0.0 
1.0 0.0 
1.0 0.0 
1.0 0.0 
1.0 0.0 
1.0 0.0 
1.0 0.0 
1.0 0.0 
1.0 0.0 
1.0 2.2741768 
1.0 2.2741768 
1.0 2.2741768 
1.0 2.2741768 
1.0 2.2741768 
1.0 2.2741768 
1.0 2.2741768 
1.0 2.2741768 
1.0 2.2741768 
1.0 5.2401972 
1.0 4.2367157 
1.0 4.32629645 
1.0 4.29929185 
1.0 4.58439695 
1.0 4.52541635 
1.0 4.4925377 
1.0 4.4351349 
1.0 4.90609035 
1.0 7.4792571 
1.0 6.79447685 
1.0 6.7224437 
1.0 7.5207419 
1.0 6.47588445 
1.0 7.06604045 
1.0 6.7498382 
1.0 6.56238275 
1.0 6.9582331 
2.0 8.451296 
2.0 14.0380212 
2.0 7.9753534 
3.0 9.58941585 
3.0 9.18489145 
3.0 13.0762345 
3.0 14.99381275 
3.0 13.43137145 
3.0 9.4224599 
3.0 9.8898128 
3.0 11.8185893 
3.0 13.67098775 
3.0 27.8652206 
3.0 30.1530698 
3.0 26.7946504 
3.0 10.3664561 
3.0 31.02346135 
3.0 32.11277615 
3.0 28.8594383 
3.0 29.28388225 
3.0 32.64567845 
3.0 32.02811675 
3.0 30.86473005 
3.0 27.87739255 
3.0 29.9138357 
4.0 13.75926055 
4.0 13.76896675 
4.0 10.22979615 
4.0 9.1827113 
4.0 10.23963115 
4.0 9.83061275 
4.0 11.4382702 
4.0 11.7383441 
4.0 13.12235715 
4.0 13.7426912 
4.0 28.38879505 
4.0 27.36078555 
4.0 30.68456545 
4.0 30.82088625 
4.0 26.85925095 
4.0 26.85515945 
4.0 9.43414185 
4.0 10.59565395 
4.0 30.43195995 
4.0 31.54765005 
4.0 31.6895425 
4.0 32.903878 
4.0 28.5492137 
4.0 28.27360515 
4.0 29.87746055 
4.0 28.3720346 
4.0 32.2908586 
4.0 32.46117105 
4.0 31.8015873 
4.0 33.04836745 
4.0 30.3346505 
4.0 30.3795009 
4.0 28.69415675 
4.0 27.649692 
4.0 29.51109665 
4.0 30.20906315 
