# Position.Z vs. Particle Type (97 data points):
# "Particle Type" Position.Z
1.0 0.0 
1.0 0.0 
1.0 0.0 
1.0 0.0 
1.0 0.0 
1.0 0.0 
1.0 0.0 
1.0 0.0 
1.0 0.0 
1.0 2.2741768 
1.0 2.2741768 
1.0 2.2741768 
1.0 2.2741768 
1.0 2.2741768 
1.0 2.2741768 
1.0 2.2741768 
1.0 2.2741768 
1.0 2.2741768 
1.0 5.01535405 
1.0 4.212705 
1.0 4.3168069 
1.0 4.3602468 
1.0 4.43154425 
1.0 4.3731877 
1.0 4.5484845 
1.0 4.3829394 
1.0 4.49013705 
1.0 7.20355125 
1.0 6.5425437 
1.0 6.7629037 
1.0 7.4095413 
1.0 6.3602686 
1.0 7.0302162 
1.0 6.839826 
1.0 6.36560855 
1.0 6.54153675 
2.0 8.26986615 
2.0 13.74741515 
2.0 7.77874125 
3.0 9.4486322 
3.0 8.96661745 
3.0 14.5270979 
3.0 13.03447495 
3.0 11.5030496 
3.0 11.4717771 
3.0 9.07974655 
3.0 11.66373705 
3.0 14.68756555 
3.0 25.1736296 
3.0 29.66262985 
3.0 28.83394255 
3.0 10.9517954 
3.0 31.92266595 
3.0 32.7374285 
3.0 16.47781905 
3.0 28.58333625 
3.0 32.43388715 
3.0 32.2068138 
3.0 27.9154918 
3.0 26.7837213 
3.0 31.70373185 
4.0 10.69241215 
4.0 11.0763618 
4.0 11.59899055 
4.0 12.2009027 
4.0 9.76138835 
4.0 9.5536378 
4.0 11.9000784 
4.0 10.9082687 
4.0 14.14866425 
4.0 15.2199215 
4.0 24.97259695 
4.0 25.40354635 
4.0 30.3080407 
4.0 28.89116895 
4.0 28.6382817 
4.0 28.0080654 
4.0 10.70909875 
4.0 11.0283971 
4.0 31.24355395 
4.0 32.78769165 
4.0 32.50226735 
4.0 32.333819 
4.0 16.605064 
4.0 16.33477055 
4.0 29.05050085 
4.0 29.2773334 
4.0 32.20881405 
4.0 32.3612226 
4.0 31.7595145 
4.0 33.1498104 
4.0 27.63056975 
4.0 27.81379265 
4.0 26.17552 
4.0 27.20535965 
4.0 31.2715039 
4.0 31.48237015 
