# Position.Z vs. Particle Type (97 data points):
# "Particle Type" Position.Z
1.0 0.0 
1.0 0.0 
1.0 0.0 
1.0 0.0 
1.0 0.0 
1.0 0.0 
1.0 0.0 
1.0 0.0 
1.0 0.0 
1.0 2.2741768 
1.0 2.2741768 
1.0 2.2741768 
1.0 2.2741768 
1.0 2.2741768 
1.0 2.2741768 
1.0 2.2741768 
1.0 2.2741768 
1.0 2.2741768 
1.0 5.3335681 
1.0 4.47304865 
1.0 4.2307356 
1.0 4.57682295 
1.0 4.3665209 
1.0 4.24817155 
1.0 4.418043 
1.0 4.40953135 
1.0 4.6499782 
1.0 7.27469435 
1.0 6.6390513 
1.0 6.74303245 
1.0 7.77693315 
1.0 6.45901515 
1.0 7.2382051 
1.0 6.878872 
1.0 6.34904375 
1.0 6.6514483 
2.0 8.58900875 
2.0 12.9074568 
2.0 7.7676585 
3.0 9.7711817 
3.0 8.9590228 
3.0 13.39953965 
3.0 12.48163805 
3.0 12.5084673 
3.0 9.9055033 
3.0 9.24054005 
3.0 12.1847838 
3.0 14.4065131 
3.0 29.1659263 
3.0 28.77599305 
3.0 26.68654695 
3.0 10.5291816 
3.0 30.9577359 
3.0 31.62909645 
3.0 24.07242705 
3.0 28.03152345 
3.0 31.7837198 
3.0 32.08127335 
3.0 29.0358985 
3.0 26.7095934 
3.0 32.79037475 
4.0 12.69591575 
4.0 13.0131407 
4.0 9.8471086 
4.0 10.867241 
4.0 9.6041064 
4.0 9.76235925 
4.0 11.257617 
4.0 12.1945285 
4.0 13.8699288 
4.0 13.90795245 
4.0 28.2946818 
4.0 29.37988935 
4.0 29.7509114 
4.0 28.6661326 
4.0 26.6799785 
4.0 25.84206205 
4.0 9.94561295 
4.0 11.2373429 
4.0 30.169342 
4.0 30.85971385 
4.0 31.8256568 
4.0 31.560424 
4.0 23.65470695 
4.0 23.3258459 
4.0 27.69602675 
4.0 27.2732229 
4.0 32.016208 
4.0 31.78154315 
4.0 31.7832557 
4.0 32.7984293 
4.0 28.88642365 
4.0 28.72997785 
4.0 27.3531496 
4.0 26.70832395 
4.0 32.70603525 
4.0 32.31567955 
