# Position.Z vs. Particle Type (97 data points):
# "Particle Type" Position.Z
1.0 0.0 
1.0 0.0 
1.0 0.0 
1.0 0.0 
1.0 0.0 
1.0 0.0 
1.0 0.0 
1.0 0.0 
1.0 0.0 
1.0 2.2741768 
1.0 2.2741768 
1.0 2.2741768 
1.0 2.2741768 
1.0 2.2741768 
1.0 2.2741768 
1.0 2.2741768 
1.0 2.2741768 
1.0 2.2741768 
1.0 5.1916459 
1.0 4.2946197 
1.0 4.25019105 
1.0 4.5982797 
1.0 4.4858016 
1.0 4.39040665 
1.0 4.28158535 
1.0 4.35772505 
1.0 4.7066019 
1.0 7.2973096 
1.0 6.33383275 
1.0 6.46101505 
1.0 7.46761645 
1.0 6.54074925 
1.0 7.24116715 
1.0 6.66259195 
1.0 6.43021155 
1.0 6.9014687 
2.0 8.47922635 
2.0 18.8278307 
2.0 8.07583 
3.0 9.72283025 
3.0 9.22462555 
3.0 18.59167695 
3.0 19.0327942 
3.0 11.77250305 
3.0 9.295566 
3.0 22.8468975 
3.0 9.52054285 
3.0 13.4694084 
3.0 31.6692075 
3.0 21.8104628 
3.0 25.71773855 
3.0 11.24585805 
3.0 32.1616771 
3.0 26.86459965 
3.0 26.005189 
3.0 31.75512095 
3.0 31.85291305 
3.0 29.4634809 
3.0 30.4067162 
3.0 32.37727465 
3.0 28.3913959 
4.0 11.82029555 
4.0 10.82625285 
4.0 9.46171415 
4.0 9.29035975 
4.0 23.03437675 
4.0 21.8772526 
4.0 10.0059183 
4.0 9.8530047 
4.0 12.65088545 
4.0 14.0279006 
4.0 31.656366 
4.0 31.3036514 
4.0 21.4710713 
4.0 22.243165 
4.0 25.9921655 
4.0 25.56317085 
4.0 12.02788685 
4.0 11.2410291 
4.0 31.4755343 
4.0 32.87087055 
4.0 26.33743105 
4.0 26.3458678 
4.0 26.9013696 
4.0 25.515749 
4.0 32.1382019 
4.0 30.89987775 
4.0 32.0751011 
4.0 32.6739091 
4.0 30.0917008 
4.0 28.7545384 
4.0 30.0516629 
4.0 30.6947193 
4.0 32.3118299 
4.0 32.3350601 
4.0 29.04767495 
4.0 27.99608875 
