# Position.Z vs. Particle Type (97 data points):
# "Particle Type" Position.Z
1.0 0.0 
1.0 0.0 
1.0 0.0 
1.0 0.0 
1.0 0.0 
1.0 0.0 
1.0 0.0 
1.0 0.0 
1.0 0.0 
1.0 2.2741768 
1.0 2.2741768 
1.0 2.2741768 
1.0 2.2741768 
1.0 2.2741768 
1.0 2.2741768 
1.0 2.2741768 
1.0 2.2741768 
1.0 2.2741768 
1.0 5.32518805 
1.0 4.508049 
1.0 4.33713665 
1.0 4.21873445 
1.0 4.3677305 
1.0 4.41531965 
1.0 4.39061875 
1.0 4.35855105 
1.0 4.69537705 
1.0 7.51003435 
1.0 6.81965795 
1.0 6.7928686 
1.0 7.51700215 
1.0 6.33868865 
1.0 7.52643675 
1.0 6.7147339 
1.0 6.62004385 
1.0 6.7884243 
2.0 8.60593965 
2.0 13.2471472 
2.0 7.79002525 
3.0 9.8023191 
3.0 8.9036521 
3.0 13.26285415 
3.0 13.13999785 
3.0 13.5728369 
3.0 10.4488608 
3.0 9.59033705 
3.0 12.2361057 
3.0 14.5489176 
3.0 29.26374675 
3.0 28.9443196 
3.0 26.5465942 
3.0 10.8586492 
3.0 31.26832065 
3.0 31.8723811 
3.0 24.7083788 
3.0 28.08895775 
3.0 32.42901795 
3.0 31.98163605 
3.0 29.41817725 
3.0 26.2748682 
3.0 32.39116755 
4.0 13.5924453 
4.0 14.4632103 
4.0 10.21767565 
4.0 11.3933652 
4.0 9.9546587 
4.0 9.51723465 
4.0 12.18054775 
4.0 11.40583465 
4.0 13.6603404 
4.0 14.4147766 
4.0 28.26629995 
4.0 29.6778965 
4.0 29.83076145 
4.0 29.2703761 
4.0 26.61683255 
4.0 25.92175005 
4.0 10.2587009 
4.0 10.79413125 
4.0 30.57859 
4.0 31.90617815 
4.0 31.91707085 
4.0 32.1485094 
4.0 24.27882905 
4.0 24.53920525 
4.0 28.5525156 
4.0 27.86489055 
4.0 32.30620295 
4.0 32.4220232 
4.0 31.97999385 
4.0 32.8852083 
4.0 29.06714895 
4.0 29.68425915 
4.0 26.9892679 
4.0 25.7460147 
4.0 32.3299655 
4.0 32.13504875 
