# Position.Z vs. Particle Type (97 data points):
# "Particle Type" Position.Z
1.0 0.0 
1.0 0.0 
1.0 0.0 
1.0 0.0 
1.0 0.0 
1.0 0.0 
1.0 0.0 
1.0 0.0 
1.0 0.0 
1.0 2.2741768 
1.0 2.2741768 
1.0 2.2741768 
1.0 2.2741768 
1.0 2.2741768 
1.0 2.2741768 
1.0 2.2741768 
1.0 2.2741768 
1.0 2.2741768 
1.0 5.08876165 
1.0 4.2060963 
1.0 4.3682261 
1.0 4.43239265 
1.0 4.52319805 
1.0 4.39247795 
1.0 4.2909293 
1.0 4.4843379 
1.0 4.46225815 
1.0 7.08032955 
1.0 6.49353355 
1.0 6.70729535 
1.0 7.62268465 
1.0 6.48605265 
1.0 6.97916205 
1.0 6.8326034 
1.0 6.66039955 
1.0 6.66329545 
2.0 8.28843575 
2.0 15.63437575 
2.0 7.8244215 
3.0 9.50038285 
3.0 9.0002493 
3.0 15.4177758 
3.0 15.8635372 
3.0 12.45988835 
3.0 10.1335605 
3.0 27.4743224 
3.0 12.0717142 
3.0 9.4723538 
3.0 31.6820924 
3.0 26.5043555 
3.0 29.45185845 
3.0 9.4265528 
3.0 32.20850255 
3.0 26.8222787 
3.0 29.755607 
3.0 25.08568615 
3.0 29.1305805 
3.0 32.11894 
3.0 32.1600258 
3.0 25.9107247 
3.0 28.9531893 
4.0 12.23644485 
4.0 12.05152515 
4.0 10.96098675 
4.0 9.80893095 
4.0 26.8551087 
4.0 27.6167927 
4.0 12.73472095 
4.0 11.8220725 
4.0 9.4441522 
4.0 9.4188661 
4.0 31.54290685 
4.0 32.57752155 
4.0 27.1159847 
4.0 25.94115405 
4.0 29.2726504 
4.0 30.4113278 
4.0 9.0933521 
4.0 9.1983941 
4.0 32.62890995 
4.0 33.0261484 
4.0 26.57617725 
4.0 27.7194071 
4.0 28.9403093 
4.0 30.4475486 
4.0 24.3071633 
4.0 24.7719416 
4.0 28.29900885 
4.0 29.39239555 
4.0 32.3856988 
4.0 31.2831435 
4.0 31.8916731 
4.0 32.03830595 
4.0 26.3773531 
4.0 25.1702465 
4.0 29.01977295 
4.0 28.9524186 
