# Position.Z vs. Particle Type (97 data points):
# "Particle Type" Position.Z
1.0 0.0 
1.0 0.0 
1.0 0.0 
1.0 0.0 
1.0 0.0 
1.0 0.0 
1.0 0.0 
1.0 0.0 
1.0 0.0 
1.0 2.2741768 
1.0 2.2741768 
1.0 2.2741768 
1.0 2.2741768 
1.0 2.2741768 
1.0 2.2741768 
1.0 2.2741768 
1.0 2.2741768 
1.0 2.2741768 
1.0 5.1364397 
1.0 4.3580019 
1.0 4.37842055 
1.0 4.5006815 
1.0 4.461618 
1.0 4.3522808 
1.0 4.616794 
1.0 4.1794669 
1.0 4.7502616 
1.0 7.6083483 
1.0 6.5278731 
1.0 7.1655871 
1.0 7.49484785 
1.0 6.6194863 
1.0 6.7098038 
1.0 6.80241835 
1.0 6.4143058 
1.0 6.6211376 
2.0 8.3907474 
2.0 16.0837467 
2.0 7.98241465 
3.0 9.44359115 
3.0 9.1734153 
3.0 15.4589316 
3.0 16.6651128 
3.0 12.93575045 
3.0 9.83049725 
3.0 9.51505205 
3.0 10.7879415 
3.0 12.3670477 
3.0 14.36944775 
3.0 30.1788039 
3.0 30.7028344 
3.0 12.874092 
3.0 30.2851668 
3.0 28.6739537 
3.0 13.52774185 
3.0 27.8180378 
3.0 32.3055257 
3.0 32.4526013 
3.0 32.2032935 
3.0 26.71795945 
3.0 31.76514635 
4.0 13.5168194 
4.0 13.1653228 
4.0 10.13325915 
4.0 10.4450234 
4.0 9.13445855 
4.0 9.6159364 
4.0 11.5992275 
4.0 11.11838175 
4.0 11.6362106 
4.0 11.94937205 
4.0 15.2669769 
4.0 14.18353545 
4.0 30.6792808 
4.0 29.8835572 
4.0 31.09118775 
4.0 31.1251738 
4.0 12.6166705 
4.0 13.14849935 
4.0 29.98245845 
4.0 29.93644255 
4.0 29.25343435 
4.0 29.30380845 
4.0 13.3036792 
4.0 14.5062862 
4.0 27.23389795 
4.0 27.69244345 
4.0 32.5428054 
4.0 31.9789463 
4.0 32.193427 
4.0 32.57457595 
4.0 32.91190385 
4.0 31.8007396 
4.0 25.93570595 
4.0 27.19674825 
4.0 31.9001536 
4.0 31.4044388 
