# Position.Z vs. Particle Type (97 data points):
# "Particle Type" Position.Z
1.0 0.0 
1.0 0.0 
1.0 0.0 
1.0 0.0 
1.0 0.0 
1.0 0.0 
1.0 0.0 
1.0 0.0 
1.0 0.0 
1.0 2.2741768 
1.0 2.2741768 
1.0 2.2741768 
1.0 2.2741768 
1.0 2.2741768 
1.0 2.2741768 
1.0 2.2741768 
1.0 2.2741768 
1.0 2.2741768 
1.0 5.49955175 
1.0 4.37287235 
1.0 4.4856791 
1.0 4.84484945 
1.0 4.42533455 
1.0 4.3065638 
1.0 4.2354109 
1.0 4.27643125 
1.0 4.47192655 
1.0 7.66764985 
1.0 6.37624505 
1.0 6.8007646 
1.0 7.5689495 
1.0 6.58181335 
1.0 7.07737835 
1.0 6.9298229 
1.0 6.18838115 
1.0 6.8472887 
2.0 8.5834938 
2.0 17.1790941 
2.0 8.0079601 
3.0 9.6675474 
3.0 9.18231545 
3.0 17.5824544 
3.0 16.864225 
3.0 13.7120277 
3.0 9.3981797 
3.0 9.5502561 
3.0 11.888436 
3.0 11.730089 
3.0 13.06878965 
3.0 24.5487998 
3.0 24.62117035 
3.0 14.4844301 
3.0 25.36689995 
3.0 19.91413515 
3.0 15.8825737 
3.0 25.49296225 
3.0 27.27139205 
3.0 27.9694282 
3.0 32.8036751 
3.0 22.88535025 
3.0 20.3921942 
4.0 14.38025155 
4.0 13.50976305 
4.0 10.1304224 
4.0 9.04876735 
4.0 10.0797921 
4.0 9.1981337 
4.0 12.71271925 
4.0 11.5271625 
4.0 11.15241505 
4.0 11.46825085 
4.0 13.2041854 
4.0 12.09406345 
4.0 25.07326885 
4.0 23.6988451 
4.0 24.8852583 
4.0 24.45571555 
4.0 13.7329661 
4.0 14.17777445 
4.0 24.7334402 
4.0 25.46603745 
4.0 19.9754233 
4.0 19.13470755 
4.0 16.2948877 
4.0 15.57982615 
4.0 24.792817 
4.0 26.22949805 
4.0 26.9166177 
4.0 27.71705615 
4.0 28.24630165 
4.0 27.16373625 
4.0 32.86471825 
4.0 32.39239675 
4.0 23.56540935 
4.0 22.12049735 
4.0 19.69808995 
4.0 21.22212225 
