# Position.Z vs. Particle Type (97 data points):
# "Particle Type" Position.Z
1.0 0.0 
1.0 0.0 
1.0 0.0 
1.0 0.0 
1.0 0.0 
1.0 0.0 
1.0 0.0 
1.0 0.0 
1.0 0.0 
1.0 2.2741768 
1.0 2.2741768 
1.0 2.2741768 
1.0 2.2741768 
1.0 2.2741768 
1.0 2.2741768 
1.0 2.2741768 
1.0 2.2741768 
1.0 2.2741768 
1.0 5.22137455 
1.0 4.3668919 
1.0 4.46594155 
1.0 4.24053245 
1.0 4.31425575 
1.0 4.3909803 
1.0 4.4626211 
1.0 4.34216545 
1.0 4.61848975 
1.0 7.47945065 
1.0 6.5812012 
1.0 6.53237025 
1.0 7.2952614 
1.0 6.6093643 
1.0 7.17117625 
1.0 6.53973285 
1.0 6.4110018 
1.0 6.63315485 
2.0 8.4768726 
2.0 15.78024875 
2.0 7.98276255 
3.0 9.6236427 
3.0 9.1611156 
3.0 16.0686764 
3.0 15.4906612 
3.0 12.6043071 
3.0 9.5942476 
3.0 29.41105195 
3.0 8.9316185 
3.0 10.6516704 
3.0 32.72378235 
3.0 31.82166785 
3.0 24.98925835 
3.0 11.92394735 
3.0 31.9168822 
3.0 24.18856615 
3.0 25.570524 
3.0 31.76738915 
3.0 31.96908855 
3.0 24.7796437 
3.0 28.4753315 
3.0 29.7371529 
3.0 28.6088131 
4.0 12.57474505 
4.0 13.28986085 
4.0 10.173205 
4.0 8.9971637 
4.0 30.2927016 
4.0 29.3703284 
4.0 9.29262005 
4.0 9.4888661 
4.0 10.82512585 
4.0 10.2988305 
4.0 32.06809655 
4.0 32.7381768 
4.0 32.0138637 
4.0 30.81360275 
4.0 25.2858501 
4.0 25.37925005 
4.0 11.5248364 
4.0 11.27186655 
4.0 32.7115502 
4.0 31.4697376 
4.0 24.1040786 
4.0 24.76160995 
4.0 24.78874825 
4.0 26.241096 
4.0 31.86731555 
4.0 31.93080485 
4.0 31.5200928 
4.0 32.53491045 
4.0 24.73000775 
4.0 23.9596644 
4.0 28.77247345 
4.0 27.5870077 
4.0 30.2266958 
4.0 29.2474672 
4.0 28.95169655 
4.0 28.90038235 
