# Position.Z vs. Particle Type (97 data points):
# "Particle Type" Position.Z
1.0 0.0 
1.0 0.0 
1.0 0.0 
1.0 0.0 
1.0 0.0 
1.0 0.0 
1.0 0.0 
1.0 0.0 
1.0 0.0 
1.0 2.2741768 
1.0 2.2741768 
1.0 2.2741768 
1.0 2.2741768 
1.0 2.2741768 
1.0 2.2741768 
1.0 2.2741768 
1.0 2.2741768 
1.0 2.2741768 
1.0 5.44076575 
1.0 4.391989 
1.0 4.40212675 
1.0 4.3877743 
1.0 4.3321306 
1.0 4.27813505 
1.0 4.58217095 
1.0 4.30405955 
1.0 4.45396875 
1.0 7.4201645 
1.0 6.3389676 
1.0 6.8016067 
1.0 7.0892052 
1.0 6.40505355 
1.0 7.686322 
1.0 6.8449626 
1.0 6.39306885 
1.0 6.8710474 
2.0 8.73550195 
2.0 16.07808545 
2.0 8.0448585 
3.0 9.90022565 
3.0 9.2289911 
3.0 15.7241469 
3.0 16.3267111 
3.0 11.85406425 
3.0 9.5829559 
3.0 9.5976545 
3.0 11.98840545 
3.0 11.4557219 
3.0 13.31512455 
3.0 19.9886393 
3.0 18.6016285 
3.0 13.6753918 
3.0 22.8684435 
3.0 18.54043135 
3.0 15.8086621 
3.0 19.4619831 
3.0 21.84756875 
3.0 24.2969916 
3.0 23.8158606 
3.0 21.7281365 
3.0 18.6818296 
4.0 11.1444494 
4.0 12.5099975 
4.0 9.9307894 
4.0 9.2425382 
4.0 10.42072605 
4.0 9.5155865 
4.0 12.3018448 
4.0 12.4199852 
4.0 11.1185032 
4.0 11.93877055 
4.0 14.1808268 
4.0 12.8759029 
4.0 19.3547368 
4.0 19.83529345 
4.0 18.18740525 
4.0 19.1903467 
4.0 12.73655845 
4.0 13.91339915 
4.0 22.1841823 
4.0 23.61368485 
4.0 17.57521395 
4.0 18.83887075 
4.0 16.714761 
4.0 15.67533485 
4.0 18.76817005 
4.0 20.34652865 
4.0 21.81561375 
4.0 22.7587276 
4.0 25.15669975 
4.0 23.9505966 
4.0 23.99563075 
4.0 23.0163276 
4.0 21.4553941 
4.0 20.98764675 
4.0 18.71689505 
4.0 18.7739181 
