# Position.Z vs. Particle Type (97 data points):
# "Particle Type" Position.Z
1.0 0.0 
1.0 0.0 
1.0 0.0 
1.0 0.0 
1.0 0.0 
1.0 0.0 
1.0 0.0 
1.0 0.0 
1.0 0.0 
1.0 2.2741768 
1.0 2.2741768 
1.0 2.2741768 
1.0 2.2741768 
1.0 2.2741768 
1.0 2.2741768 
1.0 2.2741768 
1.0 2.2741768 
1.0 2.2741768 
1.0 5.2721368 
1.0 4.4017848 
1.0 4.43853725 
1.0 4.3653876 
1.0 4.48385105 
1.0 4.20485415 
1.0 4.27721 
1.0 4.37231445 
1.0 4.4888102 
1.0 7.3393096 
1.0 6.5939307 
1.0 6.39361625 
1.0 7.3355436 
1.0 6.542011 
1.0 7.19143915 
1.0 6.64834905 
1.0 6.4239987 
1.0 6.9061454 
2.0 8.4454503 
2.0 24.66127335 
2.0 8.09850685 
3.0 9.67260455 
3.0 9.23634355 
3.0 24.27491185 
3.0 25.0377834 
3.0 12.13325505 
3.0 9.06195325 
3.0 28.0023142 
3.0 8.8240411 
3.0 11.08412445 
3.0 32.27949655 
3.0 27.23602805 
3.0 24.93136345 
3.0 10.494715 
3.0 31.3337843 
3.0 23.47139725 
3.0 29.7453296 
3.0 32.79038945 
3.0 32.4787029 
3.0 30.64724005 
3.0 25.9287917 
3.0 32.1794172 
3.0 31.58141105 
4.0 12.2515155 
4.0 11.30872225 
4.0 9.10683725 
4.0 9.04400105 
4.0 27.7574535 
4.0 28.1450085 
4.0 9.095639 
4.0 9.44504155 
4.0 11.2158571 
4.0 10.78486115 
4.0 33.06265095 
4.0 32.70001035 
4.0 26.28642275 
4.0 27.6919797 
4.0 24.30828505 
4.0 24.6880655 
4.0 11.46603255 
4.0 10.34251225 
4.0 30.4064194 
4.0 31.8468864 
4.0 22.8024048 
4.0 24.24624895 
4.0 29.26372645 
4.0 30.04936375 
4.0 32.3664579 
4.0 32.6590019 
4.0 32.4130982 
4.0 33.1428237 
4.0 30.32391145 
4.0 31.33150895 
4.0 26.11284095 
4.0 26.4340475 
4.0 31.8609956 
4.0 31.96116455 
4.0 31.98997165 
4.0 31.60421145 
