# Position.Z vs. Particle Type (97 data points):
# "Particle Type" Position.Z
1.0 0.0 
1.0 0.0 
1.0 0.0 
1.0 0.0 
1.0 0.0 
1.0 0.0 
1.0 0.0 
1.0 0.0 
1.0 0.0 
1.0 2.2741768 
1.0 2.2741768 
1.0 2.2741768 
1.0 2.2741768 
1.0 2.2741768 
1.0 2.2741768 
1.0 2.2741768 
1.0 2.2741768 
1.0 2.2741768 
1.0 5.11545335 
1.0 4.4510655 
1.0 4.32949265 
1.0 4.41327705 
1.0 4.44853885 
1.0 4.36758245 
1.0 4.3126489 
1.0 4.39482785 
1.0 4.36989945 
1.0 6.95599415 
1.0 6.60003435 
1.0 6.52230145 
1.0 7.48255095 
1.0 6.3421729 
1.0 7.32778515 
1.0 7.0370566 
1.0 6.64545875 
1.0 6.3611212 
2.0 8.2777163 
2.0 19.41085825 
2.0 7.82035905 
3.0 9.4900946 
3.0 8.984402 
3.0 19.21285205 
3.0 19.615064 
3.0 12.7593739 
3.0 9.7415087 
3.0 10.3464669 
3.0 11.40868575 
3.0 13.6248511 
3.0 26.2125325 
3.0 28.4203668 
3.0 26.29890935 
3.0 10.16482915 
3.0 32.558596 
3.0 29.98998835 
3.0 32.1130306 
3.0 25.2986209 
3.0 32.3224853 
3.0 31.9942476 
3.0 29.08486805 
3.0 29.7389736 
3.0 27.3887138 
4.0 13.22731305 
4.0 12.45470695 
4.0 10.2476332 
4.0 9.9856197 
4.0 10.3272204 
4.0 10.3296774 
4.0 12.26185485 
4.0 10.90804995 
4.0 12.80276445 
4.0 14.0754999 
4.0 25.6387901 
4.0 26.4855395 
4.0 28.9590427 
4.0 29.0528847 
4.0 26.9263722 
4.0 25.3991185 
4.0 10.4936349 
4.0 9.4310594 
4.0 32.22774975 
4.0 32.54835465 
4.0 29.08033625 
4.0 30.51937875 
4.0 31.2756297 
4.0 32.84539615 
4.0 25.8104756 
4.0 25.87298175 
4.0 32.32560205 
4.0 32.30077305 
4.0 31.23714825 
4.0 31.59325085 
4.0 29.01625405 
4.0 28.403242 
4.0 30.59216755 
4.0 29.45001395 
4.0 26.72518555 
4.0 27.49604025 
