# Position.Z vs. Particle Type (97 data points):
# "Particle Type" Position.Z
1.0 0.0 
1.0 0.0 
1.0 0.0 
1.0 0.0 
1.0 0.0 
1.0 0.0 
1.0 0.0 
1.0 0.0 
1.0 0.0 
1.0 2.2741768 
1.0 2.2741768 
1.0 2.2741768 
1.0 2.2741768 
1.0 2.2741768 
1.0 2.2741768 
1.0 2.2741768 
1.0 2.2741768 
1.0 2.2741768 
1.0 5.0905652 
1.0 4.4607514 
1.0 4.323851 
1.0 4.38011315 
1.0 4.45189465 
1.0 4.2690025 
1.0 4.40959365 
1.0 4.21408225 
1.0 4.9202216 
1.0 7.24628485 
1.0 6.7311244 
1.0 6.87422365 
1.0 7.25320575 
1.0 6.58988575 
1.0 7.2706487 
1.0 6.61306275 
1.0 6.31375745 
1.0 6.8000709 
2.0 8.41551515 
2.0 24.6984416 
2.0 7.8555911 
3.0 9.58188735 
3.0 9.05439605 
3.0 25.50211615 
3.0 23.9042804 
3.0 14.78858255 
3.0 9.202193 
3.0 15.7131261 
3.0 14.6280736 
3.0 10.7644005 
3.0 28.58196845 
3.0 29.2894728 
3.0 28.1422092 
3.0 10.58293775 
3.0 32.6176767 
3.0 30.04758435 
3.0 32.5827656 
3.0 23.925391 
3.0 31.87294145 
3.0 32.1940122 
3.0 29.41701735 
3.0 30.36976635 
3.0 27.2098792 
4.0 15.60484065 
4.0 15.11720665 
4.0 9.68019115 
4.0 8.84627415 
4.0 15.07961805 
4.0 15.4492128 
4.0 14.57711885 
4.0 13.81485595 
4.0 10.33715515 
4.0 10.8786132 
4.0 27.77469135 
4.0 28.9690835 
4.0 28.51138115 
4.0 29.10863515 
4.0 27.41989845 
4.0 28.5058053 
4.0 10.02761375 
4.0 11.4774219 
4.0 32.5444287 
4.0 31.91874315 
4.0 29.91759575 
4.0 30.83204355 
4.0 32.0268865 
4.0 32.0633495 
4.0 23.0484009 
4.0 23.6730732 
4.0 32.35912435 
4.0 32.36400265 
4.0 33.1042705 
4.0 31.8385725 
4.0 30.22180245 
4.0 29.40413385 
4.0 30.20936345 
4.0 30.707236 
4.0 27.50205675 
4.0 26.29403315 
