# Position.Z vs. Particle Type (97 data points):
# "Particle Type" Position.Z
1.0 0.0 
1.0 0.0 
1.0 0.0 
1.0 0.0 
1.0 0.0 
1.0 0.0 
1.0 0.0 
1.0 0.0 
1.0 0.0 
1.0 2.2741768 
1.0 2.2741768 
1.0 2.2741768 
1.0 2.2741768 
1.0 2.2741768 
1.0 2.2741768 
1.0 2.2741768 
1.0 2.2741768 
1.0 2.2741768 
1.0 5.03660955 
1.0 4.5731763 
1.0 4.2641277 
1.0 4.39703845 
1.0 4.43346015 
1.0 4.31090205 
1.0 4.36253615 
1.0 4.1529642 
1.0 4.39982935 
1.0 7.1528898 
1.0 6.47407915 
1.0 6.22139525 
1.0 7.13382705 
1.0 7.5721702 
1.0 6.857151 
1.0 6.45480815 
1.0 6.2247822 
1.0 6.76717195 
2.0 8.151976 
2.0 15.62093505 
2.0 7.9080855 
3.0 9.3411297 
3.0 9.14009775 
3.0 15.42445765 
3.0 15.91163175 
3.0 11.7736682 
3.0 9.4023265 
3.0 27.92994855 
3.0 9.70065215 
3.0 11.76743365 
3.0 32.63676325 
3.0 31.4202343 
3.0 23.30102635 
3.0 9.3768395 
3.0 30.52741475 
3.0 22.37991315 
3.0 22.8649743 
3.0 31.50742875 
3.0 30.83312855 
3.0 21.4921357 
3.0 27.04130905 
3.0 27.57858635 
3.0 29.2638801 
4.0 11.2832643 
4.0 12.39637805 
4.0 9.30510315 
4.0 9.68217915 
4.0 28.69768965 
4.0 27.5222458 
4.0 10.0237571 
4.0 10.4043086 
4.0 11.3544249 
4.0 11.1107976 
4.0 32.32629995 
4.0 32.1784015 
4.0 31.4361768 
4.0 30.81853915 
4.0 22.79627665 
4.0 23.84206895 
4.0 9.16806205 
4.0 9.32024135 
4.0 31.4267352 
4.0 29.91344195 
4.0 22.72673585 
4.0 23.05707775 
4.0 22.8521664 
4.0 23.57282025 
4.0 32.06487025 
4.0 30.75960265 
4.0 31.7363284 
4.0 30.6988171 
4.0 20.59570765 
4.0 21.4129293 
4.0 27.1612285 
4.0 26.1402631 
4.0 27.40945025 
4.0 28.24745245 
4.0 28.8213604 
4.0 28.54402075 
