# Position.Z vs. Particle Type (97 data points):
# "Particle Type" Position.Z
1.0 0.0 
1.0 0.0 
1.0 0.0 
1.0 0.0 
1.0 0.0 
1.0 0.0 
1.0 0.0 
1.0 0.0 
1.0 0.0 
1.0 2.2741768 
1.0 2.2741768 
1.0 2.2741768 
1.0 2.2741768 
1.0 2.2741768 
1.0 2.2741768 
1.0 2.2741768 
1.0 2.2741768 
1.0 2.2741768 
1.0 4.9465185 
1.0 4.5653804 
1.0 4.22872135 
1.0 4.4475256 
1.0 4.38227825 
1.0 4.33307735 
1.0 4.25730095 
1.0 4.28068725 
1.0 4.73292995 
1.0 6.9774362 
1.0 6.69760735 
1.0 7.06942985 
1.0 7.5298405 
1.0 6.3558159 
1.0 7.0462462 
1.0 6.48553955 
1.0 6.4602909 
1.0 6.8637807 
2.0 8.3057583 
2.0 13.83698015 
2.0 8.0025883 
3.0 9.4910949 
3.0 9.21740505 
3.0 13.1301471 
3.0 14.5057486 
3.0 13.5384844 
3.0 9.27027675 
3.0 9.69815245 
3.0 11.60218115 
3.0 12.2667496 
3.0 27.1669027 
3.0 29.9207153 
3.0 26.20523325 
3.0 10.5669879 
3.0 30.68868845 
3.0 32.000913 
3.0 29.16787475 
3.0 29.37365655 
3.0 32.66000185 
3.0 32.39884515 
3.0 30.8880656 
3.0 27.59438885 
3.0 28.89582115 
4.0 12.71064795 
4.0 14.0514143 
4.0 9.67674505 
4.0 9.24611555 
4.0 10.0936234 
4.0 10.38516885 
4.0 11.32799255 
4.0 11.30965955 
4.0 12.50528265 
4.0 12.3069408 
4.0 27.46950955 
4.0 27.03772085 
4.0 30.7362279 
4.0 30.25752765 
4.0 25.4442433 
4.0 26.55316965 
4.0 10.0132788 
4.0 10.07256495 
4.0 30.7083875 
4.0 31.42089685 
4.0 32.90540995 
4.0 32.32482995 
4.0 29.38075805 
4.0 28.407169 
4.0 29.2850705 
4.0 28.4006289 
4.0 32.4386013 
4.0 32.61884325 
4.0 32.53169675 
4.0 32.41538965 
4.0 30.52668745 
4.0 30.18950865 
4.0 28.50604575 
4.0 26.9615101 
4.0 28.92980195 
4.0 29.6922962 
