# Position.Z vs. Particle Type (97 data points):
# "Particle Type" Position.Z
1.0 0.0 
1.0 0.0 
1.0 0.0 
1.0 0.0 
1.0 0.0 
1.0 0.0 
1.0 0.0 
1.0 0.0 
1.0 0.0 
1.0 2.2741768 
1.0 2.2741768 
1.0 2.2741768 
1.0 2.2741768 
1.0 2.2741768 
1.0 2.2741768 
1.0 2.2741768 
1.0 2.2741768 
1.0 2.2741768 
1.0 5.01310285 
1.0 4.27083825 
1.0 4.44676645 
1.0 4.4514092 
1.0 4.36168495 
1.0 4.3788052 
1.0 4.2498855 
1.0 4.31538695 
1.0 4.598167 
1.0 7.25896535 
1.0 6.5950185 
1.0 6.71119225 
1.0 7.40173315 
1.0 6.3866124 
1.0 7.17320275 
1.0 6.70405785 
1.0 6.41203325 
1.0 6.5381484 
2.0 8.34857485 
2.0 26.29608485 
2.0 7.78959335 
3.0 9.58221565 
3.0 8.9616765 
3.0 25.73208085 
3.0 26.86785605 
3.0 18.2204442 
3.0 9.320514 
3.0 20.02171045 
3.0 10.5663824 
3.0 9.20389505 
3.0 31.3602135 
3.0 21.5479579 
3.0 27.85736625 
3.0 9.54918125 
3.0 32.36264955 
3.0 29.27143835 
3.0 31.7728299 
3.0 23.4390275 
3.0 31.88462305 
3.0 32.56128995 
3.0 29.0547677 
3.0 28.6137096 
3.0 21.9172891 
4.0 18.01778055 
4.0 17.72124375 
4.0 9.9488018 
4.0 9.5419947 
4.0 19.95638715 
4.0 20.3768229 
4.0 9.6745964 
4.0 10.6585003 
4.0 9.18424955 
4.0 9.83396085 
4.0 31.19071445 
4.0 32.30602795 
4.0 21.2204377 
4.0 22.1509757 
4.0 26.88503825 
4.0 27.9078814 
4.0 9.55255 
4.0 8.92304525 
4.0 32.16692325 
4.0 31.7153277 
4.0 29.99945725 
4.0 28.94007305 
4.0 32.5018764 
4.0 31.3460525 
4.0 23.3398578 
4.0 23.5379179 
4.0 31.4550348 
4.0 32.8182197 
4.0 32.43920155 
4.0 32.5291148 
4.0 28.77658805 
4.0 28.2470755 
4.0 28.51787715 
4.0 29.08158365 
4.0 21.4717706 
4.0 21.3809652 
