# Position.Z vs. Particle Type (97 data points):
# "Particle Type" Position.Z
1.0 0.0 
1.0 0.0 
1.0 0.0 
1.0 0.0 
1.0 0.0 
1.0 0.0 
1.0 0.0 
1.0 0.0 
1.0 0.0 
1.0 2.2741768 
1.0 2.2741768 
1.0 2.2741768 
1.0 2.2741768 
1.0 2.2741768 
1.0 2.2741768 
1.0 2.2741768 
1.0 2.2741768 
1.0 2.2741768 
1.0 5.2170118 
1.0 4.2375165 
1.0 4.36011905 
1.0 4.3473584 
1.0 4.4145969 
1.0 4.32537735 
1.0 4.325608 
1.0 4.3386805 
1.0 4.7538911 
1.0 7.2320493 
1.0 6.66273615 
1.0 6.8520046 
1.0 7.49741545 
1.0 6.17992165 
1.0 7.28294455 
1.0 6.68531745 
1.0 6.5032926 
1.0 6.98532345 
2.0 8.5221479 
2.0 18.192923 
2.0 7.7978593 
3.0 9.7437564 
3.0 8.88944455 
3.0 17.47090695 
3.0 18.8752515 
3.0 13.77465285 
3.0 9.5887211 
3.0 9.52354025 
3.0 12.67071855 
3.0 12.49566955 
3.0 25.5796975 
3.0 28.6800941 
3.0 26.09144965 
3.0 9.96102975 
3.0 32.5269014 
3.0 31.76793935 
3.0 30.4655785 
3.0 25.6601142 
3.0 32.0428052 
3.0 32.58671605 
3.0 29.1538016 
3.0 28.48066585 
3.0 28.0427336 
4.0 13.20650275 
4.0 13.8364828 
4.0 10.01268765 
4.0 9.78137125 
4.0 9.3451652 
4.0 9.58065465 
4.0 13.65024605 
4.0 12.549145 
4.0 12.2118136 
4.0 11.7271987 
4.0 25.35175195 
4.0 26.02456885 
4.0 29.47627515 
4.0 28.73013535 
4.0 26.9779846 
4.0 25.59326175 
4.0 10.87254175 
4.0 9.54685865 
4.0 31.8128132 
4.0 32.99924285 
4.0 31.53741465 
4.0 30.92624465 
4.0 29.74442765 
4.0 31.2317691 
4.0 25.3864261 
4.0 25.71174585 
4.0 31.78599025 
4.0 32.8881854 
4.0 32.252808 
4.0 32.9971586 
4.0 28.6630141 
4.0 28.9862538 
4.0 28.69451165 
4.0 27.56642245 
4.0 27.58785645 
4.0 28.27505695 
