# Position.Z vs. Particle Type (97 data points):
# "Particle Type" Position.Z
1.0 0.0 
1.0 0.0 
1.0 0.0 
1.0 0.0 
1.0 0.0 
1.0 0.0 
1.0 0.0 
1.0 0.0 
1.0 0.0 
1.0 2.2741768 
1.0 2.2741768 
1.0 2.2741768 
1.0 2.2741768 
1.0 2.2741768 
1.0 2.2741768 
1.0 2.2741768 
1.0 2.2741768 
1.0 2.2741768 
1.0 5.15182535 
1.0 4.2926044 
1.0 4.2510993 
1.0 4.3459752 
1.0 4.52787615 
1.0 4.3531159 
1.0 4.50625735 
1.0 4.34956515 
1.0 4.71560215 
1.0 6.9785324 
1.0 6.50550285 
1.0 6.82625125 
1.0 7.35039375 
1.0 6.3941871 
1.0 7.06394255 
1.0 6.7329311 
1.0 6.4052828 
1.0 6.97471215 
2.0 8.3416277 
2.0 26.592321 
2.0 7.9983834 
3.0 9.5466119 
3.0 9.1917812 
3.0 26.57419275 
3.0 26.60841505 
3.0 17.7229619 
3.0 9.40014005 
3.0 21.6201447 
3.0 10.78279405 
3.0 9.68108365 
3.0 32.2580482 
3.0 23.05244375 
3.0 27.8966352 
3.0 9.91751425 
3.0 32.58962385 
3.0 28.8187172 
3.0 32.0879692 
3.0 22.85804535 
3.0 32.2553028 
3.0 31.9328037 
3.0 30.1871402 
3.0 29.14553635 
3.0 22.3520934 
4.0 17.3696103 
4.0 17.66154355 
4.0 10.0195858 
4.0 9.6120115 
4.0 21.9568006 
4.0 22.45361055 
4.0 11.50560845 
4.0 10.61160835 
4.0 9.81294755 
4.0 9.64306805 
4.0 31.7352238 
4.0 33.08290475 
4.0 23.90957765 
4.0 23.30056225 
4.0 27.0180561 
4.0 27.97595745 
4.0 9.56355225 
4.0 9.91531905 
4.0 32.34296065 
4.0 32.4687524 
4.0 29.6131353 
4.0 28.1956787 
4.0 32.17563615 
4.0 32.101272 
4.0 22.05624155 
4.0 22.63005185 
4.0 33.20764825 
4.0 31.7277632 
4.0 32.37535175 
4.0 30.98491655 
4.0 29.41222445 
4.0 31.0102562 
4.0 28.53227755 
4.0 29.5472989 
4.0 21.97279 
4.0 23.2925364 
