# Position.Z vs. Particle Type (97 data points):
# "Particle Type" Position.Z
1.0 0.0 
1.0 0.0 
1.0 0.0 
1.0 0.0 
1.0 0.0 
1.0 0.0 
1.0 0.0 
1.0 0.0 
1.0 0.0 
1.0 2.2741768 
1.0 2.2741768 
1.0 2.2741768 
1.0 2.2741768 
1.0 2.2741768 
1.0 2.2741768 
1.0 2.2741768 
1.0 2.2741768 
1.0 2.2741768 
1.0 4.8626585 
1.0 4.33861715 
1.0 4.3671726 
1.0 4.51901625 
1.0 4.3439725 
1.0 4.2598353 
1.0 4.3282589 
1.0 4.207133 
1.0 4.36603615 
1.0 6.9642664 
1.0 6.3555877 
1.0 6.5958417 
1.0 7.2670045 
1.0 6.5343005 
1.0 7.28664405 
1.0 6.68259585 
1.0 6.45010975 
1.0 6.6264674 
2.0 8.23075085 
2.0 13.75521455 
2.0 7.7025193 
3.0 9.34878245 
3.0 8.93575235 
3.0 12.8916795 
3.0 14.679609 
3.0 13.85364435 
3.0 10.0403044 
3.0 9.0221845 
3.0 12.02227145 
3.0 15.1604222 
3.0 29.00399635 
3.0 29.2331907 
3.0 27.2865348 
3.0 10.43648935 
3.0 31.1912146 
3.0 32.28299235 
3.0 26.7546279 
3.0 28.63540785 
3.0 32.36348325 
3.0 30.9941821 
3.0 29.2757234 
3.0 27.1337759 
3.0 31.64879305 
4.0 13.7209884 
4.0 13.4007867 
4.0 10.4841562 
4.0 10.762367 
4.0 9.60924125 
4.0 9.2435525 
4.0 11.0655881 
4.0 12.04333725 
4.0 14.77183155 
4.0 16.12350495 
4.0 28.63188755 
4.0 29.9480419 
4.0 29.905806 
4.0 29.6651488 
4.0 27.12906315 
4.0 26.58666815 
4.0 9.8160951 
4.0 10.44697605 
4.0 30.7417971 
4.0 32.1499773 
4.0 32.3088535 
4.0 32.9545874 
4.0 27.638058 
4.0 26.85299015 
4.0 28.6083469 
4.0 28.0631253 
4.0 31.64163065 
4.0 32.29575965 
4.0 30.4396855 
4.0 31.9161696 
4.0 28.78693545 
4.0 28.62569115 
4.0 27.92297865 
4.0 26.55830415 
4.0 31.4290179 
4.0 31.4797147 
