# Position.Z vs. Particle Type (97 data points):
# "Particle Type" Position.Z
1.0 0.0 
1.0 0.0 
1.0 0.0 
1.0 0.0 
1.0 0.0 
1.0 0.0 
1.0 0.0 
1.0 0.0 
1.0 0.0 
1.0 2.2741768 
1.0 2.2741768 
1.0 2.2741768 
1.0 2.2741768 
1.0 2.2741768 
1.0 2.2741768 
1.0 2.2741768 
1.0 2.2741768 
1.0 2.2741768 
1.0 5.18702205 
1.0 4.14990905 
1.0 4.3511041 
1.0 4.41733075 
1.0 4.2951615 
1.0 4.39075105 
1.0 4.3693713 
1.0 4.49426775 
1.0 4.5526516 
1.0 7.4632628 
1.0 6.4952013 
1.0 6.73302245 
1.0 7.3039743 
1.0 6.27934755 
1.0 7.2023805 
1.0 6.5468179 
1.0 6.5133159 
1.0 6.67761815 
2.0 8.42972165 
2.0 25.1147771 
2.0 7.83727315 
3.0 9.67036735 
3.0 9.08419575 
3.0 25.497752 
3.0 24.6640639 
3.0 15.50267145 
3.0 9.2472751 
3.0 15.4809193 
3.0 14.09190475 
3.0 10.19729095 
3.0 28.63804545 
3.0 28.62426735 
3.0 27.9171557 
3.0 9.99862955 
3.0 32.55934185 
3.0 30.4621037 
3.0 32.01561545 
3.0 23.16123775 
3.0 31.7844184 
3.0 32.18089175 
3.0 29.35168705 
3.0 30.29078395 
3.0 26.8136666 
4.0 14.70231805 
4.0 16.12314305 
4.0 9.4813131 
4.0 9.5368525 
4.0 15.3056554 
4.0 15.34793995 
4.0 14.0408233 
4.0 14.03912265 
4.0 10.67389155 
4.0 9.99683055 
4.0 27.8589367 
4.0 29.4200739 
4.0 27.90424455 
4.0 28.5865832 
4.0 27.6625545 
4.0 28.3009335 
4.0 10.64129745 
4.0 9.78835305 
4.0 32.15516465 
4.0 31.7987929 
4.0 29.9777051 
4.0 30.1031675 
4.0 32.5748122 
4.0 32.3203454 
4.0 22.51069065 
4.0 23.2791979 
4.0 32.53896415 
4.0 32.16769395 
4.0 32.4468991 
4.0 32.17434465 
4.0 30.19368485 
4.0 29.4130501 
4.0 29.4301854 
4.0 30.48812655 
4.0 27.6065797 
4.0 26.1883643 
