# Position.Z vs. Particle Type (97 data points):
# "Particle Type" Position.Z
1.0 0.0 
1.0 0.0 
1.0 0.0 
1.0 0.0 
1.0 0.0 
1.0 0.0 
1.0 0.0 
1.0 0.0 
1.0 0.0 
1.0 2.2741768 
1.0 2.2741768 
1.0 2.2741768 
1.0 2.2741768 
1.0 2.2741768 
1.0 2.2741768 
1.0 2.2741768 
1.0 2.2741768 
1.0 2.2741768 
1.0 5.3703951 
1.0 4.33399435 
1.0 4.49750805 
1.0 4.41994945 
1.0 4.5212916 
1.0 4.30964345 
1.0 4.3646715 
1.0 4.40007365 
1.0 4.56157835 
1.0 7.14125265 
1.0 6.65055405 
1.0 6.6226678 
1.0 7.8325485 
1.0 6.4338078 
1.0 7.1922543 
1.0 6.9799506 
1.0 6.38214395 
1.0 6.78757415 
2.0 8.52404035 
2.0 14.81110435 
2.0 8.10121025 
3.0 9.64902645 
3.0 9.26365825 
3.0 14.15180725 
3.0 15.43598175 
3.0 13.8772781 
3.0 10.790416 
3.0 9.6884998 
3.0 13.96601815 
3.0 11.58401195 
3.0 24.52950255 
3.0 28.69983305 
3.0 27.76268565 
3.0 10.6231762 
3.0 32.5890096 
3.0 31.69489225 
3.0 31.4003459 
3.0 26.4593637 
3.0 31.97833485 
3.0 31.73665425 
3.0 29.61724185 
3.0 28.15690885 
3.0 28.7789775 
4.0 13.5841006 
4.0 13.1225073 
4.0 10.27701885 
4.0 10.4669971 
4.0 10.49439755 
4.0 9.66113435 
4.0 14.03330075 
4.0 14.7932358 
4.0 11.3155595 
4.0 11.33862205 
4.0 25.15257395 
4.0 24.8673901 
4.0 29.62551655 
4.0 28.21673855 
4.0 28.07418425 
4.0 26.7797397 
4.0 10.52189705 
4.0 11.56166095 
4.0 32.1824195 
4.0 32.48685125 
4.0 31.52830065 
4.0 32.66620245 
4.0 30.5080321 
4.0 31.53176915 
4.0 27.11064965 
4.0 26.586021 
4.0 32.9692937 
4.0 31.73854355 
4.0 32.5347519 
4.0 30.9687441 
4.0 28.72886555 
4.0 29.9922546 
4.0 27.8821648 
4.0 27.9528326 
4.0 28.8845879 
4.0 29.4176316 
