# Position.Z vs. Particle Type (97 data points):
# "Particle Type" Position.Z
1.0 0.0 
1.0 0.0 
1.0 0.0 
1.0 0.0 
1.0 0.0 
1.0 0.0 
1.0 0.0 
1.0 0.0 
1.0 0.0 
1.0 2.2741768 
1.0 2.2741768 
1.0 2.2741768 
1.0 2.2741768 
1.0 2.2741768 
1.0 2.2741768 
1.0 2.2741768 
1.0 2.2741768 
1.0 2.2741768 
1.0 4.70631595 
1.0 4.21009295 
1.0 4.3100281 
1.0 4.4155748 
1.0 4.36602285 
1.0 4.24171265 
1.0 4.38499845 
1.0 4.26931785 
1.0 4.91753535 
1.0 6.97948685 
1.0 6.50572265 
1.0 7.21577255 
1.0 6.7422474 
1.0 6.61119165 
1.0 6.6244941 
1.0 6.72022645 
1.0 6.2743898 
1.0 7.1746738 
2.0 7.93069795 
2.0 15.309168 
2.0 8.303862 
3.0 9.0943209 
3.0 9.48417925 
3.0 15.95934865 
3.0 14.7080864 
3.0 12.52013945 
3.0 9.3767247 
3.0 9.48504795 
3.0 9.87473515 
3.0 12.34932195 
3.0 15.2712623 
3.0 25.2939008 
3.0 28.0523474 
3.0 11.5038833 
3.0 32.4155496 
3.0 30.57453665 
3.0 13.94831515 
3.0 27.78157585 
3.0 32.5592694 
3.0 29.3287638 
3.0 32.08007845 
3.0 26.3250407 
3.0 31.71962955 
4.0 11.83263515 
4.0 12.5943769 
4.0 10.03888095 
4.0 9.33253895 
4.0 9.532523 
4.0 9.29531785 
4.0 10.486567 
4.0 9.3443049 
4.0 11.3950536 
4.0 12.50658395 
4.0 16.02801515 
4.0 14.6132742 
4.0 24.9729774 
4.0 25.93017315 
4.0 27.5302944 
4.0 28.99045485 
4.0 12.08375245 
4.0 11.95285525 
4.0 33.165993 
4.0 32.02822525 
4.0 29.61652085 
4.0 30.69240615 
4.0 14.4700507 
4.0 14.1756552 
4.0 28.2922794 
4.0 27.34578175 
4.0 32.32475155 
4.0 32.6201407 
4.0 28.5336807 
4.0 29.81240325 
4.0 31.2374566 
4.0 32.80261985 
4.0 25.9250257 
4.0 25.5690799 
4.0 32.4902606 
4.0 32.01688875 
