# Position.Z vs. Particle Type (97 data points):
# "Particle Type" Position.Z
1.0 0.0 
1.0 0.0 
1.0 0.0 
1.0 0.0 
1.0 0.0 
1.0 0.0 
1.0 0.0 
1.0 0.0 
1.0 0.0 
1.0 2.2741768 
1.0 2.2741768 
1.0 2.2741768 
1.0 2.2741768 
1.0 2.2741768 
1.0 2.2741768 
1.0 2.2741768 
1.0 2.2741768 
1.0 2.2741768 
1.0 5.2427788 
1.0 4.3490279 
1.0 4.3597365 
1.0 4.7781923 
1.0 4.46279575 
1.0 4.3723323 
1.0 4.31363275 
1.0 4.24883935 
1.0 4.5198629 
1.0 7.73479385 
1.0 6.5662009 
1.0 6.29457885 
1.0 7.2991877 
1.0 6.64123565 
1.0 6.9952876 
1.0 6.8542922 
1.0 6.30626955 
1.0 7.119637 
2.0 8.55707405 
2.0 22.3930245 
2.0 8.2155808 
3.0 9.6031936 
3.0 9.4145744 
3.0 23.06693585 
3.0 21.73783325 
3.0 11.22010715 
3.0 9.5361959 
3.0 25.32546065 
3.0 9.5230681 
3.0 11.49820525 
3.0 32.1526198 
3.0 26.3806697 
3.0 25.93655085 
3.0 9.53992795 
3.0 31.88148565 
3.0 28.8987342 
3.0 27.3476063 
3.0 32.17635365 
3.0 32.1806289 
3.0 30.72734455 
3.0 29.6593542 
3.0 32.59003125 
3.0 28.52379005 
4.0 11.3312297 
4.0 12.1570603 
4.0 9.8602336 
4.0 9.30101235 
4.0 25.1850585 
4.0 26.1448705 
4.0 9.71061735 
4.0 9.50373865 
4.0 10.96996845 
4.0 10.89974025 
4.0 32.9851074 
4.0 32.0665177 
4.0 25.45684715 
4.0 26.50894855 
4.0 26.89976905 
4.0 25.8033027 
4.0 8.85766805 
4.0 10.35212115 
4.0 31.3150334 
4.0 32.57636095 
4.0 29.2168541 
4.0 28.28549465 
4.0 26.3884502 
4.0 27.60016035 
4.0 32.99391095 
4.0 32.45129265 
4.0 32.10642505 
4.0 32.30751615 
4.0 30.17204505 
4.0 30.15611095 
4.0 30.15650225 
4.0 29.1651913 
4.0 32.0461624 
4.0 32.3896818 
4.0 29.18739495 
4.0 27.96726975 
