# Position.Z vs. Particle Type (97 data points):
# "Particle Type" Position.Z
1.0 0.0 
1.0 0.0 
1.0 0.0 
1.0 0.0 
1.0 0.0 
1.0 0.0 
1.0 0.0 
1.0 0.0 
1.0 0.0 
1.0 2.2741768 
1.0 2.2741768 
1.0 2.2741768 
1.0 2.2741768 
1.0 2.2741768 
1.0 2.2741768 
1.0 2.2741768 
1.0 2.2741768 
1.0 2.2741768 
1.0 5.0480094 
1.0 4.7902876 
1.0 4.53307015 
1.0 4.2869848 
1.0 4.38272485 
1.0 4.3109241 
1.0 4.257001 
1.0 4.2361977 
1.0 4.4589293 
1.0 7.13716255 
1.0 6.469267 
1.0 6.46260685 
1.0 7.41845755 
1.0 7.1925854 
1.0 7.14724605 
1.0 6.6761121 
1.0 6.5220533 
1.0 6.77775455 
2.0 8.2811925 
2.0 20.0611873 
2.0 8.21013095 
3.0 9.45477155 
3.0 9.3812397 
3.0 19.0950655 
3.0 21.023394 
3.0 11.82120835 
3.0 9.82711975 
3.0 30.5976846 
3.0 9.55118885 
3.0 10.99971285 
3.0 31.3660522 
3.0 28.23235345 
3.0 27.30113505 
3.0 12.25886235 
3.0 32.68393275 
3.0 24.1890859 
3.0 26.76604315 
3.0 32.16652145 
3.0 32.6274529 
3.0 25.6964694 
3.0 26.00565555 
3.0 31.97290005 
3.0 29.3676782 
4.0 12.1675183 
4.0 11.89997235 
4.0 10.38858205 
4.0 9.8229236 
4.0 30.9617238 
4.0 29.64340015 
4.0 9.7835178 
4.0 10.009741 
4.0 11.7486761 
4.0 10.37923635 
4.0 32.25406345 
4.0 31.28485955 
4.0 29.1826787 
4.0 28.16982735 
4.0 27.205339 
4.0 26.7942682 
4.0 12.47814715 
4.0 11.7459902 
4.0 32.142362 
4.0 32.4478273 
4.0 23.3437939 
4.0 24.7358209 
4.0 26.33482425 
4.0 26.6401373 
4.0 31.2830679 
4.0 32.54095075 
4.0 32.89694625 
4.0 32.6369302 
4.0 25.0896338 
4.0 26.5600902 
4.0 25.3861181 
4.0 26.82881985 
4.0 32.10077815 
4.0 32.6543469 
4.0 28.8637468 
4.0 29.7059791 
