# Position.Z vs. Particle Type (97 data points):
# "Particle Type" Position.Z
1.0 0.0 
1.0 0.0 
1.0 0.0 
1.0 0.0 
1.0 0.0 
1.0 0.0 
1.0 0.0 
1.0 0.0 
1.0 0.0 
1.0 2.2741768 
1.0 2.2741768 
1.0 2.2741768 
1.0 2.2741768 
1.0 2.2741768 
1.0 2.2741768 
1.0 2.2741768 
1.0 2.2741768 
1.0 2.2741768 
1.0 4.4678802 
1.0 4.43295615 
1.0 4.48980385 
1.0 4.28064805 
1.0 4.4492273 
1.0 4.72201135 
1.0 4.78690345 
1.0 4.223891 
1.0 5.1159213 
1.0 7.04977805 
1.0 6.35441695 
1.0 7.56196035 
1.0 7.0277578 
1.0 6.67296035 
1.0 6.54714025 
1.0 7.02477545 
1.0 6.5439899 
1.0 7.56912135 
2.0 7.9719682 
2.0 14.73978555 
2.0 8.3368145 
3.0 9.20955175 
3.0 9.53363145 
3.0 15.5354878 
3.0 14.0323764 
3.0 17.06603185 
3.0 10.84827135 
3.0 9.4924669 
3.0 9.13687775 
3.0 12.09023795 
3.0 23.5666438 
3.0 29.30468205 
3.0 25.5915849 
3.0 15.03121865 
3.0 32.17504185 
3.0 29.2169857 
3.0 11.3488102 
3.0 27.75529925 
3.0 32.71659545 
3.0 31.87299395 
3.0 30.45995995 
3.0 28.5604536 
3.0 32.07674785 
4.0 17.103422 
4.0 17.51131935 
4.0 10.40814705 
4.0 11.1709626 
4.0 9.67500835 
4.0 10.34007135 
4.0 9.6255243 
4.0 9.536898 
4.0 11.6025574 
4.0 12.6683564 
4.0 23.41075135 
4.0 24.5147042 
4.0 30.23093605 
4.0 28.93307585 
4.0 24.8745336 
4.0 26.3010699 
4.0 14.49386365 
4.0 15.7485496 
4.0 31.37946245 
4.0 32.79640455 
4.0 28.50231895 
4.0 29.8693815 
4.0 12.234327 
4.0 11.4417849 
4.0 28.49168805 
4.0 26.8833964 
4.0 32.52682825 
4.0 32.0872727 
4.0 31.8007459 
4.0 32.7601351 
4.0 29.81242915 
4.0 29.9860309 
4.0 29.14941995 
4.0 28.6902371 
4.0 32.8541927 
4.0 32.3569246 
