# Position.Z vs. Particle Type (97 data points):
# "Particle Type" Position.Z
1.0 0.0 
1.0 0.0 
1.0 0.0 
1.0 0.0 
1.0 0.0 
1.0 0.0 
1.0 0.0 
1.0 0.0 
1.0 0.0 
1.0 2.2741768 
1.0 2.2741768 
1.0 2.2741768 
1.0 2.2741768 
1.0 2.2741768 
1.0 2.2741768 
1.0 2.2741768 
1.0 2.2741768 
1.0 2.2741768 
1.0 5.1725156 
1.0 4.2875175 
1.0 4.4148832 
1.0 4.24977665 
1.0 4.518521 
1.0 4.47757485 
1.0 4.5808294 
1.0 4.2386757 
1.0 4.7251722 
1.0 7.14317205 
1.0 6.6647084 
1.0 7.28129605 
1.0 7.29792 
1.0 6.4578808 
1.0 6.7150972 
1.0 6.8884165 
1.0 6.5524165 
1.0 6.54258185 
2.0 8.0290511 
2.0 16.10952035 
2.0 8.13056195 
3.0 9.2197196 
3.0 9.31559615 
3.0 15.72583075 
3.0 16.42263385 
3.0 12.29015795 
3.0 9.8425425 
3.0 9.28219845 
3.0 10.5349321 
3.0 12.1545214 
3.0 13.87334305 
3.0 29.1251443 
3.0 30.54072035 
3.0 12.51731215 
3.0 30.88288105 
3.0 28.171661 
3.0 13.55662595 
3.0 28.11081315 
3.0 32.616556 
3.0 31.9921329 
3.0 31.1694922 
3.0 27.1135445 
3.0 32.23205125 
4.0 12.7943291 
4.0 11.5409945 
4.0 10.44512 
4.0 10.20644205 
4.0 9.60872325 
4.0 9.51668935 
4.0 11.4307375 
4.0 10.32543015 
4.0 11.4656689 
4.0 12.9547656 
4.0 14.7097965 
4.0 13.4361171 
4.0 29.4247009 
4.0 28.7449365 
4.0 29.7316579 
4.0 30.79816845 
4.0 12.5280659 
4.0 12.9283945 
4.0 30.0598459 
4.0 31.5774676 
4.0 29.0388357 
4.0 27.62410735 
4.0 12.9301949 
4.0 14.3137449 
4.0 27.46172555 
4.0 28.5572112 
4.0 32.5195948 
4.0 33.05982855 
4.0 31.36484505 
4.0 31.487127 
4.0 31.9635253 
4.0 31.5066969 
4.0 27.9084393 
4.0 26.6830774 
4.0 31.9927986 
4.0 32.4361856 
