# Position.Z vs. Particle Type (97 data points):
# "Particle Type" Position.Z
1.0 0.0 
1.0 0.0 
1.0 0.0 
1.0 0.0 
1.0 0.0 
1.0 0.0 
1.0 0.0 
1.0 0.0 
1.0 0.0 
1.0 2.2741768 
1.0 2.2741768 
1.0 2.2741768 
1.0 2.2741768 
1.0 2.2741768 
1.0 2.2741768 
1.0 2.2741768 
1.0 2.2741768 
1.0 2.2741768 
1.0 5.2135188 
1.0 4.90351715 
1.0 4.4166906 
1.0 4.53800795 
1.0 4.2858928 
1.0 4.22685165 
1.0 4.4680055 
1.0 4.38912075 
1.0 4.1848765 
1.0 7.2208836 
1.0 6.70189415 
1.0 6.36216385 
1.0 7.55895385 
1.0 6.90620105 
1.0 7.4412086 
1.0 6.79202265 
1.0 6.19370885 
1.0 6.78992895 
2.0 8.4708974 
2.0 19.3521265 
2.0 8.3041546 
3.0 9.6490765 
3.0 9.4325581 
3.0 19.99069345 
3.0 18.7709746 
3.0 10.79046465 
3.0 12.01544785 
3.0 28.2859437 
3.0 9.34215905 
3.0 11.13512855 
3.0 32.0104953 
3.0 29.3570011 
3.0 24.1998253 
3.0 12.5343029 
3.0 32.139366 
3.0 23.3752267 
3.0 24.0843694 
3.0 31.7472176 
3.0 30.2405061 
3.0 22.15575845 
3.0 25.9356216 
3.0 32.2457471 
3.0 27.57916 
4.0 10.2719001 
4.0 11.2881447 
4.0 12.73738865 
4.0 12.1454088 
4.0 27.7803344 
4.0 28.9807672 
4.0 9.95308405 
4.0 9.8028994 
4.0 11.3612926 
4.0 10.2198831 
4.0 31.2233138 
4.0 32.8239408 
4.0 29.230313 
4.0 28.96370225 
4.0 23.55956645 
4.0 23.7346102 
4.0 11.90760795 
4.0 12.16596325 
4.0 32.47841135 
4.0 31.96247425 
4.0 24.34037235 
4.0 22.9220705 
4.0 24.9459273 
4.0 24.155292 
4.0 32.5261342 
4.0 31.9291049 
4.0 30.01426505 
4.0 31.1366132 
4.0 21.19017985 
4.0 22.68175875 
4.0 26.3555131 
4.0 25.150272 
4.0 32.5146619 
4.0 32.75976305 
4.0 27.18976505 
4.0 27.45631455 
