# Position.Z vs. Particle Type (97 data points):
# "Particle Type" Position.Z
1.0 0.0 
1.0 0.0 
1.0 0.0 
1.0 0.0 
1.0 0.0 
1.0 0.0 
1.0 0.0 
1.0 0.0 
1.0 0.0 
1.0 2.2741768 
1.0 2.2741768 
1.0 2.2741768 
1.0 2.2741768 
1.0 2.2741768 
1.0 2.2741768 
1.0 2.2741768 
1.0 2.2741768 
1.0 2.2741768 
1.0 5.15146555 
1.0 5.06353785 
1.0 4.34208635 
1.0 4.30966725 
1.0 4.41421505 
1.0 4.265387 
1.0 4.27736015 
1.0 4.33215405 
1.0 4.3676262 
1.0 7.0732137 
1.0 6.73934415 
1.0 6.371554 
1.0 7.70576275 
1.0 7.39927265 
1.0 7.66473085 
1.0 6.6041654 
1.0 6.4670501 
1.0 6.6525417 
2.0 8.41356985 
2.0 22.3909931 
2.0 8.35176965 
3.0 9.64338935 
3.0 9.40191735 
3.0 21.3973795 
3.0 23.4307465 
3.0 11.10169865 
3.0 11.3273615 
3.0 31.8118885 
3.0 9.7257797 
3.0 10.33138015 
3.0 32.246858 
3.0 29.2612642 
3.0 24.18708845 
3.0 12.50040575 
3.0 32.51431925 
3.0 24.57943355 
3.0 26.0892716 
3.0 32.1402606 
3.0 29.4343679 
3.0 26.3633909 
3.0 26.4502273 
3.0 31.8576083 
3.0 28.87742585 
4.0 10.36992985 
4.0 10.7482025 
4.0 11.81348945 
4.0 10.97716305 
4.0 32.2188139 
4.0 30.92636645 
4.0 10.2551414 
4.0 10.2132968 
4.0 10.72967 
4.0 9.37851565 
4.0 32.55989275 
4.0 32.21834035 
4.0 29.931937 
4.0 28.4039616 
4.0 24.98665225 
4.0 24.31729965 
4.0 12.90174165 
4.0 11.62535255 
4.0 32.55402465 
4.0 32.1153343 
4.0 25.2968877 
4.0 24.9165133 
4.0 25.8775209 
4.0 26.9952368 
4.0 32.53365325 
4.0 32.646824 
4.0 28.79080015 
4.0 30.3287985 
4.0 26.9537464 
4.0 26.9856258 
4.0 25.74803455 
4.0 26.05704115 
4.0 32.76232015 
4.0 31.3505374 
4.0 28.98815815 
4.0 28.9596531 
