# Position.Z vs. Particle Type (97 data points):
# "Particle Type" Position.Z
1.0 0.0 
1.0 0.0 
1.0 0.0 
1.0 0.0 
1.0 0.0 
1.0 0.0 
1.0 0.0 
1.0 0.0 
1.0 0.0 
1.0 2.2741768 
1.0 2.2741768 
1.0 2.2741768 
1.0 2.2741768 
1.0 2.2741768 
1.0 2.2741768 
1.0 2.2741768 
1.0 2.2741768 
1.0 2.2741768 
1.0 5.23952205 
1.0 4.3364181 
1.0 4.3500947 
1.0 4.6306442 
1.0 4.27181265 
1.0 4.3090327 
1.0 4.3100183 
1.0 4.326119 
1.0 4.4490642 
1.0 7.16068255 
1.0 6.569836 
1.0 6.47109925 
1.0 7.5610248 
1.0 6.33855705 
1.0 7.3896186 
1.0 6.7317243 
1.0 6.4141742 
1.0 6.81438555 
2.0 8.51863075 
2.0 23.0528382 
2.0 7.8476664 
3.0 9.6945233 
3.0 9.05460045 
3.0 24.1554068 
3.0 21.97650735 
3.0 12.53508445 
3.0 9.15620615 
3.0 28.98818335 
3.0 12.4788811 
3.0 9.72205605 
3.0 32.10584195 
3.0 25.3949213 
3.0 28.86723 
3.0 9.4586933 
3.0 31.74477075 
3.0 30.27627085 
3.0 32.0410608 
3.0 22.8633993 
3.0 29.54356685 
3.0 32.4639364 
3.0 31.32972325 
3.0 26.3240705 
3.0 25.6788399 
4.0 12.01791535 
4.0 12.0939126 
4.0 10.0149826 
4.0 9.0748749 
4.0 29.7439681 
4.0 28.8316049 
4.0 13.2147379 
4.0 12.1634219 
4.0 10.44755355 
4.0 9.77126675 
4.0 32.43013515 
4.0 31.4359941 
4.0 25.08186205 
4.0 25.59281235 
4.0 28.0672553 
4.0 28.93721635 
4.0 8.82361445 
4.0 9.61144905 
4.0 31.39717525 
4.0 32.75847435 
4.0 30.80733355 
4.0 29.81560085 
4.0 31.50787955 
4.0 32.83315 
4.0 23.333142 
4.0 22.42172205 
4.0 29.83736 
4.0 29.42778685 
4.0 32.25888925 
4.0 32.13108815 
4.0 30.4718134 
4.0 31.3002053 
4.0 25.76627165 
4.0 27.0883718 
4.0 25.6671695 
4.0 25.0422571 
