# Position.Z vs. Particle Type (97 data points):
# "Particle Type" Position.Z
1.0 0.0 
1.0 0.0 
1.0 0.0 
1.0 0.0 
1.0 0.0 
1.0 0.0 
1.0 0.0 
1.0 0.0 
1.0 0.0 
1.0 2.2741768 
1.0 2.2741768 
1.0 2.2741768 
1.0 2.2741768 
1.0 2.2741768 
1.0 2.2741768 
1.0 2.2741768 
1.0 2.2741768 
1.0 2.2741768 
1.0 5.45826505 
1.0 4.4138612 
1.0 4.36619155 
1.0 4.85168565 
1.0 4.34261625 
1.0 4.3451835 
1.0 4.42114295 
1.0 4.32830195 
1.0 4.4648219 
1.0 7.93264325 
1.0 6.7219299 
1.0 6.7108405 
1.0 7.65108225 
1.0 6.45495025 
1.0 7.58116345 
1.0 6.8631941 
1.0 6.42425945 
1.0 6.74962575 
2.0 8.80779305 
2.0 16.4149867 
2.0 8.1106998 
3.0 9.95013355 
3.0 9.3156938 
3.0 16.4003693 
3.0 16.38469105 
3.0 11.85690975 
3.0 9.34315305 
3.0 9.44438915 
3.0 12.1661029 
3.0 10.8685843 
3.0 13.4245601 
3.0 21.21579285 
3.0 18.8639451 
3.0 13.5395225 
3.0 24.5410536 
3.0 19.62273845 
3.0 15.87328645 
3.0 21.16593745 
3.0 22.78732925 
3.0 24.26923065 
3.0 24.90151265 
3.0 21.18161395 
3.0 17.97129775 
4.0 11.4746233 
4.0 12.3336066 
4.0 9.8428785 
4.0 8.91566655 
4.0 10.25344005 
4.0 8.9301443 
4.0 11.98423205 
4.0 12.31710655 
4.0 10.36747705 
4.0 10.85510335 
4.0 14.13478395 
4.0 13.4796151 
4.0 21.1325051 
4.0 21.11795595 
4.0 18.10789015 
4.0 19.57907525 
4.0 13.1340748 
4.0 13.7673837 
4.0 23.6186559 
4.0 24.7306444 
4.0 18.68924645 
4.0 19.75652595 
4.0 16.49404715 
4.0 15.8581612 
4.0 20.783084 
4.0 22.10920005 
4.0 23.6500278 
4.0 23.0159363 
4.0 24.75234405 
4.0 24.75547795 
4.0 25.2696885 
4.0 24.5507143 
4.0 21.78489775 
4.0 20.66195845 
4.0 18.378535 
4.0 18.19251315 
