# Position.Z vs. Particle Type (97 data points):
# "Particle Type" Position.Z
1.0 0.0 
1.0 0.0 
1.0 0.0 
1.0 0.0 
1.0 0.0 
1.0 0.0 
1.0 0.0 
1.0 0.0 
1.0 0.0 
1.0 2.2741768 
1.0 2.2741768 
1.0 2.2741768 
1.0 2.2741768 
1.0 2.2741768 
1.0 2.2741768 
1.0 2.2741768 
1.0 2.2741768 
1.0 2.2741768 
1.0 5.08113515 
1.0 4.3805797 
1.0 4.30315445 
1.0 4.3033459 
1.0 4.328233 
1.0 4.29572115 
1.0 4.552254 
1.0 4.24826115 
1.0 4.45043165 
1.0 7.45451945 
1.0 6.4741516 
1.0 6.4708175 
1.0 7.28915565 
1.0 6.31950375 
1.0 7.25222855 
1.0 6.74775885 
1.0 6.40933965 
1.0 6.79763 
2.0 8.51251275 
2.0 17.40043165 
2.0 7.8378734 
3.0 9.71568045 
3.0 9.0323163 
3.0 16.28637255 
3.0 18.53545855 
3.0 11.72959375 
3.0 9.74522115 
3.0 21.9659475 
3.0 9.0410026 
3.0 11.85973565 
3.0 31.77778485 
3.0 21.30934785 
3.0 27.3779331 
3.0 10.0061822 
3.0 31.83842095 
3.0 28.205506 
3.0 25.4169293 
3.0 29.8754631 
3.0 32.76383985 
3.0 28.74843825 
3.0 29.7482073 
3.0 32.18388075 
3.0 27.55678975 
4.0 12.5211429 
4.0 11.29535645 
4.0 10.0146669 
4.0 9.28961915 
4.0 21.5625319 
4.0 21.2653511 
4.0 9.64194665 
4.0 8.62477735 
4.0 11.52207805 
4.0 11.78890195 
4.0 31.90908385 
4.0 30.80842625 
4.0 20.79875525 
4.0 22.14833565 
4.0 26.57335135 
4.0 28.17568985 
4.0 10.6062495 
4.0 9.6915287 
4.0 31.04926405 
4.0 32.6303936 
4.0 27.771835 
4.0 27.8867715 
4.0 25.7556474 
4.0 24.56599495 
4.0 30.1177583 
4.0 30.2998059 
4.0 32.7696733 
4.0 32.8015499 
4.0 29.2771325 
4.0 28.21178465 
4.0 29.76633765 
4.0 30.57978945 
4.0 31.34101705 
4.0 32.79893155 
4.0 27.98997005 
4.0 27.75979185 
