# Position.Z vs. Particle Type (97 data points):
# "Particle Type" Position.Z
1.0 0.0 
1.0 0.0 
1.0 0.0 
1.0 0.0 
1.0 0.0 
1.0 0.0 
1.0 0.0 
1.0 0.0 
1.0 0.0 
1.0 2.2741768 
1.0 2.2741768 
1.0 2.2741768 
1.0 2.2741768 
1.0 2.2741768 
1.0 2.2741768 
1.0 2.2741768 
1.0 2.2741768 
1.0 2.2741768 
1.0 5.3159519 
1.0 4.5586884 
1.0 4.32483695 
1.0 4.35991465 
1.0 4.5147697 
1.0 4.3613171 
1.0 4.54694695 
1.0 4.1754139 
1.0 4.59909275 
1.0 7.08796935 
1.0 6.39748165 
1.0 6.8861044 
1.0 7.4765481 
1.0 6.45305115 
1.0 7.55383545 
1.0 6.7085487 
1.0 6.59714825 
1.0 6.8167645 
2.0 8.572452 
2.0 25.8758906 
2.0 8.00171855 
3.0 9.76268475 
3.0 9.20674405 
3.0 25.02231025 
3.0 26.773411 
3.0 17.54225375 
3.0 9.48715495 
3.0 15.13159445 
3.0 13.6454983 
3.0 10.1195423 
3.0 28.8091153 
3.0 20.2170829 
3.0 26.3360251 
3.0 10.467926 
3.0 32.9332549 
3.0 28.60219565 
3.0 31.371928 
3.0 23.5980556 
3.0 31.99483665 
3.0 31.8126711 
3.0 30.56825555 
3.0 29.0677065 
3.0 22.74118945 
4.0 16.85481945 
4.0 17.98653815 
4.0 10.1425296 
4.0 9.86201335 
4.0 14.4567633 
4.0 15.13251215 
4.0 12.88864465 
4.0 13.94889405 
4.0 10.59811515 
4.0 9.5422236 
4.0 29.2139078 
4.0 28.7614089 
4.0 19.7387841 
4.0 19.47532895 
4.0 25.35772015 
4.0 26.7395436 
4.0 9.9751498 
4.0 10.05374195 
4.0 32.64338875 
4.0 32.46335715 
4.0 28.63853405 
4.0 27.84055925 
4.0 31.70836095 
4.0 32.16104605 
4.0 22.7653678 
4.0 24.09857485 
4.0 31.49481125 
4.0 32.5554999 
4.0 32.6797877 
4.0 31.29400575 
4.0 30.04531215 
4.0 30.08275795 
4.0 28.18562565 
4.0 29.38805905 
4.0 21.8704983 
4.0 22.8006499 
