# Position.Z vs. Particle Type (97 data points):
# "Particle Type" Position.Z
1.0 0.0 
1.0 0.0 
1.0 0.0 
1.0 0.0 
1.0 0.0 
1.0 0.0 
1.0 0.0 
1.0 0.0 
1.0 0.0 
1.0 2.2741768 
1.0 2.2741768 
1.0 2.2741768 
1.0 2.2741768 
1.0 2.2741768 
1.0 2.2741768 
1.0 2.2741768 
1.0 2.2741768 
1.0 2.2741768 
1.0 5.02881225 
1.0 5.1837982 
1.0 4.43561055 
1.0 4.55151795 
1.0 4.250183 
1.0 4.40730465 
1.0 4.50450105 
1.0 4.1980029 
1.0 4.20498225 
1.0 7.0405356 
1.0 6.62745965 
1.0 6.32744875 
1.0 7.5053006 
1.0 7.53181275 
1.0 6.81640155 
1.0 7.0003556 
1.0 6.39285115 
1.0 6.86410235 
2.0 8.26080955 
2.0 20.79697655 
2.0 8.15413585 
3.0 9.4657458 
3.0 9.34284155 
3.0 19.8975882 
3.0 21.7687323 
3.0 12.0110382 
3.0 9.5227615 
3.0 29.2270776 
3.0 9.6684266 
3.0 11.2265965 
3.0 31.8491502 
3.0 28.43032185 
3.0 27.082909 
3.0 11.06395745 
3.0 31.42325725 
3.0 24.0064951 
3.0 26.92631305 
3.0 31.9842306 
3.0 32.76739445 
3.0 26.6850864 
3.0 25.50621605 
3.0 31.8229793 
3.0 29.2478648 
4.0 12.11564445 
4.0 12.5156983 
4.0 9.84753175 
4.0 9.63579505 
4.0 29.0627232 
4.0 28.65344335 
4.0 9.89898805 
4.0 10.1887625 
4.0 10.421642 
4.0 11.6037901 
4.0 32.83820365 
4.0 31.7622039 
4.0 29.40823235 
4.0 28.18270595 
4.0 26.19325975 
4.0 27.46472995 
4.0 10.1342801 
4.0 11.0119457 
4.0 31.28255305 
4.0 31.944976 
4.0 23.66215565 
4.0 24.13081475 
4.0 27.03478995 
4.0 26.81848855 
4.0 31.14982465 
4.0 32.7440813 
4.0 32.213755 
4.0 32.37578015 
4.0 26.1498839 
4.0 27.4922725 
4.0 25.21670025 
4.0 26.25448525 
4.0 32.71066505 
4.0 31.89403875 
4.0 29.3552588 
4.0 29.40035455 
