# Position.Z vs. Particle Type (97 data points):
# "Particle Type" Position.Z
1.0 0.0 
1.0 0.0 
1.0 0.0 
1.0 0.0 
1.0 0.0 
1.0 0.0 
1.0 0.0 
1.0 0.0 
1.0 0.0 
1.0 2.2741768 
1.0 2.2741768 
1.0 2.2741768 
1.0 2.2741768 
1.0 2.2741768 
1.0 2.2741768 
1.0 2.2741768 
1.0 2.2741768 
1.0 2.2741768 
1.0 5.0478932 
1.0 4.3455349 
1.0 4.34593985 
1.0 4.2958874 
1.0 4.5643465 
1.0 4.2846454 
1.0 4.2800394 
1.0 4.6154199 
1.0 4.6221966 
1.0 7.3616123 
1.0 6.4808898 
1.0 6.49443585 
1.0 7.30356025 
1.0 6.4730813 
1.0 7.0308105 
1.0 7.13823075 
1.0 6.48442655 
1.0 6.63173595 
2.0 8.43045245 
2.0 15.52631885 
2.0 7.77575645 
3.0 9.62439695 
3.0 8.95926115 
3.0 14.46930625 
3.0 16.61764685 
3.0 13.96629045 
3.0 10.74190425 
3.0 9.4798802 
3.0 13.25566235 
3.0 11.4190055 
3.0 24.91785555 
3.0 28.6470156 
3.0 27.10255205 
3.0 10.9242868 
3.0 32.37639615 
3.0 31.8991561 
3.0 30.8068096 
3.0 26.9267775 
3.0 32.07344385 
3.0 31.992849 
3.0 30.0009171 
3.0 27.69143755 
3.0 27.6049158 
4.0 13.3796726 
4.0 13.8480293 
4.0 10.36554295 
4.0 10.719303 
4.0 10.1416595 
4.0 9.50388495 
4.0 13.41998805 
4.0 13.3873341 
4.0 11.059622 
4.0 11.1268577 
4.0 24.4681759 
4.0 25.12497295 
4.0 29.57440395 
4.0 28.1408316 
4.0 27.8238562 
4.0 26.4507733 
4.0 9.98197165 
4.0 11.53240165 
4.0 32.0480699 
4.0 32.09559885 
4.0 32.8648173 
4.0 31.76026 
4.0 29.9481252 
4.0 30.77088 
4.0 26.56559675 
4.0 26.92077115 
4.0 32.1019615 
4.0 32.004371 
4.0 32.8764625 
4.0 31.6521751 
4.0 29.3801382 
4.0 29.29406795 
4.0 27.3479857 
4.0 27.39223515 
4.0 27.6329403 
4.0 28.4989705 
