# Position.Z vs. Particle Type (97 data points):
# "Particle Type" Position.Z
1.0 0.0 
1.0 0.0 
1.0 0.0 
1.0 0.0 
1.0 0.0 
1.0 0.0 
1.0 0.0 
1.0 0.0 
1.0 0.0 
1.0 2.2741768 
1.0 2.2741768 
1.0 2.2741768 
1.0 2.2741768 
1.0 2.2741768 
1.0 2.2741768 
1.0 2.2741768 
1.0 2.2741768 
1.0 2.2741768 
1.0 4.6732553 
1.0 4.2927059 
1.0 4.4737434 
1.0 4.37323635 
1.0 4.5958584 
1.0 4.2838306 
1.0 4.24043655 
1.0 4.2782614 
1.0 5.0392818 
1.0 7.067858 
1.0 6.38101205 
1.0 7.4342625 
1.0 6.9712167 
1.0 6.58125055 
1.0 7.08194025 
1.0 6.5695525 
1.0 6.50213025 
1.0 6.96117835 
2.0 8.3327615 
2.0 16.0155506 
2.0 8.14829225 
3.0 9.53652 
3.0 9.32908235 
3.0 16.1945098 
3.0 15.81088985 
3.0 11.6340728 
3.0 8.8943316 
3.0 9.75976435 
3.0 10.21795775 
3.0 12.94572265 
3.0 13.01555325 
3.0 27.6852737 
3.0 30.04415715 
3.0 12.02947515 
3.0 30.04233085 
3.0 28.4832919 
3.0 13.73886115 
3.0 28.07218995 
3.0 31.90973765 
3.0 30.61020445 
3.0 31.95976875 
3.0 27.6772797 
3.0 32.1636203 
4.0 12.1377788 
4.0 11.4750559 
4.0 9.08277825 
4.0 9.6581352 
4.0 9.90048465 
4.0 9.78985875 
4.0 10.5649208 
4.0 9.57229105 
4.0 12.36955125 
4.0 12.2465553 
4.0 13.6631782 
4.0 12.25769125 
4.0 28.03341695 
4.0 27.54555825 
4.0 29.76804005 
4.0 30.87172795 
4.0 11.81517015 
4.0 12.4166161 
4.0 29.2156242 
4.0 30.33227925 
4.0 29.37892685 
4.0 28.4420206 
4.0 13.56437215 
4.0 13.62998385 
4.0 28.12878075 
4.0 28.23136015 
4.0 31.6459752 
4.0 32.15053625 
4.0 30.58195175 
4.0 30.59585585 
4.0 32.63265215 
4.0 31.5557627 
4.0 27.4914836 
4.0 26.84900155 
4.0 32.9647045 
4.0 31.71731955 
