# Position.Z vs. Particle Type (97 data points):
# "Particle Type" Position.Z
1.0 0.0 
1.0 0.0 
1.0 0.0 
1.0 0.0 
1.0 0.0 
1.0 0.0 
1.0 0.0 
1.0 0.0 
1.0 0.0 
1.0 2.2741768 
1.0 2.2741768 
1.0 2.2741768 
1.0 2.2741768 
1.0 2.2741768 
1.0 2.2741768 
1.0 2.2741768 
1.0 2.2741768 
1.0 2.2741768 
1.0 5.2603068 
1.0 4.4522443 
1.0 4.36117815 
1.0 4.3870694 
1.0 4.2351967 
1.0 4.29881935 
1.0 4.44533635 
1.0 4.325188 
1.0 4.7683076 
1.0 7.30730035 
1.0 6.71645275 
1.0 6.91220915 
1.0 7.53958485 
1.0 6.30253995 
1.0 7.3178007 
1.0 6.9183765 
1.0 6.58805315 
1.0 7.01176665 
2.0 8.66966765 
2.0 14.39449305 
2.0 8.1793936 
3.0 9.78357835 
3.0 9.4012765 
3.0 14.50248835 
3.0 14.17848075 
3.0 12.21568285 
3.0 11.89197205 
3.0 9.65637785 
3.0 8.989337 
3.0 16.950689 
3.0 28.1611631 
3.0 29.30277665 
3.0 27.7447331 
3.0 9.6106143 
3.0 32.1160812 
3.0 32.34303975 
3.0 15.22654105 
3.0 27.2959246 
3.0 32.51059175 
3.0 32.11010285 
3.0 27.15130145 
3.0 29.83409905 
3.0 32.3200283 
4.0 12.8319198 
4.0 12.7974336 
4.0 11.51634575 
4.0 11.7579427 
4.0 10.2957036 
4.0 10.0109107 
4.0 9.84854535 
4.0 8.88154575 
4.0 17.8767232 
4.0 16.4492867 
4.0 27.81521995 
4.0 28.2873661 
4.0 30.01467665 
4.0 29.73867575 
4.0 27.4723197 
4.0 28.2444841 
4.0 9.62537275 
4.0 9.15422165 
4.0 31.2188996 
4.0 32.71145465 
4.0 32.7504051 
4.0 32.88859175 
4.0 15.8958947 
4.0 15.69970255 
4.0 26.41785965 
4.0 27.7668209 
4.0 32.4984702 
4.0 32.57119985 
4.0 31.42048 
4.0 32.92051175 
4.0 27.91142235 
4.0 27.15935005 
4.0 29.34289855 
4.0 30.61267685 
4.0 32.23748675 
4.0 32.44231585 
