# Position.Z vs. Particle Type (97 data points):
# "Particle Type" Position.Z
1.0 0.0 
1.0 0.0 
1.0 0.0 
1.0 0.0 
1.0 0.0 
1.0 0.0 
1.0 0.0 
1.0 0.0 
1.0 0.0 
1.0 2.2741768 
1.0 2.2741768 
1.0 2.2741768 
1.0 2.2741768 
1.0 2.2741768 
1.0 2.2741768 
1.0 2.2741768 
1.0 2.2741768 
1.0 2.2741768 
1.0 5.04702555 
1.0 4.32470395 
1.0 4.37899595 
1.0 4.31424945 
1.0 4.50385425 
1.0 4.30019345 
1.0 4.4287348 
1.0 4.3725325 
1.0 4.4167361 
1.0 6.97172455 
1.0 6.34696125 
1.0 6.57788845 
1.0 7.4955209 
1.0 6.5077327 
1.0 7.0105945 
1.0 6.97586855 
1.0 6.4347038 
1.0 6.72437395 
2.0 8.1452497 
2.0 13.0882059 
2.0 8.001189 
3.0 9.36429865 
3.0 9.2272852 
3.0 14.04480245 
3.0 12.094299 
3.0 12.6836878 
3.0 9.2629173 
3.0 9.1946246 
3.0 15.05208985 
3.0 13.0185279 
3.0 24.53045315 
3.0 29.20012795 
3.0 27.86816515 
3.0 9.24605325 
3.0 32.52240425 
3.0 31.8767253 
3.0 32.50808365 
3.0 26.6573818 
3.0 32.1535942 
3.0 31.81643535 
3.0 29.8771809 
3.0 29.64444315 
3.0 29.2599384 
4.0 13.07420555 
4.0 11.82028085 
4.0 8.74851845 
4.0 9.3740864 
4.0 10.08368235 
4.0 9.2570086 
4.0 14.46586085 
4.0 14.7415569 
4.0 13.80260455 
4.0 12.4974549 
4.0 25.30422335 
4.0 23.7454238 
4.0 29.7290315 
4.0 28.76346165 
4.0 26.96114715 
4.0 28.4554354 
4.0 9.5710069 
4.0 8.4246554 
4.0 32.552331 
4.0 32.7369049 
4.0 32.75882155 
4.0 32.20604275 
4.0 31.5461545 
4.0 32.4076795 
4.0 26.86949825 
4.0 27.5344601 
4.0 32.9693546 
4.0 31.9430097 
4.0 32.49396675 
4.0 30.9594131 
4.0 29.0446814 
4.0 30.3121686 
4.0 29.11907355 
4.0 29.4583135 
4.0 29.28912735 
4.0 30.2202964 
