# Position.Z vs. Particle Type (97 data points):
# "Particle Type" Position.Z
1.0 0.0 
1.0 0.0 
1.0 0.0 
1.0 0.0 
1.0 0.0 
1.0 0.0 
1.0 0.0 
1.0 0.0 
1.0 0.0 
1.0 2.2741768 
1.0 2.2741768 
1.0 2.2741768 
1.0 2.2741768 
1.0 2.2741768 
1.0 2.2741768 
1.0 2.2741768 
1.0 2.2741768 
1.0 2.2741768 
1.0 5.11460355 
1.0 4.30713955 
1.0 4.49425165 
1.0 4.3501521 
1.0 4.4291996 
1.0 4.3221857 
1.0 4.2989331 
1.0 4.32113745 
1.0 4.6834445 
1.0 6.90478915 
1.0 6.354803 
1.0 6.5028201 
1.0 7.35965755 
1.0 6.71567995 
1.0 7.3211474 
1.0 6.7805906 
1.0 6.4302189 
1.0 7.11465335 
2.0 8.29101455 
2.0 16.543485 
2.0 8.1927363 
3.0 9.42381965 
3.0 9.3714124 
3.0 15.6105257 
3.0 17.50981015 
3.0 11.88356575 
3.0 10.39361295 
3.0 28.4831645 
3.0 9.06268125 
3.0 10.93012935 
3.0 32.27483735 
3.0 30.6880777 
3.0 25.73518885 
3.0 12.0919022 
3.0 32.2767445 
3.0 24.4544608 
3.0 24.7898063 
3.0 31.5887026 
3.0 32.05717585 
3.0 26.43964995 
3.0 28.37967825 
3.0 30.50101285 
3.0 28.7996268 
4.0 12.37146365 
4.0 10.94322845 
4.0 10.6104194 
4.0 9.4863307 
4.0 29.04630365 
4.0 28.72944935 
4.0 9.3921625 
4.0 9.84525255 
4.0 10.95651515 
4.0 11.04278175 
4.0 32.20580265 
4.0 31.9063017 
4.0 31.11058195 
4.0 31.23562015 
4.0 25.7254928 
4.0 25.4963247 
4.0 11.3334921 
4.0 11.84168615 
4.0 32.25157355 
4.0 31.97456185 
4.0 25.01975735 
4.0 23.6438706 
4.0 23.94777875 
4.0 25.22961035 
4.0 30.77392675 
4.0 32.2888559 
4.0 32.03465615 
4.0 33.03291775 
4.0 27.27538625 
4.0 25.904893 
4.0 28.25588955 
4.0 27.50757415 
4.0 31.1006822 
4.0 29.85532935 
4.0 28.2772322 
4.0 28.751282 
