# Position.Z vs. Particle Type (97 data points):
# "Particle Type" Position.Z
1.0 0.0 
1.0 0.0 
1.0 0.0 
1.0 0.0 
1.0 0.0 
1.0 0.0 
1.0 0.0 
1.0 0.0 
1.0 0.0 
1.0 2.2741768 
1.0 2.2741768 
1.0 2.2741768 
1.0 2.2741768 
1.0 2.2741768 
1.0 2.2741768 
1.0 2.2741768 
1.0 2.2741768 
1.0 2.2741768 
1.0 5.14378445 
1.0 4.32423775 
1.0 4.3353996 
1.0 4.1989752 
1.0 4.4048669 
1.0 4.2751387 
1.0 4.4980628 
1.0 4.28545005 
1.0 4.6563496 
1.0 6.8630191 
1.0 6.4676073 
1.0 6.62638165 
1.0 7.4574031 
1.0 6.49995815 
1.0 7.3360511 
1.0 6.6722012 
1.0 6.28078605 
1.0 6.69300625 
2.0 8.49628115 
2.0 23.8961709 
2.0 7.7833476 
3.0 9.6123552 
3.0 8.9595961 
3.0 24.59051175 
3.0 23.1989149 
3.0 13.79010535 
3.0 9.2619471 
3.0 29.63284205 
3.0 12.7887088 
3.0 10.0035264 
3.0 31.5896126 
3.0 25.22210635 
3.0 28.34408815 
3.0 10.2589662 
3.0 31.58574335 
3.0 30.6002249 
3.0 31.966795 
3.0 23.92941495 
3.0 30.13455375 
3.0 32.60080565 
3.0 32.0469401 
3.0 27.43072045 
3.0 26.82525475 
4.0 14.0727279 
4.0 13.09940765 
4.0 9.82512265 
4.0 9.8067865 
4.0 30.4564967 
4.0 29.0363647 
4.0 12.2767428 
4.0 13.14878425 
4.0 10.6791566 
4.0 9.8113967 
4.0 32.10371815 
4.0 30.89033255 
4.0 25.62461335 
4.0 25.7517008 
4.0 27.752032 
4.0 28.56458885 
4.0 9.72355125 
4.0 9.66697935 
4.0 31.0439388 
4.0 32.29019535 
4.0 30.28531485 
4.0 31.1553011 
4.0 32.1767019 
4.0 32.87840675 
4.0 24.1017364 
4.0 23.7541451 
4.0 31.0081646 
4.0 30.10009065 
4.0 32.2053151 
4.0 32.5758615 
4.0 31.11683785 
4.0 32.1896162 
4.0 26.79128795 
4.0 27.9854519 
4.0 27.54628975 
4.0 26.5252092 
