# Position.Z vs. Particle Type (97 data points):
# "Particle Type" Position.Z
1.0 0.0 
1.0 0.0 
1.0 0.0 
1.0 0.0 
1.0 0.0 
1.0 0.0 
1.0 0.0 
1.0 0.0 
1.0 0.0 
1.0 2.2741768 
1.0 2.2741768 
1.0 2.2741768 
1.0 2.2741768 
1.0 2.2741768 
1.0 2.2741768 
1.0 2.2741768 
1.0 2.2741768 
1.0 2.2741768 
1.0 5.3361084 
1.0 4.28311905 
1.0 4.523568 
1.0 4.31852225 
1.0 4.38611355 
1.0 4.3222669 
1.0 4.37684275 
1.0 4.30482675 
1.0 4.42396675 
1.0 7.10583405 
1.0 6.3434672 
1.0 6.5538396 
1.0 7.43966895 
1.0 6.50034455 
1.0 7.3290651 
1.0 6.77026315 
1.0 6.2786661 
1.0 6.8316906 
2.0 8.54047355 
2.0 18.86229625 
2.0 7.91677355 
3.0 9.71679905 
3.0 9.1277417 
3.0 18.3633142 
3.0 19.22677785 
3.0 13.6114762 
3.0 9.43427205 
3.0 9.26296525 
3.0 12.244246 
3.0 13.33587465 
3.0 25.8919808 
3.0 28.34442415 
3.0 25.8982948 
3.0 9.5270294 
3.0 32.0395264 
3.0 30.967482 
3.0 31.66037525 
3.0 25.04112415 
3.0 32.10885055 
3.0 31.8559598 
3.0 29.1681082 
3.0 29.4217308 
3.0 27.6857105 
4.0 13.5278696 
4.0 13.1427534 
4.0 10.063494 
4.0 9.6499592 
4.0 9.4994641 
4.0 9.38047915 
4.0 13.08226465 
4.0 12.02689845 
4.0 13.7099039 
4.0 12.3645816 
4.0 26.66744885 
4.0 26.26832005 
4.0 28.46747645 
4.0 29.14914835 
4.0 26.7641185 
4.0 25.2426139 
4.0 9.9915452 
4.0 8.6100637 
4.0 31.303202 
4.0 31.9619902 
4.0 30.24244965 
4.0 31.70080025 
4.0 30.85117455 
4.0 31.61819045 
4.0 24.7449818 
4.0 24.30313865 
4.0 32.27075635 
4.0 32.33893075 
4.0 31.69689775 
4.0 32.7715283 
4.0 29.49428125 
4.0 28.5731054 
4.0 29.66805205 
4.0 29.06662955 
4.0 26.9984386 
4.0 27.1242531 
