# Position.Z vs. Particle Type (97 data points):
# "Particle Type" Position.Z
1.0 0.0 
1.0 0.0 
1.0 0.0 
1.0 0.0 
1.0 0.0 
1.0 0.0 
1.0 0.0 
1.0 0.0 
1.0 0.0 
1.0 2.2741768 
1.0 2.2741768 
1.0 2.2741768 
1.0 2.2741768 
1.0 2.2741768 
1.0 2.2741768 
1.0 2.2741768 
1.0 2.2741768 
1.0 2.2741768 
1.0 5.3369897 
1.0 5.161429 
1.0 4.47795915 
1.0 4.36910355 
1.0 4.2745262 
1.0 4.35876105 
1.0 4.3747193 
1.0 4.42479555 
1.0 4.2898002 
1.0 6.94946735 
1.0 6.4166879 
1.0 6.5117269 
1.0 7.6105309 
1.0 7.4302732 
1.0 7.44447515 
1.0 6.55831435 
1.0 6.5463629 
1.0 6.9855793 
2.0 8.50582495 
2.0 23.2544746 
2.0 8.07197615 
3.0 9.6685771 
3.0 9.2628347 
3.0 23.2342593 
3.0 23.2352694 
3.0 10.80160235 
3.0 11.19674535 
3.0 30.8067991 
3.0 9.2141441 
3.0 9.8861014 
3.0 32.5408342 
3.0 29.47447335 
3.0 24.56226325 
3.0 12.02510015 
3.0 32.44403645 
3.0 25.14610665 
3.0 26.42763865 
3.0 32.1337688 
3.0 29.4418908 
3.0 28.0928571 
3.0 26.53555555 
3.0 31.96099095 
3.0 29.45270125 
4.0 11.52576145 
4.0 10.31238355 
4.0 11.63767465 
4.0 10.7419284 
4.0 31.02793295 
4.0 29.9798016 
4.0 9.839389 
4.0 9.76619735 
4.0 9.9403087 
4.0 8.87598915 
4.0 31.9996705 
4.0 31.90763135 
4.0 29.95737605 
4.0 28.651273 
4.0 23.61332085 
4.0 24.5105014 
4.0 12.56562685 
4.0 11.38578455 
4.0 32.4113671 
4.0 31.9790639 
4.0 24.30525545 
4.0 25.82176275 
4.0 26.1254427 
4.0 27.39612785 
4.0 33.14364655 
4.0 32.03607995 
4.0 29.2674522 
4.0 30.4214799 
4.0 28.96291335 
4.0 28.3550309 
4.0 26.48418115 
4.0 25.65346805 
4.0 32.91557255 
4.0 31.5420196 
4.0 29.2978259 
4.0 29.0539067 
