# Position.Z vs. Particle Type (97 data points):
# "Particle Type" Position.Z
1.0 0.0 
1.0 0.0 
1.0 0.0 
1.0 0.0 
1.0 0.0 
1.0 0.0 
1.0 0.0 
1.0 0.0 
1.0 0.0 
1.0 2.2741768 
1.0 2.2741768 
1.0 2.2741768 
1.0 2.2741768 
1.0 2.2741768 
1.0 2.2741768 
1.0 2.2741768 
1.0 2.2741768 
1.0 2.2741768 
1.0 4.9785701 
1.0 4.15800035 
1.0 4.3365455 
1.0 5.1332988 
1.0 4.4915997 
1.0 4.2210924 
1.0 4.410007 
1.0 4.330004 
1.0 4.49150905 
1.0 7.10479315 
1.0 6.73762915 
1.0 6.39393615 
1.0 7.8035251 
1.0 6.50551545 
1.0 7.0548163 
1.0 7.1637055 
1.0 6.48844105 
1.0 7.1763335 
2.0 8.4988421 
2.0 13.4071672 
2.0 8.02584545 
3.0 9.637572 
3.0 9.1788984 
3.0 13.01835815 
3.0 13.95792895 
3.0 12.75020565 
3.0 9.5275831 
3.0 10.34678085 
3.0 14.37013515 
3.0 14.21036645 
3.0 25.33677685 
3.0 30.40472085 
3.0 29.5020628 
3.0 9.8616469 
3.0 31.57756315 
3.0 32.6384338 
3.0 23.28232375 
3.0 28.04478145 
3.0 32.71149315 
3.0 32.13768355 
3.0 28.11857615 
3.0 29.12844935 
3.0 31.41718545 
4.0 12.01326385 
4.0 13.135248 
4.0 9.6618172 
4.0 9.0014806 
4.0 10.59642745 
4.0 10.90679345 
4.0 14.4133661 
4.0 13.42270685 
4.0 14.91977585 
4.0 14.50036245 
4.0 25.3310596 
4.0 24.4230637 
4.0 29.9213516 
4.0 30.73726075 
4.0 30.37079745 
4.0 28.9207415 
4.0 9.7159335 
4.0 9.74562295 
4.0 30.6805856 
4.0 32.128705 
4.0 32.15796885 
4.0 33.02733665 
4.0 22.5653043 
4.0 23.9648458 
4.0 28.8110438 
4.0 28.34436885 
4.0 32.33358975 
4.0 32.7515622 
4.0 32.70118635 
4.0 32.56891785 
4.0 27.24454635 
4.0 28.3594178 
4.0 28.1566369 
4.0 29.1855879 
4.0 32.2310317 
4.0 31.2803645 
