# Position.Z vs. Particle Type (97 data points):
# "Particle Type" Position.Z
1.0 0.0 
1.0 0.0 
1.0 0.0 
1.0 0.0 
1.0 0.0 
1.0 0.0 
1.0 0.0 
1.0 0.0 
1.0 0.0 
1.0 2.2741768 
1.0 2.2741768 
1.0 2.2741768 
1.0 2.2741768 
1.0 2.2741768 
1.0 2.2741768 
1.0 2.2741768 
1.0 2.2741768 
1.0 2.2741768 
1.0 4.9860839 
1.0 4.5430266 
1.0 4.4118879 
1.0 4.3486849 
1.0 4.36396695 
1.0 4.1910351 
1.0 4.3524607 
1.0 4.27968485 
1.0 4.7780033 
1.0 7.2344818 
1.0 6.5167781 
1.0 6.92537475 
1.0 7.0189595 
1.0 6.41441045 
1.0 7.48206725 
1.0 6.56677525 
1.0 6.47068065 
1.0 6.8365619 
2.0 8.33333725 
2.0 25.3742874 
2.0 7.8990289 
3.0 9.42670435 
3.0 9.11359365 
3.0 26.34524655 
3.0 24.4782811 
3.0 14.9989476 
3.0 9.5448724 
3.0 13.24658405 
3.0 14.0229215 
3.0 11.41366905 
3.0 28.81290405 
3.0 27.68470215 
3.0 26.96172745 
3.0 11.1150088 
3.0 32.0462499 
3.0 29.40308595 
3.0 32.2868224 
3.0 22.3936209 
3.0 32.31732455 
3.0 32.24693045 
3.0 29.6959537 
3.0 28.33092955 
3.0 26.2851218 
4.0 14.57010415 
4.0 14.9269211 
4.0 9.77242315 
4.0 10.30037085 
4.0 14.1732353 
4.0 12.74309575 
4.0 13.23153055 
4.0 13.8129908 
4.0 10.87066015 
4.0 12.33977535 
4.0 28.6058745 
4.0 29.0547047 
4.0 26.7904994 
4.0 28.296625 
4.0 26.60078715 
4.0 27.04241925 
4.0 11.05801655 
4.0 10.67615465 
4.0 31.2980234 
4.0 32.2110579 
4.0 28.77109375 
4.0 30.2504251 
4.0 32.56499925 
4.0 32.3829415 
4.0 21.65191105 
4.0 21.88837525 
4.0 31.59034515 
4.0 32.24564875 
4.0 31.85820435 
4.0 33.2300346 
4.0 29.71293185 
4.0 28.937412 
4.0 28.10020115 
4.0 29.15228925 
4.0 27.1667725 
4.0 25.7965064 
