# Position.Z vs. Particle Type (97 data points):
# "Particle Type" Position.Z
1.0 0.0 
1.0 0.0 
1.0 0.0 
1.0 0.0 
1.0 0.0 
1.0 0.0 
1.0 0.0 
1.0 0.0 
1.0 0.0 
1.0 2.2741768 
1.0 2.2741768 
1.0 2.2741768 
1.0 2.2741768 
1.0 2.2741768 
1.0 2.2741768 
1.0 2.2741768 
1.0 2.2741768 
1.0 2.2741768 
1.0 5.1939615 
1.0 4.41029435 
1.0 4.4024267 
1.0 4.4539243 
1.0 4.2837536 
1.0 4.19342525 
1.0 4.46530035 
1.0 4.4217474 
1.0 4.46356645 
1.0 6.9620838 
1.0 6.4204714 
1.0 6.6222282 
1.0 7.56739515 
1.0 6.32327045 
1.0 7.15399545 
1.0 6.7689076 
1.0 6.2799898 
1.0 6.8383791 
2.0 8.41003135 
2.0 18.9305102 
2.0 7.83636 
3.0 9.6023914 
3.0 9.08329485 
3.0 18.48499975 
3.0 19.3798983 
3.0 13.19819585 
3.0 9.56760035 
3.0 27.10139005 
3.0 11.25102335 
3.0 9.5120284 
3.0 31.8887905 
3.0 25.27211365 
3.0 27.76478285 
3.0 11.7572868 
3.0 31.1766483 
3.0 28.63757855 
3.0 30.91162305 
3.0 23.16572755 
3.0 29.5681827 
3.0 32.05263215 
3.0 32.71027865 
3.0 23.4175732 
3.0 27.744024 
4.0 13.5076543 
4.0 12.24583815 
4.0 10.09594775 
4.0 9.8438109 
4.0 26.50139415 
4.0 27.92330625 
4.0 12.1841986 
4.0 11.1419609 
4.0 9.3298506 
4.0 9.35257715 
4.0 31.6928388 
4.0 32.777332 
4.0 26.0885905 
4.0 24.95698415 
4.0 27.1711321 
4.0 28.65482235 
4.0 11.1660864 
4.0 12.38205325 
4.0 32.16876145 
4.0 31.20761 
4.0 28.5794705 
4.0 29.0376016 
4.0 30.00501875 
4.0 31.3506172 
4.0 23.0634306 
4.0 22.24555025 
4.0 30.3299507 
4.0 28.822941 
4.0 31.8665298 
4.0 32.957736 
4.0 32.15121 
4.0 32.1502545 
4.0 23.4720822 
4.0 23.4295026 
4.0 27.09660905 
4.0 28.58113055 
