# Position.Z vs. Particle Type (97 data points):
# "Particle Type" Position.Z
1.0 0.0 
1.0 0.0 
1.0 0.0 
1.0 0.0 
1.0 0.0 
1.0 0.0 
1.0 0.0 
1.0 0.0 
1.0 0.0 
1.0 2.2741768 
1.0 2.2741768 
1.0 2.2741768 
1.0 2.2741768 
1.0 2.2741768 
1.0 2.2741768 
1.0 2.2741768 
1.0 2.2741768 
1.0 2.2741768 
1.0 5.091219 
1.0 4.53048505 
1.0 4.2957831 
1.0 4.39469065 
1.0 4.37504235 
1.0 4.34213955 
1.0 4.25242615 
1.0 5.2929849 
1.0 4.57487485 
1.0 7.9057405 
1.0 7.1078847 
1.0 6.61507385 
1.0 7.11926635 
1.0 6.4604596 
1.0 7.72676345 
1.0 7.0854665 
1.0 6.5163455 
1.0 6.79227465 
2.0 8.47849695 
2.0 13.44129675 
2.0 7.8061186 
3.0 9.65827555 
3.0 8.8663694 
3.0 12.55851765 
3.0 14.2952901 
3.0 11.0664778 
3.0 9.68317245 
3.0 9.87146825 
3.0 11.33993665 
3.0 11.83646205 
3.0 13.40223535 
3.0 16.8841925 
3.0 17.0934918 
3.0 14.48508215 
3.0 17.62410405 
3.0 14.51894745 
3.0 14.08583155 
3.0 18.10230835 
3.0 19.33589315 
3.0 20.75031665 
3.0 21.0612528 
3.0 21.4248706 
3.0 19.5478248 
4.0 10.7106104 
4.0 10.41620545 
4.0 10.5926457 
4.0 9.78143495 
4.0 10.78891135 
4.0 9.32212505 
4.0 11.6108699 
4.0 10.37089305 
4.0 11.7736465 
4.0 12.7500954 
4.0 13.5556778 
4.0 12.4621182 
4.0 17.7339022 
4.0 16.36490975 
4.0 16.26488535 
4.0 17.04616235 
4.0 14.330351 
4.0 15.1485327 
4.0 18.06585445 
4.0 18.1817657 
4.0 15.0504438 
4.0 13.6354729 
4.0 14.5323346 
4.0 13.6710931 
4.0 17.45344965 
4.0 18.61586825 
4.0 20.018831 
4.0 19.7418907 
4.0 21.15644265 
4.0 20.28860155 
4.0 20.42292455 
4.0 21.5428668 
4.0 22.3074278 
4.0 20.8150355 
4.0 19.0042181 
4.0 18.88747175 
