# Position.Z vs. Particle Type (97 data points):
# "Particle Type" Position.Z
1.0 0.0 
1.0 0.0 
1.0 0.0 
1.0 0.0 
1.0 0.0 
1.0 0.0 
1.0 0.0 
1.0 0.0 
1.0 0.0 
1.0 2.2741768 
1.0 2.2741768 
1.0 2.2741768 
1.0 2.2741768 
1.0 2.2741768 
1.0 2.2741768 
1.0 2.2741768 
1.0 2.2741768 
1.0 2.2741768 
1.0 5.2135503 
1.0 4.41993965 
1.0 4.26048805 
1.0 4.35601075 
1.0 4.32947795 
1.0 4.31991 
1.0 4.62187005 
1.0 4.32246115 
1.0 4.27541065 
1.0 7.1601229 
1.0 6.39086945 
1.0 6.56727855 
1.0 7.64773905 
1.0 6.29405035 
1.0 7.36086505 
1.0 6.83509085 
1.0 6.29256565 
1.0 6.6441102 
2.0 8.5476944 
2.0 26.11359275 
2.0 7.85100715 
3.0 9.7157697 
3.0 9.0193362 
3.0 25.2947772 
3.0 26.9448242 
3.0 19.04185745 
3.0 9.49011035 
3.0 18.3155665 
3.0 11.9770742 
3.0 9.4443405 
3.0 30.75939125 
3.0 20.27324775 
3.0 27.27503415 
3.0 10.2238227 
3.0 32.44377815 
3.0 29.1777339 
3.0 31.28117475 
3.0 23.8080549 
3.0 31.8871378 
3.0 32.178832 
3.0 29.3835591 
3.0 28.356188 
3.0 21.74212075 
4.0 19.0992942 
4.0 18.1973267 
4.0 10.21729765 
4.0 9.5095077 
4.0 17.47311475 
4.0 18.39638675 
4.0 11.1084351 
4.0 12.5679134 
4.0 9.38362705 
4.0 9.35674705 
4.0 30.3303021 
4.0 30.11026655 
4.0 21.0713076 
4.0 20.58024325 
4.0 26.42569825 
4.0 27.8097288 
4.0 10.0553775 
4.0 10.9458209 
4.0 32.17391555 
4.0 32.02128965 
4.0 29.95028505 
4.0 29.58921805 
4.0 31.74907015 
4.0 31.3298832 
4.0 23.25484875 
4.0 23.60584415 
4.0 31.03526125 
4.0 32.59094965 
4.0 33.049366 
4.0 31.94260055 
4.0 28.8293096 
4.0 29.22845275 
4.0 27.9043093 
4.0 28.98719845 
4.0 20.7946746 
4.0 21.9601592 
