# Position.Z vs. Particle Type (97 data points):
# "Particle Type" Position.Z
1.0 0.0 
1.0 0.0 
1.0 0.0 
1.0 0.0 
1.0 0.0 
1.0 0.0 
1.0 0.0 
1.0 0.0 
1.0 0.0 
1.0 2.2741768 
1.0 2.2741768 
1.0 2.2741768 
1.0 2.2741768 
1.0 2.2741768 
1.0 2.2741768 
1.0 2.2741768 
1.0 2.2741768 
1.0 2.2741768 
1.0 4.45193105 
1.0 4.34708155 
1.0 4.97496475 
1.0 4.33568275 
1.0 4.3967266 
1.0 4.2273679 
1.0 4.4766701 
1.0 4.2498785 
1.0 5.01227265 
1.0 6.9709255 
1.0 6.28532765 
1.0 7.4481764 
1.0 6.8290432 
1.0 6.44844515 
1.0 7.22426915 
1.0 6.88635395 
1.0 6.5179618 
1.0 7.1393035 
2.0 8.2343387 
2.0 14.9348297 
2.0 8.33321125 
3.0 9.4324433 
3.0 9.53090705 
3.0 15.374436 
3.0 14.4367412 
3.0 17.81059735 
3.0 9.6841864 
3.0 9.8445683 
3.0 9.81552425 
3.0 11.30319785 
3.0 20.753096 
3.0 26.13898735 
3.0 23.11928395 
3.0 14.6643798 
3.0 31.93607585 
3.0 28.5061385 
3.0 12.17769875 
3.0 25.5031616 
3.0 32.8464143 
3.0 30.0370224 
3.0 31.8561936 
3.0 27.87445255 
3.0 31.3867078 
4.0 17.7397353 
4.0 16.9499204 
4.0 10.19985085 
4.0 9.9958859 
4.0 10.0011373 
4.0 10.069024 
4.0 8.8996411 
4.0 10.29137935 
4.0 10.92480585 
4.0 11.2920283 
4.0 19.9249694 
4.0 20.6198209 
4.0 26.71902135 
4.0 25.22242345 
4.0 22.447474 
4.0 23.7569192 
4.0 13.83481085 
4.0 15.0861739 
4.0 32.85346085 
4.0 31.51317785 
4.0 28.2128427 
4.0 29.4166474 
4.0 12.8398088 
4.0 11.54128255 
4.0 26.47378265 
4.0 25.1728743 
4.0 32.4546243 
4.0 32.57140355 
4.0 29.64113705 
4.0 29.7184153 
4.0 32.44394055 
4.0 32.2514913 
4.0 27.30412895 
4.0 27.3155029 
4.0 32.0570257 
4.0 30.6744067 
