# Position.Z vs. Particle Type (97 data points):
# "Particle Type" Position.Z
1.0 0.0 
1.0 0.0 
1.0 0.0 
1.0 0.0 
1.0 0.0 
1.0 0.0 
1.0 0.0 
1.0 0.0 
1.0 0.0 
1.0 2.2741768 
1.0 2.2741768 
1.0 2.2741768 
1.0 2.2741768 
1.0 2.2741768 
1.0 2.2741768 
1.0 2.2741768 
1.0 2.2741768 
1.0 2.2741768 
1.0 5.2820705 
1.0 4.193392 
1.0 4.33399715 
1.0 4.50235975 
1.0 4.3919505 
1.0 4.4365874 
1.0 4.3930418 
1.0 4.3309343 
1.0 4.45159995 
1.0 7.1785049 
1.0 6.5874263 
1.0 6.60612925 
1.0 7.1276121 
1.0 6.2901951 
1.0 7.31727955 
1.0 6.5550548 
1.0 6.3657545 
1.0 6.85050345 
2.0 8.4482545 
2.0 18.068659 
2.0 8.03212935 
3.0 9.65505695 
3.0 9.2194186 
3.0 18.37873065 
3.0 17.70948445 
3.0 10.81054765 
3.0 10.05723285 
3.0 28.1809927 
3.0 8.7503353 
3.0 11.77268715 
3.0 32.03743935 
3.0 29.84125865 
3.0 23.81875405 
3.0 12.07639265 
3.0 31.76607175 
3.0 23.49777535 
3.0 22.3053404 
3.0 32.1474433 
3.0 32.26028225 
3.0 22.04408115 
3.0 25.6076044 
3.0 29.81870535 
3.0 27.6873121 
4.0 10.21452845 
4.0 11.3645721 
4.0 9.4914778 
4.0 10.9572932 
4.0 28.70016695 
4.0 28.2928408 
4.0 9.3387637 
4.0 9.4032834 
4.0 12.39667555 
4.0 11.17380705 
4.0 31.90209085 
4.0 32.9396466 
4.0 30.2031345 
4.0 28.92810305 
4.0 23.3214975 
4.0 23.08704755 
4.0 11.48933415 
4.0 11.5813054 
4.0 32.4894668 
4.0 31.8840382 
4.0 23.25858675 
4.0 24.35495055 
4.0 21.8912519 
4.0 22.96885745 
4.0 32.3062642 
4.0 31.2456718 
4.0 32.2686308 
4.0 31.7132018 
4.0 22.213926 
4.0 21.88607715 
4.0 26.2093657 
4.0 25.0736213 
4.0 30.4985961 
4.0 29.83517635 
4.0 26.9571666 
4.0 28.43931475 
