# Position.Z vs. Particle Type (97 data points):
# "Particle Type" Position.Z
1.0 0.0 
1.0 0.0 
1.0 0.0 
1.0 0.0 
1.0 0.0 
1.0 0.0 
1.0 0.0 
1.0 0.0 
1.0 0.0 
1.0 2.2741768 
1.0 2.2741768 
1.0 2.2741768 
1.0 2.2741768 
1.0 2.2741768 
1.0 2.2741768 
1.0 2.2741768 
1.0 2.2741768 
1.0 2.2741768 
1.0 5.08503835 
1.0 4.32665275 
1.0 4.20096285 
1.0 4.2934017 
1.0 4.4006032 
1.0 4.50349305 
1.0 4.40384105 
1.0 4.35569995 
1.0 4.5650206 
1.0 7.12544175 
1.0 6.54355135 
1.0 6.70681865 
1.0 7.4371717 
1.0 6.35426925 
1.0 7.37518075 
1.0 6.91187525 
1.0 6.51390705 
1.0 6.60342655 
2.0 8.61008855 
2.0 25.406605 
2.0 7.94076045 
3.0 9.7786381 
3.0 9.10030695 
3.0 26.2340624 
3.0 24.64889315 
3.0 15.4534408 
3.0 9.31780255 
3.0 14.21359975 
3.0 13.94923915 
3.0 10.69507425 
3.0 29.3142591 
3.0 27.18982385 
3.0 26.82110025 
3.0 10.0761227 
3.0 31.97662055 
3.0 30.1972776 
3.0 31.94616845 
3.0 22.8020408 
3.0 31.919111 
3.0 31.6025885 
3.0 29.40689675 
3.0 29.25758535 
3.0 26.6559797 
4.0 15.2359151 
4.0 15.36140585 
4.0 9.66158725 
4.0 9.8378 
4.0 14.62769315 
4.0 13.4598121 
4.0 14.06266015 
4.0 13.20000815 
4.0 10.0664382 
4.0 10.14118385 
4.0 28.62108865 
4.0 29.4514465 
4.0 26.2531626 
4.0 27.08051955 
4.0 26.06919875 
4.0 27.50567295 
4.0 9.6384463 
4.0 10.3241292 
4.0 31.07633095 
4.0 32.1589324 
4.0 29.3150417 
4.0 30.7904093 
4.0 31.77766445 
4.0 32.3645756 
4.0 22.1492012 
4.0 23.202466 
4.0 32.7093018 
4.0 31.62288115 
4.0 31.09231125 
4.0 31.6430093 
4.0 29.1194652 
4.0 28.7009261 
4.0 28.71389675 
4.0 29.9120997 
4.0 27.5077019 
4.0 26.61392825 
