# Position.Z vs. Particle Type (97 data points):
# "Particle Type" Position.Z
1.0 0.0 
1.0 0.0 
1.0 0.0 
1.0 0.0 
1.0 0.0 
1.0 0.0 
1.0 0.0 
1.0 0.0 
1.0 0.0 
1.0 2.2741768 
1.0 2.2741768 
1.0 2.2741768 
1.0 2.2741768 
1.0 2.2741768 
1.0 2.2741768 
1.0 2.2741768 
1.0 2.2741768 
1.0 2.2741768 
1.0 4.5768541 
1.0 4.6042185 
1.0 4.21118355 
1.0 4.48422345 
1.0 4.23571855 
1.0 4.2319578 
1.0 4.46442185 
1.0 4.63758995 
1.0 4.42339625 
1.0 7.31383065 
1.0 7.15217545 
1.0 6.70333615 
1.0 7.2210278 
1.0 6.62495645 
1.0 6.85881945 
1.0 6.7923275 
1.0 6.53115085 
1.0 6.6119865 
2.0 8.48185695 
2.0 10.57441455 
2.0 7.852278 
3.0 9.6427051 
3.0 8.89216685 
3.0 9.53652105 
3.0 11.61539015 
3.0 9.9346464 
3.0 9.61981615 
3.0 9.7577214 
3.0 9.692466 
3.0 11.80837945 
3.0 11.3492323 
3.0 14.80264625 
3.0 14.6685161 
3.0 12.61614235 
3.0 15.3645191 
3.0 14.3582523 
3.0 13.8162122 
3.0 17.4328119 
3.0 18.7965533 
3.0 17.72977115 
3.0 18.2066899 
3.0 19.11083055 
3.0 16.4336676 
4.0 9.0685504 
4.0 9.8977221 
4.0 10.3790778 
4.0 9.6706722 
4.0 10.2249644 
4.0 9.8442281 
4.0 9.7886649 
4.0 8.775823 
4.0 10.903634 
4.0 12.34289945 
4.0 11.04217765 
4.0 11.9927731 
4.0 15.01201905 
4.0 15.6553411 
4.0 14.2260741 
4.0 14.1950858 
4.0 13.39333205 
4.0 11.88635595 
4.0 15.03940235 
4.0 16.2630244 
4.0 13.62076975 
4.0 14.48214285 
4.0 14.1190273 
4.0 12.87348265 
4.0 16.51398245 
4.0 17.67313065 
4.0 19.26498 
4.0 18.5337628 
4.0 17.66616915 
4.0 17.8922387 
4.0 18.3257879 
4.0 18.19244315 
4.0 19.74612885 
4.0 18.43681385 
4.0 16.515905 
4.0 16.02213655 
