# Position.Z vs. Particle Type (97 data points):
# "Particle Type" Position.Z
1.0 0.0 
1.0 0.0 
1.0 0.0 
1.0 0.0 
1.0 0.0 
1.0 0.0 
1.0 0.0 
1.0 0.0 
1.0 0.0 
1.0 2.2741768 
1.0 2.2741768 
1.0 2.2741768 
1.0 2.2741768 
1.0 2.2741768 
1.0 2.2741768 
1.0 2.2741768 
1.0 2.2741768 
1.0 2.2741768 
1.0 5.1159115 
1.0 4.31268495 
1.0 4.22311085 
1.0 4.39288465 
1.0 4.5078523 
1.0 4.51564085 
1.0 4.3844857 
1.0 4.2839188 
1.0 4.741562 
1.0 7.45034325 
1.0 6.44884205 
1.0 6.3454265 
1.0 7.46344095 
1.0 6.37679315 
1.0 7.148526 
1.0 6.95350775 
1.0 6.5364859 
1.0 6.9172901 
2.0 8.4248073 
2.0 21.92421455 
2.0 8.38329625 
3.0 9.6453301 
3.0 9.45362145 
3.0 22.60343995 
3.0 21.22678985 
3.0 11.8144964 
3.0 9.2935794 
3.0 24.12950435 
3.0 9.8178899 
3.0 11.7947725 
3.0 31.631901 
3.0 26.10071625 
3.0 25.10849075 
3.0 9.70350605 
3.0 31.58741005 
3.0 28.2530346 
3.0 26.35871035 
3.0 31.59077005 
3.0 32.46134675 
3.0 29.85813635 
3.0 28.90515565 
3.0 32.68090525 
3.0 28.6532736 
4.0 11.5374287 
4.0 12.66684335 
4.0 10.14821185 
4.0 9.46492505 
4.0 24.4073942 
4.0 24.33426065 
4.0 10.0502402 
4.0 9.8346206 
4.0 11.4816548 
4.0 11.6787944 
4.0 32.60611725 
4.0 31.2212824 
4.0 25.46236595 
4.0 26.88304045 
4.0 24.8606582 
4.0 25.293646 
4.0 9.39110865 
4.0 8.9867834 
4.0 31.18846255 
4.0 31.65555785 
4.0 27.8040553 
4.0 27.51550515 
4.0 26.54880865 
4.0 26.60973105 
4.0 32.38995305 
4.0 30.8810733 
4.0 32.57863035 
4.0 32.7308506 
4.0 29.54347865 
4.0 29.2009753 
4.0 29.47731395 
4.0 28.88164125 
4.0 32.29388295 
4.0 32.39598565 
4.0 29.01608885 
4.0 28.85042545 
