# Position.Z vs. Particle Type (97 data points):
# "Particle Type" Position.Z
1.0 0.0 
1.0 0.0 
1.0 0.0 
1.0 0.0 
1.0 0.0 
1.0 0.0 
1.0 0.0 
1.0 0.0 
1.0 0.0 
1.0 2.2741768 
1.0 2.2741768 
1.0 2.2741768 
1.0 2.2741768 
1.0 2.2741768 
1.0 2.2741768 
1.0 2.2741768 
1.0 2.2741768 
1.0 2.2741768 
1.0 5.2596558 
1.0 4.51097045 
1.0 4.409062 
1.0 4.5991064 
1.0 4.2937104 
1.0 4.3277423 
1.0 4.30115735 
1.0 4.3384796 
1.0 4.35119125 
1.0 7.13280995 
1.0 6.47666495 
1.0 6.42206005 
1.0 7.53240215 
1.0 6.4678537 
1.0 7.4115699 
1.0 6.90059615 
1.0 6.446391 
1.0 6.71880475 
2.0 8.4519106 
2.0 24.747597 
2.0 7.7714707 
3.0 9.6702466 
3.0 8.9313714 
3.0 25.80913895 
3.0 23.6484437 
3.0 12.48239545 
3.0 9.16005475 
3.0 12.40069145 
3.0 14.6246303 
3.0 10.2196808 
3.0 28.91044415 
3.0 25.69236425 
3.0 28.33720155 
3.0 11.2784917 
3.0 31.8333939 
3.0 29.0618293 
3.0 31.316607 
3.0 22.20390725 
3.0 32.0798954 
3.0 32.43364985 
3.0 29.8816203 
3.0 29.01838555 
3.0 25.6374839 
4.0 13.2506283 
4.0 11.8526415 
4.0 9.43213425 
4.0 9.7852461 
4.0 12.21748605 
4.0 11.66981515 
4.0 14.174167 
4.0 15.43151995 
4.0 10.39594115 
4.0 10.9692968 
4.0 29.289071 
4.0 29.06003135 
4.0 26.191914 
4.0 25.48237965 
4.0 28.9400328 
4.0 28.50908655 
4.0 11.61847435 
4.0 11.0588121 
4.0 31.3359529 
4.0 32.7564986 
4.0 28.34663895 
4.0 29.524131 
4.0 32.1748581 
4.0 31.4110706 
4.0 22.8985827 
4.0 22.5224538 
4.0 31.87987075 
4.0 32.02620645 
4.0 31.5658196 
4.0 32.68034035 
4.0 29.1467533 
4.0 29.49610055 
4.0 28.214452 
4.0 29.74006665 
4.0 26.4877137 
4.0 24.95532235 
