# Position.Z vs. Particle Type (97 data points):
# "Particle Type" Position.Z
1.0 0.0 
1.0 0.0 
1.0 0.0 
1.0 0.0 
1.0 0.0 
1.0 0.0 
1.0 0.0 
1.0 0.0 
1.0 0.0 
1.0 2.2741768 
1.0 2.2741768 
1.0 2.2741768 
1.0 2.2741768 
1.0 2.2741768 
1.0 2.2741768 
1.0 2.2741768 
1.0 2.2741768 
1.0 2.2741768 
1.0 5.1576154 
1.0 4.20143605 
1.0 4.5509387 
1.0 4.51433185 
1.0 4.31042185 
1.0 4.10562215 
1.0 4.359061 
1.0 4.38273535 
1.0 4.6597712 
1.0 7.5751053 
1.0 6.6465217 
1.0 6.69799935 
1.0 7.33440155 
1.0 6.4064938 
1.0 7.2958123 
1.0 6.69456515 
1.0 6.43759725 
1.0 6.76165735 
2.0 8.64871385 
2.0 14.90264755 
2.0 7.8333682 
3.0 9.8344491 
3.0 9.01039825 
3.0 13.72251615 
3.0 16.0765255 
3.0 16.87435015 
3.0 11.69539875 
3.0 9.89275665 
3.0 9.35090415 
3.0 12.7422715 
3.0 27.0890445 
3.0 27.4819818 
3.0 25.8255949 
3.0 13.31199065 
3.0 32.8085653 
3.0 29.04557355 
3.0 13.65041335 
3.0 27.36111875 
3.0 31.9271561 
3.0 31.65783075 
3.0 29.4163758 
3.0 29.23039315 
3.0 32.138365 
4.0 16.9022133 
4.0 17.5967652 
4.0 11.22106265 
4.0 10.9555243 
4.0 9.46094415 
4.0 10.69033525 
4.0 9.8618618 
4.0 9.1130543 
4.0 13.0319959 
4.0 11.89782755 
4.0 26.8886779 
4.0 27.14575675 
4.0 28.2390955 
4.0 27.97107915 
4.0 25.1402256 
4.0 26.44077345 
4.0 13.5791698 
4.0 14.0534597 
4.0 32.5060491 
4.0 32.32194595 
4.0 28.35304745 
4.0 29.850002 
4.0 13.23260225 
4.0 12.9562685 
4.0 27.78386555 
4.0 27.296423 
4.0 31.17910425 
4.0 32.6115713 
4.0 32.1361936 
4.0 32.31361805 
4.0 28.9998548 
4.0 29.7251234 
4.0 28.51078895 
4.0 30.07183445 
4.0 31.28558825 
4.0 32.7681613 
