# Position.Z vs. Particle Type (97 data points):
# "Particle Type" Position.Z
1.0 0.0 
1.0 0.0 
1.0 0.0 
1.0 0.0 
1.0 0.0 
1.0 0.0 
1.0 0.0 
1.0 0.0 
1.0 0.0 
1.0 2.2741768 
1.0 2.2741768 
1.0 2.2741768 
1.0 2.2741768 
1.0 2.2741768 
1.0 2.2741768 
1.0 2.2741768 
1.0 2.2741768 
1.0 2.2741768 
1.0 5.25337085 
1.0 4.5093244 
1.0 4.3442742 
1.0 4.3225329 
1.0 4.463998 
1.0 4.2706125 
1.0 4.40242285 
1.0 4.26828395 
1.0 4.386473 
1.0 7.52046295 
1.0 6.34770115 
1.0 6.67465715 
1.0 7.41444165 
1.0 6.46502955 
1.0 7.23777985 
1.0 6.8379591 
1.0 6.3239771 
1.0 6.8452944 
2.0 8.46415815 
2.0 13.64528585 
2.0 7.97965035 
3.0 9.6601491 
3.0 9.18249465 
3.0 12.6528857 
3.0 14.68948635 
3.0 12.54970185 
3.0 9.7189883 
3.0 23.10306075 
3.0 10.2820291 
3.0 10.11274845 
3.0 31.7830716 
3.0 24.16053535 
3.0 28.0451983 
3.0 9.4260166 
3.0 32.31899475 
3.0 28.7604835 
3.0 27.8773068 
3.0 26.3106046 
3.0 32.58515785 
3.0 30.99939745 
3.0 31.83844055 
3.0 29.333374 
3.0 29.1650233 
4.0 12.4655741 
4.0 12.98127775 
4.0 10.22976955 
4.0 9.6985749 
4.0 23.75724015 
4.0 22.6397906 
4.0 10.55628 
4.0 9.5658507 
4.0 9.55661455 
4.0 9.8734097 
4.0 32.6482205 
4.0 31.2348302 
4.0 23.72874875 
4.0 24.16058435 
4.0 27.97555705 
4.0 28.46394215 
4.0 9.86440665 
4.0 9.4019163 
4.0 32.62179795 
4.0 31.95963925 
4.0 27.9095677 
4.0 28.883932 
4.0 28.41287575 
4.0 27.01072675 
4.0 25.5142895 
4.0 26.84464125 
4.0 32.78354415 
4.0 32.6430321 
4.0 30.5941748 
4.0 30.2393147 
4.0 32.39800165 
4.0 32.16857385 
4.0 29.3248186 
4.0 28.5490289 
4.0 29.4496447 
4.0 29.8763094 
