# Position.Z vs. Particle Type (97 data points):
# "Particle Type" Position.Z
1.0 0.0 
1.0 0.0 
1.0 0.0 
1.0 0.0 
1.0 0.0 
1.0 0.0 
1.0 0.0 
1.0 0.0 
1.0 0.0 
1.0 2.2741768 
1.0 2.2741768 
1.0 2.2741768 
1.0 2.2741768 
1.0 2.2741768 
1.0 2.2741768 
1.0 2.2741768 
1.0 2.2741768 
1.0 2.2741768 
1.0 5.33751925 
1.0 4.65809855 
1.0 4.327029 
1.0 4.33785835 
1.0 4.3566642 
1.0 4.47948725 
1.0 4.3111117 
1.0 4.34403165 
1.0 4.583075 
1.0 7.0165781 
1.0 6.4373351 
1.0 6.78366395 
1.0 7.5484885 
1.0 6.59380645 
1.0 7.55537615 
1.0 6.8590963 
1.0 6.61969105 
1.0 6.96168515 
2.0 8.388856 
2.0 26.1154733 
2.0 7.93084355 
3.0 9.47519195 
3.0 9.1493591 
3.0 25.0444845 
3.0 27.1381292 
3.0 18.5121342 
3.0 9.88336825 
3.0 16.7598473 
3.0 13.03735335 
3.0 9.1791784 
3.0 29.81889295 
3.0 20.372891 
3.0 26.6388647 
3.0 10.96223555 
3.0 32.43335025 
3.0 28.68040315 
3.0 30.9109612 
3.0 23.7036275 
3.0 32.54678245 
3.0 31.80347345 
3.0 30.03195125 
3.0 28.77901985 
3.0 22.14913365 
4.0 18.1092961 
4.0 18.38105745 
4.0 10.050341 
4.0 10.41077625 
4.0 16.74966265 
4.0 16.33427145 
4.0 12.22484445 
4.0 12.8861411 
4.0 8.9147877 
4.0 9.54196635 
4.0 29.71213455 
4.0 29.4099876 
4.0 19.8469992 
4.0 19.97663535 
4.0 26.1556953 
4.0 25.8915181 
4.0 10.40580415 
4.0 11.4205903 
4.0 32.3621543 
4.0 31.7187465 
4.0 29.13785805 
4.0 29.2816188 
4.0 31.62358395 
4.0 31.48577775 
4.0 23.4091739 
4.0 23.34159905 
4.0 31.8013605 
4.0 32.3378895 
4.0 32.5375603 
4.0 32.08829015 
4.0 29.2958918 
4.0 29.96247485 
4.0 27.91253815 
4.0 29.4651952 
4.0 21.789033 
4.0 21.4386998 
