# Position.Z vs. Particle Type (97 data points):
# "Particle Type" Position.Z
1.0 0.0 
1.0 0.0 
1.0 0.0 
1.0 0.0 
1.0 0.0 
1.0 0.0 
1.0 0.0 
1.0 0.0 
1.0 0.0 
1.0 2.2741768 
1.0 2.2741768 
1.0 2.2741768 
1.0 2.2741768 
1.0 2.2741768 
1.0 2.2741768 
1.0 2.2741768 
1.0 2.2741768 
1.0 2.2741768 
1.0 5.1192582 
1.0 4.418757 
1.0 4.41194775 
1.0 4.9061285 
1.0 4.2471331 
1.0 4.50286795 
1.0 4.3526714 
1.0 4.3957851 
1.0 4.386718 
1.0 7.3262896 
1.0 6.5194801 
1.0 6.47561145 
1.0 7.3395812 
1.0 6.15257965 
1.0 7.1885128 
1.0 7.07142695 
1.0 6.4966706 
1.0 7.00289695 
2.0 8.3608602 
2.0 23.08485865 
2.0 8.21735005 
3.0 9.5016278 
3.0 9.3880374 
3.0 23.9203524 
3.0 22.2489792 
3.0 11.94043235 
3.0 9.61689645 
3.0 26.622995 
3.0 9.57077485 
3.0 11.7502427 
3.0 31.8652257 
3.0 26.2338426 
3.0 26.7565746 
3.0 9.94042595 
3.0 32.27025165 
3.0 29.58370905 
3.0 27.3824579 
3.0 32.23069535 
3.0 32.41684495 
3.0 30.5044817 
3.0 30.22114235 
3.0 32.27775845 
3.0 29.13441615 
4.0 11.9009086 
4.0 12.8268644 
4.0 10.22910665 
4.0 9.8119056 
4.0 26.85047785 
4.0 26.75607305 
4.0 10.165799 
4.0 9.36711475 
4.0 11.45332825 
4.0 11.74429585 
4.0 31.92284235 
4.0 32.55402465 
4.0 25.56841175 
4.0 25.6111212 
4.0 27.64757135 
4.0 26.453833 
4.0 9.4142503 
4.0 10.45465995 
4.0 32.6008851 
4.0 32.85075745 
4.0 30.12365195 
4.0 30.1204078 
4.0 26.94722275 
4.0 27.64456695 
4.0 32.975929 
4.0 31.8289111 
4.0 31.7635003 
4.0 32.37082415 
4.0 30.7697481 
4.0 29.65680165 
4.0 29.34325555 
4.0 30.36350345 
4.0 32.06110495 
4.0 32.2774172 
4.0 29.50655155 
4.0 28.79409015 
