# Position.Z vs. Particle Type (97 data points):
# "Particle Type" Position.Z
1.0 0.0 
1.0 0.0 
1.0 0.0 
1.0 0.0 
1.0 0.0 
1.0 0.0 
1.0 0.0 
1.0 0.0 
1.0 0.0 
1.0 2.2741768 
1.0 2.2741768 
1.0 2.2741768 
1.0 2.2741768 
1.0 2.2741768 
1.0 2.2741768 
1.0 2.2741768 
1.0 2.2741768 
1.0 2.2741768 
1.0 5.2214561 
1.0 4.30683015 
1.0 4.34706335 
1.0 4.5562391 
1.0 4.3790761 
1.0 4.3601285 
1.0 4.3925917 
1.0 4.22209795 
1.0 4.3205911 
1.0 7.3587654 
1.0 6.48883515 
1.0 6.55034415 
1.0 7.3341457 
1.0 6.277558 
1.0 6.8785983 
1.0 6.5467094 
1.0 6.47159555 
1.0 6.7455283 
2.0 8.3272385 
2.0 16.27703245 
2.0 7.9199498 
3.0 9.40570855 
3.0 9.10403165 
3.0 15.11830635 
3.0 17.4375418 
3.0 13.94043245 
3.0 9.78206495 
3.0 9.52804335 
3.0 13.27860345 
3.0 11.2603876 
3.0 24.94809275 
3.0 29.09051075 
3.0 27.1065193 
3.0 10.27401165 
3.0 32.6679101 
3.0 32.2825069 
3.0 30.4765265 
3.0 25.9868098 
3.0 31.72254785 
3.0 31.9103862 
3.0 29.9212102 
3.0 27.71284145 
3.0 27.45030785 
4.0 13.42165125 
4.0 13.455589 
4.0 9.08673325 
4.0 9.59321195 
4.0 10.03419865 
4.0 9.61068885 
4.0 13.56617045 
4.0 14.09347555 
4.0 10.88328675 
4.0 10.60532795 
4.0 24.653916 
4.0 25.5380587 
4.0 29.88494775 
4.0 28.29946455 
4.0 28.04627805 
4.0 26.72932885 
4.0 11.20895825 
4.0 10.0911916 
4.0 32.26634005 
4.0 32.28583575 
4.0 32.925844 
4.0 31.4787823 
4.0 29.5769306 
4.0 30.5789008 
4.0 26.8136617 
4.0 25.54663055 
4.0 31.95015705 
4.0 32.62565145 
4.0 32.3460214 
4.0 32.54437095 
4.0 30.48881465 
4.0 29.8533095 
4.0 27.26833025 
4.0 27.3475426 
4.0 26.9089366 
4.0 28.35708855 
