# Position.Z vs. Particle Type (97 data points):
# "Particle Type" Position.Z
1.0 0.0 
1.0 0.0 
1.0 0.0 
1.0 0.0 
1.0 0.0 
1.0 0.0 
1.0 0.0 
1.0 0.0 
1.0 0.0 
1.0 2.2741768 
1.0 2.2741768 
1.0 2.2741768 
1.0 2.2741768 
1.0 2.2741768 
1.0 2.2741768 
1.0 2.2741768 
1.0 2.2741768 
1.0 2.2741768 
1.0 5.05082025 
1.0 4.4323146 
1.0 4.45801685 
1.0 4.74192985 
1.0 4.29109415 
1.0 4.36554265 
1.0 4.2819042 
1.0 4.38609255 
1.0 4.30912825 
1.0 7.17491215 
1.0 6.3506198 
1.0 6.14091485 
1.0 7.3625678 
1.0 6.7937779 
1.0 7.30332225 
1.0 6.56156445 
1.0 6.4269933 
1.0 7.0212506 
2.0 8.4758618 
2.0 24.9666431 
2.0 8.21437575 
3.0 9.69427935 
3.0 9.37334125 
3.0 25.26640025 
3.0 24.63034945 
3.0 11.7544413 
3.0 9.91776485 
3.0 29.18175085 
3.0 9.154236 
3.0 12.3107831 
3.0 30.9954925 
3.0 26.7254323 
3.0 25.2281337 
3.0 10.92049875 
3.0 32.4886611 
3.0 26.92173645 
3.0 28.73111325 
3.0 32.2311591 
3.0 32.5639706 
3.0 29.5964431 
3.0 29.5126671 
3.0 32.04743815 
3.0 28.9347975 
4.0 11.51769465 
4.0 11.33121465 
4.0 9.9327746 
4.0 9.9348802 
4.0 28.4477004 
4.0 29.0213392 
4.0 9.7362797 
4.0 9.4237304 
4.0 12.82449455 
4.0 12.3784451 
4.0 31.1077417 
4.0 31.70861575 
4.0 26.6141127 
4.0 26.6188468 
4.0 25.7286211 
4.0 24.6125887 
4.0 10.60908835 
4.0 11.5397863 
4.0 31.92606655 
4.0 32.1682494 
4.0 27.45704885 
4.0 27.4680063 
4.0 28.4209268 
4.0 28.41340565 
4.0 33.2286941 
4.0 31.83400045 
4.0 32.3098902 
4.0 32.63539895 
4.0 29.6758434 
4.0 29.27329405 
4.0 29.4175518 
4.0 30.3229185 
4.0 33.0014825 
4.0 31.6647114 
4.0 29.84939755 
4.0 28.5400927 
