# Position.Z vs. Particle Type (97 data points):
# "Particle Type" Position.Z
1.0 0.0 
1.0 0.0 
1.0 0.0 
1.0 0.0 
1.0 0.0 
1.0 0.0 
1.0 0.0 
1.0 0.0 
1.0 0.0 
1.0 2.2741768 
1.0 2.2741768 
1.0 2.2741768 
1.0 2.2741768 
1.0 2.2741768 
1.0 2.2741768 
1.0 2.2741768 
1.0 2.2741768 
1.0 2.2741768 
1.0 5.09440435 
1.0 4.419282 
1.0 4.3200269 
1.0 4.32160645 
1.0 4.52579295 
1.0 4.38457845 
1.0 4.41305795 
1.0 4.3462118 
1.0 4.4649493 
1.0 7.3176747 
1.0 6.50599495 
1.0 6.41918025 
1.0 7.06293035 
1.0 6.5799363 
1.0 7.21576345 
1.0 6.5729461 
1.0 6.4351581 
1.0 7.061782 
2.0 8.24945765 
2.0 24.9690245 
2.0 8.02441185 
3.0 9.3888921 
3.0 9.22056345 
3.0 24.58889755 
3.0 25.36054395 
3.0 12.52868785 
3.0 9.72718005 
3.0 29.14212385 
3.0 9.04291045 
3.0 11.92107315 
3.0 31.164644 
3.0 27.7435256 
3.0 24.4184668 
3.0 10.2901477 
3.0 31.83144475 
3.0 25.53337815 
3.0 28.94958255 
3.0 32.3717324 
3.0 32.64127055 
3.0 29.6649857 
3.0 28.28373905 
3.0 31.6285963 
3.0 29.8506796 
4.0 12.46959455 
4.0 11.6012883 
4.0 10.3492004 
4.0 10.03734935 
4.0 28.3363815 
4.0 29.09905635 
4.0 9.5205355 
4.0 8.90684795 
4.0 12.20157225 
4.0 10.916857 
4.0 31.5273448 
4.0 31.83625305 
4.0 27.8319916 
4.0 27.1511821 
4.0 24.52300935 
4.0 23.6025559 
4.0 10.23323735 
4.0 10.0143687 
4.0 31.07957195 
4.0 32.2143066 
4.0 25.2629202 
4.0 26.4997705 
4.0 29.90604855 
4.0 28.96462765 
4.0 32.84622145 
4.0 32.05396915 
4.0 32.23316145 
4.0 32.4390115 
4.0 29.3999062 
4.0 29.1363723 
4.0 28.0386183 
4.0 29.22387335 
4.0 32.45134025 
4.0 30.8831705 
4.0 30.08949615 
4.0 28.90891815 
