# Position.Z vs. Particle Type (97 data points):
# "Particle Type" Position.Z
1.0 0.0 
1.0 0.0 
1.0 0.0 
1.0 0.0 
1.0 0.0 
1.0 0.0 
1.0 0.0 
1.0 0.0 
1.0 0.0 
1.0 2.2741768 
1.0 2.2741768 
1.0 2.2741768 
1.0 2.2741768 
1.0 2.2741768 
1.0 2.2741768 
1.0 2.2741768 
1.0 2.2741768 
1.0 2.2741768 
1.0 5.01272065 
1.0 4.292855 
1.0 4.29603405 
1.0 4.92491545 
1.0 4.46697055 
1.0 4.3038093 
1.0 4.3339198 
1.0 4.328366 
1.0 4.4074275 
1.0 7.23070145 
1.0 6.46668575 
1.0 6.8138574 
1.0 7.7343833 
1.0 6.3234682 
1.0 6.8195792 
1.0 6.90785165 
1.0 6.55853485 
1.0 6.53001895 
2.0 8.5365553 
2.0 14.191065 
2.0 7.92712375 
3.0 9.64884305 
3.0 9.1544292 
3.0 14.1992928 
3.0 13.94909705 
3.0 12.51144195 
3.0 10.07651505 
3.0 9.80477645 
3.0 14.139167 
3.0 13.10494325 
3.0 26.40534715 
3.0 30.14843195 
3.0 29.1344263 
3.0 9.5954684 
3.0 31.8152394 
3.0 32.21477595 
3.0 24.54477095 
3.0 28.18645655 
3.0 32.05016815 
3.0 32.1689529 
3.0 28.29297695 
3.0 29.18979455 
3.0 31.89950505 
4.0 12.26714825 
4.0 12.8053835 
4.0 10.5612108 
4.0 9.29496365 
4.0 9.98847955 
4.0 10.06091205 
4.0 13.96217445 
4.0 13.2652723 
4.0 13.28455975 
4.0 13.940388 
4.0 27.32836995 
4.0 26.0371811 
4.0 29.6125935 
4.0 30.4293808 
4.0 29.9442864 
4.0 28.90336785 
4.0 9.72600475 
4.0 9.8233471 
4.0 31.95381315 
4.0 32.69669725 
4.0 31.72889545 
4.0 31.67759945 
4.0 25.1429745 
4.0 24.14763365 
4.0 28.9402596 
4.0 28.1022329 
4.0 32.2810796 
4.0 32.0573274 
4.0 33.06834055 
4.0 31.79971865 
4.0 28.5061196 
4.0 27.95328865 
4.0 28.89948285 
4.0 28.9476824 
4.0 31.769843 
4.0 32.8648831 
