# Position.Z vs. Particle Type (97 data points):
# "Particle Type" Position.Z
1.0 0.0 
1.0 0.0 
1.0 0.0 
1.0 0.0 
1.0 0.0 
1.0 0.0 
1.0 0.0 
1.0 0.0 
1.0 0.0 
1.0 2.2741768 
1.0 2.2741768 
1.0 2.2741768 
1.0 2.2741768 
1.0 2.2741768 
1.0 2.2741768 
1.0 2.2741768 
1.0 2.2741768 
1.0 2.2741768 
1.0 5.20705395 
1.0 4.31090485 
1.0 4.15508275 
1.0 4.58905475 
1.0 4.41479885 
1.0 4.50865345 
1.0 4.377877 
1.0 4.33666835 
1.0 4.41594265 
1.0 7.33750605 
1.0 6.35128585 
1.0 6.4405677 
1.0 7.40300015 
1.0 6.37226835 
1.0 7.1078959 
1.0 6.88759155 
1.0 6.6310293 
1.0 6.7075337 
2.0 8.3759662 
2.0 13.41835915 
2.0 7.62455155 
3.0 9.53757245 
3.0 8.82955115 
3.0 13.08350925 
3.0 13.6200925 
3.0 12.33975785 
3.0 9.39608985 
3.0 9.86808235 
3.0 12.26454005 
3.0 15.6911608 
3.0 24.3710642 
3.0 29.5848889 
3.0 28.48918205 
3.0 10.07466635 
3.0 31.91286315 
3.0 31.22571095 
3.0 20.8124875 
3.0 28.7354655 
3.0 32.67227005 
3.0 32.4554069 
3.0 26.73750765 
3.0 27.6966529 
3.0 32.024951 
4.0 12.12384285 
4.0 12.3170124 
4.0 9.7652338 
4.0 9.5044033 
4.0 9.35275985 
4.0 10.0856945 
4.0 11.7909526 
4.0 13.23011445 
4.0 15.85321115 
4.0 14.8529493 
4.0 24.04322445 
4.0 23.88854685 
4.0 29.4582981 
4.0 28.9800784 
4.0 28.23790515 
4.0 28.0901341 
4.0 10.0736412 
4.0 9.1292243 
4.0 31.07905955 
4.0 32.63860495 
4.0 31.71698635 
4.0 31.6906177 
4.0 20.71046915 
4.0 20.16187705 
4.0 29.67246625 
4.0 28.7565873 
4.0 32.3266531 
4.0 32.42443295 
4.0 32.3048348 
4.0 32.38972905 
4.0 26.34856385 
4.0 27.4383473 
4.0 26.77167815 
4.0 27.5498174 
4.0 31.46027465 
4.0 33.02841325 
