# Position.Z vs. Particle Type (97 data points):
# "Particle Type" Position.Z
1.0 0.0 
1.0 0.0 
1.0 0.0 
1.0 0.0 
1.0 0.0 
1.0 0.0 
1.0 0.0 
1.0 0.0 
1.0 0.0 
1.0 2.2741768 
1.0 2.2741768 
1.0 2.2741768 
1.0 2.2741768 
1.0 2.2741768 
1.0 2.2741768 
1.0 2.2741768 
1.0 2.2741768 
1.0 2.2741768 
1.0 4.36609775 
1.0 4.23468815 
1.0 4.44610565 
1.0 4.49821365 
1.0 4.1834639 
1.0 4.420584 
1.0 4.39405085 
1.0 4.5455025 
1.0 4.96831965 
1.0 6.7818737 
1.0 6.4907402 
1.0 7.36707265 
1.0 7.129381 
1.0 6.25297995 
1.0 6.77739475 
1.0 6.69742465 
1.0 6.6149195 
1.0 7.302225 
2.0 8.06684655 
2.0 15.65615905 
2.0 8.3477044 
3.0 9.27766595 
3.0 9.5122881 
3.0 14.92109465 
3.0 16.3570666 
3.0 14.9979907 
3.0 10.1028508 
3.0 9.0555563 
3.0 10.82411855 
3.0 13.2174679 
3.0 17.1624047 
3.0 27.1522818 
3.0 25.3223908 
3.0 11.82576885 
3.0 31.59575125 
3.0 28.56193655 
3.0 13.84212025 
3.0 26.0468873 
3.0 32.23611685 
3.0 28.71703485 
3.0 32.14221185 
3.0 26.485193 
3.0 31.52767485 
4.0 14.31718715 
4.0 14.57255625 
4.0 10.6264732 
4.0 9.8410697 
4.0 9.26936115 
4.0 9.79280015 
4.0 10.1544296 
4.0 10.83929945 
4.0 13.16285215 
4.0 12.272659 
4.0 17.94179695 
4.0 16.3953293 
4.0 26.5976277 
4.0 28.02111375 
4.0 25.66306855 
4.0 26.11629335 
4.0 12.27512895 
4.0 12.5546848 
4.0 32.07220555 
4.0 31.2441913 
4.0 27.77336065 
4.0 28.6560316 
4.0 14.38463915 
4.0 13.97491165 
4.0 25.3549422 
4.0 25.93198475 
4.0 31.33328835 
4.0 32.10243085 
4.0 29.6259005 
4.0 28.24135545 
4.0 32.8981212 
4.0 32.04217415 
4.0 26.14131695 
4.0 27.0763395 
4.0 32.2797174 
4.0 31.55883325 
