# Position.Z vs. Particle Type (97 data points):
# "Particle Type" Position.Z
1.0 0.0 
1.0 0.0 
1.0 0.0 
1.0 0.0 
1.0 0.0 
1.0 0.0 
1.0 0.0 
1.0 0.0 
1.0 0.0 
1.0 2.2741768 
1.0 2.2741768 
1.0 2.2741768 
1.0 2.2741768 
1.0 2.2741768 
1.0 2.2741768 
1.0 2.2741768 
1.0 2.2741768 
1.0 2.2741768 
1.0 5.2377003 
1.0 4.3847853 
1.0 4.2080647 
1.0 4.4272158 
1.0 4.24765775 
1.0 4.30681755 
1.0 4.49175405 
1.0 4.41463785 
1.0 4.47048525 
1.0 7.1607914 
1.0 6.3967771 
1.0 6.56267255 
1.0 7.2690541 
1.0 6.26574725 
1.0 7.62897555 
1.0 6.6609473 
1.0 6.42303655 
1.0 6.6522232 
2.0 8.4624155 
2.0 25.31334225 
2.0 7.7378287 
3.0 9.6794894 
3.0 8.9155542 
3.0 25.29776515 
3.0 25.3418277 
3.0 15.29145975 
3.0 9.55798655 
3.0 28.6314847 
3.0 12.15500125 
3.0 9.3086833 
3.0 32.50000215 
3.0 25.7715738 
3.0 29.64717 
3.0 9.75792265 
3.0 31.9888513 
3.0 30.4103961 
3.0 32.79350235 
3.0 25.57288475 
3.0 32.21949185 
3.0 31.7541833 
3.0 31.40663925 
3.0 28.17353735 
3.0 28.0326872 
4.0 14.7985054 
4.0 14.7050883 
4.0 10.2330417 
4.0 9.71369595 
4.0 29.399223 
4.0 28.7902174 
4.0 12.401088 
4.0 11.2225337 
4.0 9.17418075 
4.0 9.50284265 
4.0 32.4780526 
4.0 32.12349245 
4.0 25.0622967 
4.0 26.401557 
4.0 29.08254965 
4.0 30.12137275 
4.0 8.91784775 
4.0 10.01716485 
4.0 31.5603981 
4.0 32.9143472 
4.0 29.8275229 
4.0 31.21775125 
4.0 32.64315565 
4.0 32.71826495 
4.0 25.8409067 
4.0 24.73852255 
4.0 33.17340635 
4.0 31.94343775 
4.0 32.04101355 
4.0 31.56235075 
4.0 30.57951085 
4.0 30.96267825 
4.0 27.38977745 
4.0 28.59365355 
4.0 27.82689945 
4.0 27.6042249 
