# Position.Z vs. Particle Type (97 data points):
# "Particle Type" Position.Z
1.0 0.0 
1.0 0.0 
1.0 0.0 
1.0 0.0 
1.0 0.0 
1.0 0.0 
1.0 0.0 
1.0 0.0 
1.0 0.0 
1.0 2.2741768 
1.0 2.2741768 
1.0 2.2741768 
1.0 2.2741768 
1.0 2.2741768 
1.0 2.2741768 
1.0 2.2741768 
1.0 2.2741768 
1.0 2.2741768 
1.0 5.15107075 
1.0 4.57874095 
1.0 4.3711024 
1.0 4.3418606 
1.0 4.3267343 
1.0 4.31659305 
1.0 4.25150635 
1.0 4.4097823 
1.0 4.3499267 
1.0 7.023114 
1.0 6.19671255 
1.0 6.7251849 
1.0 7.26222805 
1.0 6.52419775 
1.0 7.5220579 
1.0 6.62732735 
1.0 6.341643 
1.0 6.79953785 
2.0 8.3942908 
2.0 20.6552444 
2.0 7.8492687 
3.0 9.5903199 
3.0 9.03750225 
3.0 20.8880343 
3.0 20.49717425 
3.0 11.5918187 
3.0 9.51445705 
3.0 10.7347737 
3.0 12.27197475 
3.0 13.60914135 
3.0 27.2961059 
3.0 29.8627826 
3.0 25.42841385 
3.0 10.66400195 
3.0 32.74587225 
3.0 30.07402615 
3.0 31.91571775 
3.0 26.0234737 
3.0 32.1978909 
3.0 31.8554992 
3.0 29.1991672 
3.0 31.59226875 
3.0 28.205282 
4.0 12.34733395 
4.0 11.365928 
4.0 10.19441115 
4.0 9.68892995 
4.0 10.43666925 
4.0 9.8698411 
4.0 12.3327197 
4.0 12.44190955 
4.0 12.96405985 
4.0 13.17247155 
4.0 26.9845009 
4.0 28.18690455 
4.0 30.5515441 
4.0 30.2640058 
4.0 25.71779385 
4.0 24.69382055 
4.0 11.0109314 
4.0 9.7117139 
4.0 32.56499925 
4.0 32.51811745 
4.0 29.1540851 
4.0 30.4694985 
4.0 31.4472676 
4.0 32.605195 
4.0 26.95203945 
4.0 25.6580226 
4.0 32.1181896 
4.0 32.5061324 
4.0 31.41852875 
4.0 32.5103366 
4.0 28.65819565 
4.0 29.124641 
4.0 30.71813325 
4.0 31.7336355 
4.0 27.4156092 
4.0 27.78312495 
