# Position.Z vs. Particle Type (97 data points):
# "Particle Type" Position.Z
1.0 0.0 
1.0 0.0 
1.0 0.0 
1.0 0.0 
1.0 0.0 
1.0 0.0 
1.0 0.0 
1.0 0.0 
1.0 0.0 
1.0 2.2741768 
1.0 2.2741768 
1.0 2.2741768 
1.0 2.2741768 
1.0 2.2741768 
1.0 2.2741768 
1.0 2.2741768 
1.0 2.2741768 
1.0 2.2741768 
1.0 5.0885667 
1.0 4.36564065 
1.0 4.2263578 
1.0 4.3994013 
1.0 4.7583599 
1.0 4.3927464 
1.0 4.30306975 
1.0 4.132681 
1.0 4.64734375 
1.0 7.17304945 
1.0 6.4980244 
1.0 6.89101735 
1.0 7.06445215 
1.0 6.68799915 
1.0 7.11954495 
1.0 7.1549394 
1.0 6.4882545 
1.0 6.66727705 
2.0 8.3495083 
2.0 14.5968893 
2.0 8.07901605 
3.0 9.5611971 
3.0 9.2515843 
3.0 14.39716145 
3.0 14.6208181 
3.0 14.48959225 
3.0 12.105751 
3.0 9.1706174 
3.0 9.42588395 
3.0 14.4478663 
3.0 27.2825224 
3.0 27.87114365 
3.0 26.53898485 
3.0 11.6036396 
3.0 32.1663139 
3.0 29.71336165 
3.0 13.42833135 
3.0 26.8524256 
3.0 32.39264595 
3.0 32.0481378 
3.0 29.35796605 
3.0 30.0512114 
3.0 32.2365715 
4.0 14.45346805 
4.0 15.24742205 
4.0 12.6259875 
4.0 11.33982675 
4.0 9.64893825 
4.0 9.06374805 
4.0 10.17315985 
4.0 9.06994305 
4.0 14.04415985 
4.0 14.29606605 
4.0 27.2690292 
4.0 26.9332721 
4.0 28.4111037 
4.0 28.05473335 
4.0 25.62272265 
4.0 26.96320795 
4.0 12.4019994 
4.0 11.1425538 
4.0 32.7853141 
4.0 32.15294565 
4.0 30.14247635 
4.0 30.3090123 
4.0 13.0688334 
4.0 12.76499455 
4.0 26.5440497 
4.0 26.75398705 
4.0 32.4138066 
4.0 31.433682 
4.0 31.93072645 
4.0 32.2740124 
4.0 30.13440955 
4.0 28.54278 
4.0 29.46478955 
4.0 29.75587195 
4.0 31.57334565 
4.0 33.057094 
