# Position.Z vs. Particle Type (97 data points):
# "Particle Type" Position.Z
1.0 0.0 
1.0 0.0 
1.0 0.0 
1.0 0.0 
1.0 0.0 
1.0 0.0 
1.0 0.0 
1.0 0.0 
1.0 0.0 
1.0 2.2741768 
1.0 2.2741768 
1.0 2.2741768 
1.0 2.2741768 
1.0 2.2741768 
1.0 2.2741768 
1.0 2.2741768 
1.0 2.2741768 
1.0 2.2741768 
1.0 4.94944765 
1.0 4.2282968 
1.0 4.439456 
1.0 4.3211539 
1.0 4.33767145 
1.0 4.554872 
1.0 4.3151073 
1.0 4.3005018 
1.0 4.65999205 
1.0 7.1433586 
1.0 6.66444065 
1.0 7.14507045 
1.0 7.00854945 
1.0 6.35237015 
1.0 6.90157335 
1.0 6.52192275 
1.0 6.35334245 
1.0 6.7556188 
2.0 8.1334757 
2.0 15.0344201 
2.0 7.8723309 
3.0 9.36292385 
3.0 9.06274775 
3.0 15.87728555 
3.0 14.3186505 
3.0 17.4579664 
3.0 10.8762955 
3.0 9.3393566 
3.0 9.63924395 
3.0 12.9453856 
3.0 24.42824965 
3.0 29.5572977 
3.0 26.422606 
3.0 15.03558665 
3.0 30.94622755 
3.0 29.5388401 
3.0 12.39310555 
3.0 28.7721784 
3.0 32.1480334 
3.0 32.12847785 
3.0 29.9297159 
3.0 29.4610239 
3.0 31.98593125 
4.0 17.3545764 
4.0 17.20223085 
4.0 10.39797815 
4.0 10.85672525 
4.0 10.1629815 
4.0 9.4033492 
4.0 10.00258105 
4.0 8.8680452 
4.0 12.29961215 
4.0 12.66138265 
4.0 24.35153175 
4.0 23.94967785 
4.0 29.4916335 
4.0 29.0389183 
4.0 25.62466585 
4.0 26.50411435 
4.0 14.66194625 
4.0 15.9506473 
4.0 30.81625085 
4.0 30.575643 
4.0 29.37702285 
4.0 30.4666887 
4.0 12.66235425 
4.0 12.4399737 
4.0 29.3378834 
4.0 28.0674751 
4.0 31.94384795 
4.0 31.41572735 
4.0 32.0340293 
4.0 32.85251795 
4.0 30.3890496 
4.0 29.4354886 
4.0 28.876799 
4.0 29.7224382 
4.0 31.20973065 
4.0 32.8413253 
