# Position.Z vs. Particle Type (97 data points):
# "Particle Type" Position.Z
1.0 0.0 
1.0 0.0 
1.0 0.0 
1.0 0.0 
1.0 0.0 
1.0 0.0 
1.0 0.0 
1.0 0.0 
1.0 0.0 
1.0 2.2741768 
1.0 2.2741768 
1.0 2.2741768 
1.0 2.2741768 
1.0 2.2741768 
1.0 2.2741768 
1.0 2.2741768 
1.0 2.2741768 
1.0 2.2741768 
1.0 5.18563745 
1.0 4.4377858 
1.0 4.53159315 
1.0 4.7865265 
1.0 4.3412985 
1.0 4.33465725 
1.0 4.48235305 
1.0 4.28582035 
1.0 4.3476041 
1.0 7.34760425 
1.0 6.55107985 
1.0 6.73875335 
1.0 7.63950355 
1.0 6.53980355 
1.0 6.9264832 
1.0 6.884808 
1.0 6.3317583 
1.0 6.9900047 
2.0 8.462013 
2.0 13.60794925 
2.0 8.18110265 
3.0 9.6521453 
3.0 9.40567845 
3.0 13.137068 
3.0 13.94767605 
3.0 12.21570035 
3.0 9.3158485 
3.0 9.3120692 
3.0 13.4388807 
3.0 14.71565235 
3.0 24.89345355 
3.0 30.078223 
3.0 28.8782872 
3.0 9.5071228 
3.0 31.78523075 
3.0 32.05556935 
3.0 21.5843355 
3.0 29.47692965 
3.0 32.22986095 
3.0 32.7170564 
3.0 26.9478902 
3.0 27.9193523 
3.0 31.6546041 
4.0 11.8635167 
4.0 11.4861677 
4.0 9.57486075 
4.0 9.62400565 
4.0 9.30900145 
4.0 9.65457885 
4.0 13.4038765 
4.0 14.2063495 
4.0 13.78330905 
4.0 14.6244343 
4.0 24.74058335 
4.0 24.06507565 
4.0 30.58874245 
4.0 29.1867408 
4.0 28.88064165 
4.0 29.5003233 
4.0 9.8262465 
4.0 8.5611162 
4.0 30.99053405 
4.0 32.4872072 
4.0 32.87237065 
4.0 32.1481027 
4.0 21.14229215 
4.0 21.0938133 
4.0 30.11690255 
4.0 29.9352963 
4.0 32.4995489 
4.0 32.32555795 
4.0 32.3650425 
4.0 32.331957 
4.0 27.3134561 
4.0 27.12500525 
4.0 27.2427127 
4.0 27.7078697 
4.0 31.50852495 
4.0 30.8648137 
