# Position.Z vs. Particle Type (97 data points):
# "Particle Type" Position.Z
1.0 0.0 
1.0 0.0 
1.0 0.0 
1.0 0.0 
1.0 0.0 
1.0 0.0 
1.0 0.0 
1.0 0.0 
1.0 0.0 
1.0 2.2741768 
1.0 2.2741768 
1.0 2.2741768 
1.0 2.2741768 
1.0 2.2741768 
1.0 2.2741768 
1.0 2.2741768 
1.0 2.2741768 
1.0 2.2741768 
1.0 5.10469925 
1.0 4.3574762 
1.0 4.4266936 
1.0 4.2907571 
1.0 4.2923951 
1.0 4.1494103 
1.0 4.52396245 
1.0 4.51682175 
1.0 4.6548061 
1.0 7.2647099 
1.0 6.58998795 
1.0 6.8512829 
1.0 7.12830265 
1.0 6.2046285 
1.0 7.5057374 
1.0 6.79861105 
1.0 6.47159765 
1.0 6.5791628 
2.0 8.4125118 
2.0 25.491032 
2.0 7.84502635 
3.0 9.6474126 
3.0 9.0477688 
3.0 25.5118549 
3.0 25.60210275 
3.0 16.6405547 
3.0 9.5554242 
3.0 13.4813315 
3.0 13.80491525 
3.0 9.5786369 
3.0 28.2750601 
3.0 20.3006069 
3.0 26.4025776 
3.0 9.6979442 
3.0 31.7843988 
3.0 28.8289456 
3.0 32.5635989 
3.0 23.501135 
3.0 32.25278105 
3.0 31.93141455 
3.0 31.5043106 
3.0 29.07896285 
3.0 23.502332 
4.0 16.4427333 
4.0 15.77354065 
4.0 9.85904255 
4.0 9.7975458 
4.0 12.92168885 
4.0 13.02407155 
4.0 14.39855585 
4.0 14.085533 
4.0 9.65717095 
4.0 9.4444196 
4.0 28.6507256 
4.0 28.6252841 
4.0 20.477135 
4.0 19.5510539 
4.0 26.02475505 
4.0 25.8004908 
4.0 9.9627612 
4.0 8.899611 
4.0 32.3605345 
4.0 31.6117417 
4.0 29.0103037 
4.0 27.83675825 
4.0 32.4232944 
4.0 31.8296251 
4.0 23.6260479 
4.0 22.62181985 
4.0 32.1675529 
4.0 32.63811425 
4.0 32.7010334 
4.0 31.9762744 
4.0 30.9882132 
4.0 30.78164635 
4.0 28.773206 
4.0 29.56962785 
4.0 24.0768255 
4.0 22.86082085 
