# Position.Z vs. Particle Type (97 data points):
# "Particle Type" Position.Z
1.0 0.0 
1.0 0.0 
1.0 0.0 
1.0 0.0 
1.0 0.0 
1.0 0.0 
1.0 0.0 
1.0 0.0 
1.0 0.0 
1.0 2.2741768 
1.0 2.2741768 
1.0 2.2741768 
1.0 2.2741768 
1.0 2.2741768 
1.0 2.2741768 
1.0 2.2741768 
1.0 2.2741768 
1.0 2.2741768 
1.0 5.0734166 
1.0 4.2955696 
1.0 4.6429159 
1.0 4.367755 
1.0 4.2983654 
1.0 4.4341136 
1.0 4.3500758 
1.0 4.36380455 
1.0 4.37196305 
1.0 7.06036345 
1.0 6.33976105 
1.0 6.70642385 
1.0 7.267596 
1.0 6.378918 
1.0 7.0203007 
1.0 6.53362955 
1.0 6.3414351 
1.0 6.6388812 
2.0 8.315853 
2.0 13.1574562 
2.0 7.97476925 
3.0 9.4827145 
3.0 9.19175495 
3.0 13.90695355 
3.0 12.4395929 
3.0 12.6364294 
3.0 9.3314613 
3.0 9.49851875 
3.0 11.89943685 
3.0 14.31378095 
3.0 28.12725195 
3.0 29.36274425 
3.0 26.31315365 
3.0 10.1158897 
3.0 31.07638975 
3.0 32.20013825 
3.0 24.0070971 
3.0 28.12910625 
3.0 32.19347705 
3.0 31.79231755 
3.0 28.5628434 
3.0 26.34265935 
3.0 32.6220741 
4.0 11.8380752 
4.0 13.07397245 
4.0 9.84888485 
4.0 9.0113912 
4.0 9.8735196 
4.0 9.22944855 
4.0 11.15008965 
4.0 11.70089935 
4.0 13.81126915 
4.0 14.37488885 
4.0 27.5561139 
4.0 28.6210533 
4.0 30.29669685 
4.0 29.3034175 
4.0 26.51224415 
4.0 25.36568195 
4.0 9.4829427 
4.0 11.0175632 
4.0 30.3296112 
4.0 31.8586562 
4.0 31.86725885 
4.0 32.48799365 
4.0 24.4617205 
4.0 24.4151957 
4.0 27.2965609 
4.0 28.03768835 
4.0 33.15742185 
4.0 32.02935925 
4.0 30.9904434 
4.0 32.471411 
4.0 28.44087995 
4.0 29.01246005 
4.0 27.06780895 
4.0 26.72396195 
4.0 32.363023 
4.0 31.99315035 
