# Position.Z vs. Particle Type (97 data points):
# "Particle Type" Position.Z
1.0 0.0 
1.0 0.0 
1.0 0.0 
1.0 0.0 
1.0 0.0 
1.0 0.0 
1.0 0.0 
1.0 0.0 
1.0 0.0 
1.0 2.2741768 
1.0 2.2741768 
1.0 2.2741768 
1.0 2.2741768 
1.0 2.2741768 
1.0 2.2741768 
1.0 2.2741768 
1.0 2.2741768 
1.0 2.2741768 
1.0 5.1302062 
1.0 4.38696125 
1.0 4.3210559 
1.0 4.5045749 
1.0 4.51902535 
1.0 4.2343322 
1.0 4.46579805 
1.0 4.196213 
1.0 4.399472 
1.0 7.24059595 
1.0 6.35852735 
1.0 6.3269451 
1.0 7.28939995 
1.0 6.59892345 
1.0 7.02690065 
1.0 6.73484105 
1.0 6.3806435 
1.0 6.7321037 
2.0 8.4325234 
2.0 15.4669445 
2.0 7.9559963 
3.0 9.62452015 
3.0 9.1275254 
3.0 16.39908725 
3.0 14.480361 
3.0 12.1894332 
3.0 9.5196857 
3.0 29.19514955 
3.0 9.39885905 
3.0 10.8295068 
3.0 32.7543216 
3.0 31.8461024 
3.0 24.80724225 
3.0 11.31177775 
3.0 31.63036905 
3.0 25.1357106 
3.0 25.34253365 
3.0 32.3778952 
3.0 32.062492 
3.0 22.64877825 
3.0 27.45145865 
3.0 29.78958465 
3.0 29.2916463 
4.0 12.1502822 
4.0 11.8279763 
4.0 10.19611705 
4.0 9.61672285 
4.0 30.100672 
4.0 28.99603595 
4.0 9.46644825 
4.0 9.7262802 
4.0 10.29491925 
4.0 11.28544515 
4.0 32.383778 
4.0 31.97690895 
4.0 32.29799685 
4.0 31.2539787 
4.0 24.3441807 
4.0 25.62929635 
4.0 11.7209393 
4.0 10.9605377 
4.0 32.58719065 
4.0 31.26518605 
4.0 24.2853996 
4.0 25.14145655 
4.0 25.0109314 
4.0 26.23826275 
4.0 32.34665595 
4.0 32.1723717 
4.0 31.96234405 
4.0 32.9471576 
4.0 22.8255517 
4.0 22.8291217 
4.0 27.84968235 
4.0 26.55526335 
4.0 29.8128061 
4.0 28.84434455 
4.0 29.2375489 
4.0 29.26901215 
