# Position.Z vs. Particle Type (97 data points):
# "Particle Type" Position.Z
1.0 0.0 
1.0 0.0 
1.0 0.0 
1.0 0.0 
1.0 0.0 
1.0 0.0 
1.0 0.0 
1.0 0.0 
1.0 0.0 
1.0 2.2741768 
1.0 2.2741768 
1.0 2.2741768 
1.0 2.2741768 
1.0 2.2741768 
1.0 2.2741768 
1.0 2.2741768 
1.0 2.2741768 
1.0 2.2741768 
1.0 5.1613142 
1.0 4.4438226 
1.0 4.26964475 
1.0 4.3112692 
1.0 4.5176453 
1.0 4.199664 
1.0 4.55899885 
1.0 4.21972145 
1.0 4.5429139 
1.0 7.1571612 
1.0 6.55450075 
1.0 6.595211 
1.0 7.4812927 
1.0 6.4066982 
1.0 7.00545685 
1.0 6.8185201 
1.0 6.4075606 
1.0 6.7131554 
2.0 8.33704025 
2.0 16.4910025 
2.0 7.87999555 
3.0 9.48382365 
3.0 9.09441575 
3.0 15.8732945 
3.0 17.10853235 
3.0 11.63690535 
3.0 10.0069697 
3.0 27.8532079 
3.0 11.67257735 
3.0 9.45371735 
3.0 32.31469255 
3.0 25.60073145 
3.0 29.0916171 
3.0 9.7125546 
3.0 31.9928448 
3.0 26.76265305 
3.0 29.4499632 
3.0 25.07825565 
3.0 28.9524669 
3.0 32.16265185 
3.0 32.5639993 
3.0 24.2846254 
3.0 29.2698917 
4.0 10.94989875 
4.0 12.2509002 
4.0 10.5130459 
4.0 9.0979511 
4.0 26.9220189 
4.0 28.06208615 
4.0 10.9310166 
4.0 11.52253725 
4.0 9.678886 
4.0 9.584197 
4.0 33.18589925 
4.0 32.5309712 
4.0 26.37534515 
4.0 25.26933325 
4.0 28.75933655 
4.0 29.94918325 
4.0 8.873326 
4.0 9.9834518 
4.0 32.77019515 
4.0 32.4064132 
4.0 26.59065255 
4.0 27.6434718 
4.0 28.74850125 
4.0 29.7039246 
4.0 24.42463485 
4.0 25.24762135 
4.0 28.332661 
4.0 29.0605308 
4.0 32.6070934 
4.0 31.66531235 
4.0 31.91271055 
4.0 32.52481715 
4.0 24.79758015 
4.0 23.38245 
4.0 28.77260435 
4.0 29.4469154 
