# Position.Z vs. Particle Type (97 data points):
# "Particle Type" Position.Z
1.0 0.0 
1.0 0.0 
1.0 0.0 
1.0 0.0 
1.0 0.0 
1.0 0.0 
1.0 0.0 
1.0 0.0 
1.0 0.0 
1.0 2.2741768 
1.0 2.2741768 
1.0 2.2741768 
1.0 2.2741768 
1.0 2.2741768 
1.0 2.2741768 
1.0 2.2741768 
1.0 2.2741768 
1.0 2.2741768 
1.0 5.1433263 
1.0 4.3690157 
1.0 4.2709317 
1.0 4.3627241 
1.0 4.2475524 
1.0 4.319217 
1.0 4.67215175 
1.0 4.290307 
1.0 4.3974728 
1.0 7.06687485 
1.0 6.482049 
1.0 6.8552736 
1.0 7.4620749 
1.0 6.51487935 
1.0 7.1169651 
1.0 6.684986 
1.0 6.3642551 
1.0 6.63177515 
2.0 8.3213347 
2.0 12.9493238 
2.0 7.90160105 
3.0 9.5151168 
3.0 9.05665985 
3.0 13.2061006 
3.0 12.85924535 
3.0 12.70176705 
3.0 9.54699585 
3.0 9.35055065 
3.0 10.8272612 
3.0 15.9903835 
3.0 24.71876435 
3.0 28.9883545 
3.0 29.2939262 
3.0 10.5643272 
3.0 31.48459475 
3.0 32.31213265 
3.0 19.42333855 
3.0 28.2486148 
3.0 32.1359094 
3.0 32.4167641 
3.0 25.4134727 
3.0 26.8241218 
3.0 31.25220805 
4.0 13.3971075 
4.0 12.97160725 
4.0 10.05338145 
4.0 9.8516285 
4.0 9.42652795 
4.0 9.9588377 
4.0 10.1105781 
4.0 10.75152575 
4.0 15.13129275 
4.0 16.66896665 
4.0 24.4978104 
4.0 24.83100305 
4.0 28.40521355 
4.0 28.31016475 
4.0 28.5445223 
4.0 30.09667185 
4.0 11.29883685 
4.0 10.12980185 
4.0 30.50256125 
4.0 32.00270115 
4.0 32.9852691 
4.0 32.30928575 
4.0 19.0485127 
4.0 19.43049115 
4.0 28.9774828 
4.0 28.59099635 
4.0 31.8157343 
4.0 32.3980083 
4.0 32.03194365 
4.0 32.32934775 
4.0 25.0993071 
4.0 26.30123615 
4.0 26.02176815 
4.0 26.60400785 
4.0 31.20720855 
4.0 31.97132085 
