# Position.Z vs. Particle Type (97 data points):
# "Particle Type" Position.Z
1.0 0.0 
1.0 0.0 
1.0 0.0 
1.0 0.0 
1.0 0.0 
1.0 0.0 
1.0 0.0 
1.0 0.0 
1.0 0.0 
1.0 2.2741768 
1.0 2.2741768 
1.0 2.2741768 
1.0 2.2741768 
1.0 2.2741768 
1.0 2.2741768 
1.0 2.2741768 
1.0 2.2741768 
1.0 2.2741768 
1.0 4.5900057 
1.0 4.35779995 
1.0 4.362246 
1.0 4.284035 
1.0 4.37195745 
1.0 4.3208963 
1.0 4.56708525 
1.0 4.3126069 
1.0 4.98813385 
1.0 6.8822411 
1.0 6.49612845 
1.0 7.30412725 
1.0 7.23444995 
1.0 6.38456945 
1.0 6.71863465 
1.0 6.6681293 
1.0 6.3734587 
1.0 7.130424 
2.0 8.06683535 
2.0 13.8651254 
2.0 8.1758964 
3.0 9.1134953 
3.0 9.349711 
3.0 14.9075731 
3.0 12.84824345 
3.0 19.0429974 
3.0 10.82516855 
3.0 9.5373383 
3.0 10.03643725 
3.0 12.05167425 
3.0 21.46411925 
3.0 26.94490785 
3.0 23.4592841 
3.0 14.4179434 
3.0 32.3475761 
3.0 28.56008365 
3.0 11.6811296 
3.0 26.08487875 
3.0 32.76504455 
3.0 32.2388031 
3.0 31.25440115 
3.0 27.4858416 
3.0 32.32334665 
4.0 18.6621316 
4.0 18.3967553 
4.0 10.5632968 
4.0 10.43706265 
4.0 9.55171035 
4.0 10.19228735 
4.0 9.0779682 
4.0 10.4991418 
4.0 12.47683325 
4.0 11.80850825 
4.0 20.6397863 
4.0 21.470806 
4.0 26.23589395 
4.0 26.60230755 
4.0 22.85005415 
4.0 23.9293873 
4.0 13.5740731 
4.0 14.12591495 
4.0 33.0527918 
4.0 31.9689286 
4.0 28.0096803 
4.0 28.56220675 
4.0 11.50158345 
4.0 10.8383653 
4.0 25.6064564 
4.0 25.5719387 
4.0 32.6463571 
4.0 32.11479005 
4.0 32.4712878 
4.0 33.0473031 
4.0 30.2994174 
4.0 31.3652395 
4.0 27.6813348 
4.0 28.3029411 
4.0 32.47604325 
4.0 32.4354212 
