# Position.Z vs. Particle Type (97 data points):
# "Particle Type" Position.Z
1.0 0.0 
1.0 0.0 
1.0 0.0 
1.0 0.0 
1.0 0.0 
1.0 0.0 
1.0 0.0 
1.0 0.0 
1.0 0.0 
1.0 2.2741768 
1.0 2.2741768 
1.0 2.2741768 
1.0 2.2741768 
1.0 2.2741768 
1.0 2.2741768 
1.0 2.2741768 
1.0 2.2741768 
1.0 2.2741768 
1.0 5.2769752 
1.0 4.35700895 
1.0 4.3093477 
1.0 4.8050884 
1.0 4.2821737 
1.0 4.26382145 
1.0 4.47031585 
1.0 4.36691185 
1.0 4.41631155 
1.0 7.8103543 
1.0 6.5710148 
1.0 6.64464535 
1.0 7.23004695 
1.0 6.50016185 
1.0 7.5571573 
1.0 6.78116845 
1.0 6.34601555 
1.0 6.97739175 
2.0 8.493331 
2.0 16.86544965 
2.0 8.02521895 
3.0 9.623502 
3.0 9.2347556 
3.0 17.4629959 
3.0 16.36310935 
3.0 12.4713561 
3.0 9.34932705 
3.0 9.4944059 
3.0 12.05708595 
3.0 10.097136 
3.0 14.0501158 
3.0 23.20940615 
3.0 20.90480455 
3.0 12.98624775 
3.0 24.58107225 
3.0 20.92015345 
3.0 14.76294855 
3.0 23.0106086 
3.0 25.69754285 
3.0 25.68898185 
3.0 27.42836915 
3.0 21.5110483 
3.0 17.88093265 
4.0 12.82775655 
4.0 12.87719405 
4.0 9.6299147 
4.0 8.91325925 
4.0 10.30551655 
4.0 9.0151852 
4.0 12.18701085 
4.0 12.17472235 
4.0 9.9923712 
4.0 9.8674625 
4.0 14.76857095 
4.0 13.77629435 
4.0 23.93950685 
4.0 22.93974865 
4.0 20.95707005 
4.0 21.4880071 
4.0 12.1134741 
4.0 13.1329324 
4.0 23.9026984 
4.0 24.2794489 
4.0 21.39923205 
4.0 19.9866926 
4.0 15.58771795 
4.0 14.2682344 
4.0 22.24116265 
4.0 23.6137993 
4.0 26.0603728 
4.0 25.5040499 
4.0 26.1348983 
4.0 25.981417 
4.0 26.8660861 
4.0 27.0642414 
4.0 20.7433807 
4.0 21.79865485 
4.0 18.65249575 
4.0 18.29378775 
