# Position.Z vs. Particle Type (97 data points):
# "Particle Type" Position.Z
1.0 0.0 
1.0 0.0 
1.0 0.0 
1.0 0.0 
1.0 0.0 
1.0 0.0 
1.0 0.0 
1.0 0.0 
1.0 0.0 
1.0 2.2741768 
1.0 2.2741768 
1.0 2.2741768 
1.0 2.2741768 
1.0 2.2741768 
1.0 2.2741768 
1.0 2.2741768 
1.0 2.2741768 
1.0 2.2741768 
1.0 5.09758375 
1.0 4.40283725 
1.0 4.3944544 
1.0 4.4565563 
1.0 4.25322625 
1.0 4.43344335 
1.0 4.44268895 
1.0 4.3737722 
1.0 4.25689985 
1.0 7.3757411 
1.0 6.4634843 
1.0 6.333369 
1.0 7.42319725 
1.0 6.8342736 
1.0 7.31749025 
1.0 6.48308465 
1.0 6.26523975 
1.0 6.94329055 
2.0 8.52351395 
2.0 23.60442525 
2.0 8.01616095 
3.0 9.7225163 
3.0 9.19844625 
3.0 22.6745267 
3.0 24.5100352 
3.0 12.3842124 
3.0 9.1400456 
3.0 27.78924435 
3.0 9.38582785 
3.0 11.17077955 
3.0 31.6524614 
3.0 27.73506715 
3.0 24.76842865 
3.0 10.7567992 
3.0 30.9676276 
3.0 23.484846 
3.0 28.3159282 
3.0 32.33086675 
3.0 31.7551934 
3.0 30.02910575 
3.0 26.72711125 
3.0 32.4257955 
3.0 30.7763442 
4.0 11.86926055 
4.0 11.6582067 
4.0 9.1550697 
4.0 9.3230123 
4.0 27.43933745 
4.0 27.62647825 
4.0 9.90360665 
4.0 9.68674385 
4.0 11.10056325 
4.0 11.57994285 
4.0 32.52429145 
4.0 31.29905765 
4.0 26.754959 
4.0 27.9928936 
4.0 24.4758472 
4.0 24.2793859 
4.0 11.68024725 
4.0 10.60426745 
4.0 30.11258915 
4.0 31.6262828 
4.0 23.055865 
4.0 24.41921825 
4.0 28.72637845 
4.0 29.10308065 
4.0 31.8842097 
4.0 32.87345845 
4.0 31.21253695 
4.0 32.63342005 
4.0 29.8527488 
4.0 30.9155021 
4.0 26.87600895 
4.0 27.62220405 
4.0 31.880058 
4.0 32.1152251 
4.0 30.9647352 
4.0 31.3933753 
