# Position.Z vs. Particle Type (97 data points):
# "Particle Type" Position.Z
1.0 0.0 
1.0 0.0 
1.0 0.0 
1.0 0.0 
1.0 0.0 
1.0 0.0 
1.0 0.0 
1.0 0.0 
1.0 0.0 
1.0 2.2741768 
1.0 2.2741768 
1.0 2.2741768 
1.0 2.2741768 
1.0 2.2741768 
1.0 2.2741768 
1.0 2.2741768 
1.0 2.2741768 
1.0 2.2741768 
1.0 5.2499699 
1.0 4.2700651 
1.0 4.25306875 
1.0 4.293457 
1.0 4.4147859 
1.0 4.33987295 
1.0 4.3677487 
1.0 4.4080064 
1.0 4.73043795 
1.0 6.94675835 
1.0 6.373486 
1.0 6.7663365 
1.0 7.3225656 
1.0 6.33460135 
1.0 7.45463635 
1.0 6.8181365 
1.0 6.4976695 
1.0 6.90753595 
2.0 8.3880181 
2.0 22.02206125 
2.0 7.88084465 
3.0 9.5443845 
3.0 9.0462554 
3.0 22.6048305 
3.0 21.3700305 
3.0 11.08695595 
3.0 10.01428015 
3.0 12.29779005 
3.0 14.18314205 
3.0 12.13958515 
3.0 27.4069355 
3.0 29.11204625 
3.0 26.68916005 
3.0 10.8231081 
3.0 32.3934562 
3.0 31.13576655 
3.0 31.82771165 
3.0 25.65501575 
3.0 32.80540655 
3.0 32.09999765 
3.0 30.10974435 
3.0 31.73770635 
3.0 28.369425 
4.0 10.0968735 
4.0 11.25800795 
4.0 10.44322475 
4.0 10.08440825 
4.0 11.9081025 
4.0 12.6291837 
4.0 13.30103495 
4.0 14.60515805 
4.0 11.8079094 
4.0 11.48638085 
4.0 26.85098185 
4.0 27.524896 
4.0 29.245874 
4.0 30.00149145 
4.0 26.8032758 
4.0 27.36917225 
4.0 11.3511202 
4.0 10.4853469 
4.0 32.48170975 
4.0 32.5160626 
4.0 30.53205575 
4.0 31.95522995 
4.0 31.82960585 
4.0 31.59059155 
4.0 25.63898365 
4.0 24.7788492 
4.0 32.72399445 
4.0 32.15539215 
4.0 31.7130604 
4.0 32.9101045 
4.0 29.1362701 
4.0 30.4642877 
4.0 31.34922595 
4.0 32.7108271 
4.0 27.5798159 
4.0 28.65124115 
