# Position.Z vs. Particle Type (97 data points):
# "Particle Type" Position.Z
1.0 0.0 
1.0 0.0 
1.0 0.0 
1.0 0.0 
1.0 0.0 
1.0 0.0 
1.0 0.0 
1.0 0.0 
1.0 0.0 
1.0 2.2741768 
1.0 2.2741768 
1.0 2.2741768 
1.0 2.2741768 
1.0 2.2741768 
1.0 2.2741768 
1.0 2.2741768 
1.0 2.2741768 
1.0 2.2741768 
1.0 5.43434535 
1.0 4.43565535 
1.0 4.23557785 
1.0 4.60902925 
1.0 4.251996 
1.0 4.3623874 
1.0 4.40888 
1.0 4.4091922 
1.0 4.31165525 
1.0 7.34405315 
1.0 6.5558745 
1.0 6.3892906 
1.0 7.6158866 
1.0 6.5702574 
1.0 7.66269945 
1.0 6.43297655 
1.0 6.3375669 
1.0 6.8960269 
2.0 8.7070228 
2.0 12.21003175 
2.0 7.5846288 
3.0 9.8746214 
3.0 8.73758025 
3.0 12.84209605 
3.0 11.61844565 
3.0 11.72485755 
3.0 10.4194839 
3.0 9.33898385 
3.0 13.4484343 
3.0 11.91939595 
3.0 25.4856063 
3.0 29.0537933 
3.0 26.10887965 
3.0 9.55343095 
3.0 31.16399195 
3.0 32.53115285 
3.0 29.70498755 
3.0 27.2646493 
3.0 32.68405595 
3.0 31.25223045 
3.0 30.73628145 
3.0 27.49705595 
3.0 28.77778225 
4.0 11.3989778 
4.0 11.1332802 
4.0 10.42783455 
4.0 9.9088234 
4.0 10.298939 
4.0 9.28754435 
4.0 14.38331265 
4.0 13.45013845 
4.0 12.62254315 
4.0 11.63225105 
4.0 25.77545985 
4.0 25.02478965 
4.0 29.87556705 
4.0 28.5859259 
4.0 26.2659747 
4.0 26.9377899 
4.0 9.4983854 
4.0 8.74521165 
4.0 31.59596825 
4.0 31.25591875 
4.0 32.8592852 
4.0 31.8584791 
4.0 30.0370546 
4.0 29.12645995 
4.0 27.5038442 
4.0 26.57748345 
4.0 32.8631982 
4.0 32.27081095 
4.0 32.16222205 
4.0 30.8152768 
4.0 30.321893 
4.0 30.4230024 
4.0 27.83121075 
4.0 27.32246195 
4.0 29.03580645 
4.0 29.24148955 
