# Position.Z vs. Particle Type (97 data points):
# "Particle Type" Position.Z
1.0 0.0 
1.0 0.0 
1.0 0.0 
1.0 0.0 
1.0 0.0 
1.0 0.0 
1.0 0.0 
1.0 0.0 
1.0 0.0 
1.0 2.2741768 
1.0 2.2741768 
1.0 2.2741768 
1.0 2.2741768 
1.0 2.2741768 
1.0 2.2741768 
1.0 2.2741768 
1.0 2.2741768 
1.0 2.2741768 
1.0 5.0202257 
1.0 4.2951377 
1.0 4.30967075 
1.0 4.4842728 
1.0 4.29481115 
1.0 4.31880925 
1.0 4.784388 
1.0 4.5509079 
1.0 4.4309419 
1.0 7.3997546 
1.0 6.38956395 
1.0 6.83905145 
1.0 7.23813685 
1.0 6.47620925 
1.0 7.14173915 
1.0 6.81267825 
1.0 6.4246357 
1.0 6.6230402 
2.0 8.35327535 
2.0 12.77704225 
2.0 7.8742517 
3.0 9.5800292 
3.0 9.0567785 
3.0 12.35993605 
3.0 13.2601406 
3.0 11.59261985 
3.0 9.53309315 
3.0 23.98059475 
3.0 10.919447 
3.0 9.568601 
3.0 31.83524505 
3.0 23.74430065 
3.0 28.6126246 
3.0 9.62053925 
3.0 32.06531825 
3.0 28.261513 
3.0 29.42496235 
3.0 26.9498985 
3.0 31.75399115 
3.0 32.27143745 
3.0 32.6548803 
3.0 28.39316795 
3.0 28.75207125 
4.0 10.89753245 
4.0 12.4676727 
4.0 10.3277307 
4.0 9.63406815 
4.0 23.1723562 
4.0 24.694131 
4.0 11.06063525 
4.0 11.6711098 
4.0 9.6652136 
4.0 9.76975895 
4.0 32.69139125 
4.0 32.0457578 
4.0 23.8032494 
4.0 24.3038061 
4.0 28.833735 
4.0 28.9358342 
4.0 9.6679324 
4.0 9.67857975 
4.0 31.4002353 
4.0 32.49915725 
4.0 28.7727818 
4.0 28.0017241 
4.0 29.24437565 
4.0 30.11504125 
4.0 26.04016065 
4.0 26.9299814 
4.0 32.74594785 
4.0 31.3211094 
4.0 33.1139697 
4.0 31.95701635 
4.0 32.60631745 
4.0 32.41769475 
4.0 28.05128935 
4.0 27.69706275 
4.0 27.8377512 
4.0 29.18486725 
