# Position.Z vs. Particle Type (97 data points):
# "Particle Type" Position.Z
1.0 0.0 
1.0 0.0 
1.0 0.0 
1.0 0.0 
1.0 0.0 
1.0 0.0 
1.0 0.0 
1.0 0.0 
1.0 0.0 
1.0 2.2741768 
1.0 2.2741768 
1.0 2.2741768 
1.0 2.2741768 
1.0 2.2741768 
1.0 2.2741768 
1.0 2.2741768 
1.0 2.2741768 
1.0 2.2741768 
1.0 5.1268077 
1.0 4.3909103 
1.0 4.5045812 
1.0 4.38461765 
1.0 4.45294045 
1.0 4.3804495 
1.0 4.25978805 
1.0 4.3661016 
1.0 4.3344105 
1.0 6.9242901 
1.0 6.611409 
1.0 6.9096041 
1.0 7.3712884 
1.0 6.21314575 
1.0 7.44193625 
1.0 6.67435545 
1.0 6.75337495 
1.0 6.6977323 
2.0 8.3908608 
2.0 24.80366035 
2.0 7.95726715 
3.0 9.6357835 
3.0 9.19556365 
3.0 24.9301024 
3.0 24.6414497 
3.0 14.7003073 
3.0 9.36107445 
3.0 28.8591373 
3.0 12.68265845 
3.0 9.42156775 
3.0 31.9708039 
3.0 25.51280935 
3.0 29.00278605 
3.0 10.45054255 
3.0 32.08842455 
3.0 30.0152377 
3.0 32.5625979 
3.0 25.71541525 
3.0 30.81584415 
3.0 31.87381645 
3.0 30.984002 
3.0 28.1106588 
3.0 27.3866789 
4.0 14.7739683 
4.0 14.98356615 
4.0 9.70559205 
4.0 9.9801226 
4.0 29.8249336 
4.0 28.70446215 
4.0 12.278021 
4.0 11.9913514 
4.0 9.633799 
4.0 10.2220286 
4.0 32.43446045 
4.0 32.18090645 
4.0 24.85963235 
4.0 26.0221073 
4.0 28.5296557 
4.0 29.32972 
4.0 9.95370495 
4.0 10.15417095 
4.0 31.8691653 
4.0 33.07347715 
4.0 29.1074336 
4.0 30.21331565 
4.0 32.20619955 
4.0 32.16940615 
4.0 25.50986515 
4.0 25.4124696 
4.0 31.39044615 
4.0 31.0986984 
4.0 32.1274821 
4.0 31.3388936 
4.0 30.0491723 
4.0 30.93124405 
4.0 27.56633215 
4.0 28.24571155 
4.0 28.0139545 
4.0 27.3172137 
