# Position.Z vs. Particle Type (97 data points):
# "Particle Type" Position.Z
1.0 0.0 
1.0 0.0 
1.0 0.0 
1.0 0.0 
1.0 0.0 
1.0 0.0 
1.0 0.0 
1.0 0.0 
1.0 0.0 
1.0 2.2741768 
1.0 2.2741768 
1.0 2.2741768 
1.0 2.2741768 
1.0 2.2741768 
1.0 2.2741768 
1.0 2.2741768 
1.0 2.2741768 
1.0 2.2741768 
1.0 5.155955 
1.0 4.3431388 
1.0 4.28590085 
1.0 4.3570933 
1.0 4.2384237 
1.0 4.4776214 
1.0 4.80455325 
1.0 4.38823805 
1.0 4.45084955 
1.0 7.44535925 
1.0 6.63847415 
1.0 6.8549348 
1.0 7.6645128 
1.0 6.36473215 
1.0 6.86333515 
1.0 6.7594905 
1.0 6.3806029 
1.0 6.89345615 
2.0 8.44258975 
2.0 13.9265112 
2.0 7.9838794 
3.0 9.57318705 
3.0 9.2130815 
3.0 13.66083845 
3.0 14.23404045 
3.0 11.93900645 
3.0 9.5094755 
3.0 27.44357 
3.0 11.19902805 
3.0 9.5485936 
3.0 31.963925 
3.0 26.02629435 
3.0 28.9135553 
3.0 10.6971025 
3.0 32.3208046 
3.0 27.07782805 
3.0 30.08075805 
3.0 25.84247995 
3.0 32.03919075 
3.0 31.6553923 
3.0 32.63002015 
3.0 27.3259889 
3.0 28.06094795 
4.0 12.2551149 
4.0 11.01975105 
4.0 10.40992925 
4.0 9.0257328 
4.0 26.8430071 
4.0 26.92188765 
4.0 12.1578744 
4.0 11.0537224 
4.0 9.5690595 
4.0 9.9779407 
4.0 32.6966766 
4.0 32.01564975 
4.0 26.58958785 
4.0 25.7416551 
4.0 28.4649351 
4.0 29.65172525 
4.0 10.24053975 
4.0 10.6957487 
4.0 32.46657365 
4.0 32.4069256 
4.0 27.3558964 
4.0 27.2893467 
4.0 29.13767815 
4.0 30.2435917 
4.0 25.08051735 
4.0 26.69805705 
4.0 31.08463785 
4.0 32.2044569 
4.0 32.6347546 
4.0 31.4414338 
4.0 32.35056195 
4.0 32.2842037 
4.0 26.5559182 
4.0 27.34925445 
4.0 28.2961098 
4.0 27.9287904 
