# Position.Z vs. Particle Type (97 data points):
# "Particle Type" Position.Z
1.0 0.0 
1.0 0.0 
1.0 0.0 
1.0 0.0 
1.0 0.0 
1.0 0.0 
1.0 0.0 
1.0 0.0 
1.0 0.0 
1.0 2.2741768 
1.0 2.2741768 
1.0 2.2741768 
1.0 2.2741768 
1.0 2.2741768 
1.0 2.2741768 
1.0 2.2741768 
1.0 2.2741768 
1.0 2.2741768 
1.0 5.14197775 
1.0 4.21546335 
1.0 4.63745415 
1.0 4.38869935 
1.0 4.28129625 
1.0 4.43525005 
1.0 4.49203685 
1.0 4.35355445 
1.0 4.62640815 
1.0 7.29755355 
1.0 6.41468625 
1.0 6.87305395 
1.0 7.30623495 
1.0 6.33105375 
1.0 6.8658268 
1.0 6.5184112 
1.0 6.42534235 
1.0 7.06175575 
2.0 8.4395332 
2.0 14.4552541 
2.0 7.95247495 
3.0 9.63231675 
3.0 9.1714217 
3.0 14.84017185 
3.0 14.0532567 
3.0 12.94892375 
3.0 10.12935875 
3.0 8.90640415 
3.0 13.14621175 
3.0 12.1647421 
3.0 27.03670165 
3.0 29.7408048 
3.0 29.00837415 
3.0 10.622094 
3.0 31.7980635 
3.0 32.09572625 
3.0 25.42099385 
3.0 28.97896365 
3.0 32.7488301 
3.0 31.77397895 
3.0 28.4926831 
3.0 29.25533835 
3.0 32.16627155 
4.0 12.2820005 
4.0 13.1494629 
4.0 10.2635869 
4.0 9.7327594 
4.0 9.3051973 
4.0 8.76479275 
4.0 13.10529325 
4.0 12.24534745 
4.0 11.93909395 
4.0 12.67054425 
4.0 26.94762175 
4.0 27.9154904 
4.0 29.8521041 
4.0 29.78623585 
4.0 29.7190026 
4.0 28.26388425 
4.0 11.34218435 
4.0 10.2143223 
4.0 32.35902075 
4.0 30.9661275 
4.0 31.1396309 
4.0 32.1491254 
4.0 25.5730153 
4.0 24.49411125 
4.0 28.68788265 
4.0 28.9916809 
4.0 32.4879023 
4.0 32.5883964 
4.0 32.51402385 
4.0 31.59126565 
4.0 28.79816135 
4.0 27.56967885 
4.0 29.99357795 
4.0 29.2220488 
4.0 32.6338775 
4.0 32.80798185 
