# Position.Z vs. Particle Type (97 data points):
# "Particle Type" Position.Z
1.0 0.0 
1.0 0.0 
1.0 0.0 
1.0 0.0 
1.0 0.0 
1.0 0.0 
1.0 0.0 
1.0 0.0 
1.0 0.0 
1.0 2.2741768 
1.0 2.2741768 
1.0 2.2741768 
1.0 2.2741768 
1.0 2.2741768 
1.0 2.2741768 
1.0 2.2741768 
1.0 2.2741768 
1.0 2.2741768 
1.0 4.9978152 
1.0 4.34266595 
1.0 4.2621243 
1.0 4.43611245 
1.0 4.3021699 
1.0 4.31291805 
1.0 4.4646154 
1.0 4.23289755 
1.0 4.86153465 
1.0 6.8860498 
1.0 6.4310141 
1.0 6.96256015 
1.0 7.42726635 
1.0 6.53887815 
1.0 6.78449905 
1.0 6.81638195 
1.0 6.20003685 
1.0 6.85466775 
2.0 8.13515675 
2.0 13.4829107 
2.0 8.0337313 
3.0 9.3331882 
3.0 9.23801095 
3.0 13.1938457 
3.0 13.6841229 
3.0 13.0681068 
3.0 8.9054756 
3.0 9.2377712 
3.0 11.2544495 
3.0 11.28131375 
3.0 26.82708805 
3.0 29.2087117 
3.0 26.32276045 
3.0 10.4825259 
3.0 30.6272666 
3.0 32.0084653 
3.0 29.39580455 
3.0 28.34429885 
3.0 32.7825967 
3.0 31.5495054 
3.0 31.33338285 
3.0 26.8755858 
3.0 28.45847725 
4.0 12.91089555 
4.0 12.86383735 
4.0 9.3833362 
4.0 8.8400053 
4.0 9.9364216 
4.0 9.10112735 
4.0 11.5072398 
4.0 11.17628925 
4.0 12.02529755 
4.0 10.6765323 
4.0 27.0143258 
4.0 26.1825375 
4.0 29.9556859 
4.0 28.5614882 
4.0 25.9922236 
4.0 27.14481875 
4.0 10.3364324 
4.0 9.9190336 
4.0 30.8020363 
4.0 31.2499614 
4.0 32.6706674 
4.0 31.2753448 
4.0 29.1148004 
4.0 28.6728799 
4.0 28.64572375 
4.0 27.4761557 
4.0 32.37229765 
4.0 32.37280305 
4.0 32.3667904 
4.0 31.6249374 
4.0 30.6230169 
4.0 30.77814355 
4.0 27.3966245 
4.0 26.05152025 
4.0 29.131032 
4.0 29.02835425 
