# Position.Z vs. Particle Type (97 data points):
# "Particle Type" Position.Z
1.0 0.0 
1.0 0.0 
1.0 0.0 
1.0 0.0 
1.0 0.0 
1.0 0.0 
1.0 0.0 
1.0 0.0 
1.0 0.0 
1.0 2.2741768 
1.0 2.2741768 
1.0 2.2741768 
1.0 2.2741768 
1.0 2.2741768 
1.0 2.2741768 
1.0 2.2741768 
1.0 2.2741768 
1.0 2.2741768 
1.0 5.15161045 
1.0 4.5294592 
1.0 4.2503076 
1.0 4.38512865 
1.0 4.2386589 
1.0 4.4857946 
1.0 4.6341715 
1.0 4.3381772 
1.0 4.592532 
1.0 7.3749305 
1.0 6.63586665 
1.0 6.7258961 
1.0 7.5245625 
1.0 6.2505653 
1.0 7.1354577 
1.0 6.7808356 
1.0 6.4980349 
1.0 6.6497718 
2.0 8.39598655 
2.0 17.31375275 
2.0 7.9539593 
3.0 9.5986828 
3.0 9.13794525 
3.0 16.53384775 
3.0 18.12324675 
3.0 11.7918073 
3.0 9.705913 
3.0 27.35712315 
3.0 11.18902925 
3.0 9.3374281 
3.0 31.7564681 
3.0 25.14856225 
3.0 28.6092079 
3.0 9.7547142 
3.0 31.46325945 
3.0 27.4128967 
3.0 29.6382555 
3.0 24.30094415 
3.0 28.89423845 
3.0 31.9191544 
3.0 32.7302766 
3.0 23.65007575 
3.0 30.1706279 
4.0 12.0099161 
4.0 11.29056775 
4.0 10.0672691 
4.0 8.79373775 
4.0 26.49834985 
4.0 27.9681521 
4.0 11.46230505 
4.0 10.56740965 
4.0 9.64995465 
4.0 9.30741875 
4.0 31.2762639 
4.0 32.66018595 
4.0 25.48493185 
4.0 24.26794755 
4.0 28.31678395 
4.0 29.60340985 
4.0 9.06710805 
4.0 10.1417386 
4.0 31.201786 
4.0 31.24125865 
4.0 26.8693495 
4.0 27.9394885 
4.0 28.68006855 
4.0 30.1007308 
4.0 24.32751265 
4.0 24.66162405 
4.0 28.4296782 
4.0 29.2609688 
4.0 32.1072409 
4.0 31.1900932 
4.0 32.2869036 
4.0 32.7071024 
4.0 23.39517495 
4.0 23.9368556 
4.0 29.35451575 
4.0 30.17765835 
