# Position.Z vs. Particle Type (97 data points):
# "Particle Type" Position.Z
1.0 0.0 
1.0 0.0 
1.0 0.0 
1.0 0.0 
1.0 0.0 
1.0 0.0 
1.0 0.0 
1.0 0.0 
1.0 0.0 
1.0 2.2741768 
1.0 2.2741768 
1.0 2.2741768 
1.0 2.2741768 
1.0 2.2741768 
1.0 2.2741768 
1.0 2.2741768 
1.0 2.2741768 
1.0 2.2741768 
1.0 5.187217 
1.0 4.2367983 
1.0 4.3769838 
1.0 4.6047344 
1.0 4.7770716 
1.0 4.3697143 
1.0 4.48235935 
1.0 4.17158035 
1.0 4.48392035 
1.0 7.35423815 
1.0 6.42510645 
1.0 6.44945 
1.0 7.35196105 
1.0 7.1195516 
1.0 7.12886965 
1.0 6.67024295 
1.0 6.39132025 
1.0 7.30225265 
2.0 8.4317702 
2.0 16.8696878 
2.0 8.4559993 
3.0 9.65678 
3.0 9.62766035 
3.0 16.91011245 
3.0 16.8053179 
3.0 10.5263879 
3.0 9.4808126 
3.0 27.9269704 
3.0 9.35816035 
3.0 11.0869423 
3.0 32.3205246 
3.0 30.57909645 
3.0 23.5722578 
3.0 10.5480725 
3.0 31.3371317 
3.0 23.27204705 
3.0 21.54846505 
3.0 32.25459195 
3.0 30.90863895 
3.0 21.6263985 
3.0 26.0959846 
3.0 28.220262 
3.0 28.42279055 
4.0 10.00650665 
4.0 10.88027115 
4.0 9.86428415 
4.0 10.08090685 
4.0 28.848694 
4.0 27.6428677 
4.0 9.5513054 
4.0 9.89793735 
4.0 12.0014839 
4.0 10.47601275 
4.0 31.95594325 
4.0 31.9433058 
4.0 30.7818364 
4.0 29.89948045 
4.0 23.47529905 
4.0 23.12874025 
4.0 9.8774375 
4.0 10.2179301 
4.0 31.69513515 
4.0 30.4361106 
4.0 22.7575327 
4.0 24.16714125 
4.0 22.2123755 
4.0 21.9466324 
4.0 33.07829 
4.0 32.34620235 
4.0 31.49067215 
4.0 30.85453595 
4.0 21.28444255 
4.0 20.8951561 
4.0 26.6959679 
4.0 25.35256395 
4.0 28.14839965 
4.0 28.6619459 
4.0 27.4312584 
4.0 28.74117505 
