# Position.Z vs. Particle Type (97 data points):
# "Particle Type" Position.Z
1.0 0.0 
1.0 0.0 
1.0 0.0 
1.0 0.0 
1.0 0.0 
1.0 0.0 
1.0 0.0 
1.0 0.0 
1.0 0.0 
1.0 2.2741768 
1.0 2.2741768 
1.0 2.2741768 
1.0 2.2741768 
1.0 2.2741768 
1.0 2.2741768 
1.0 2.2741768 
1.0 2.2741768 
1.0 2.2741768 
1.0 4.9959791 
1.0 4.2935214 
1.0 4.2190274 
1.0 4.295144 
1.0 4.4391956 
1.0 4.26074075 
1.0 4.5256589 
1.0 4.2586313 
1.0 4.586659 
1.0 6.9360312 
1.0 6.51601965 
1.0 6.9215377 
1.0 7.26146085 
1.0 6.266876 
1.0 7.25296425 
1.0 7.0445732 
1.0 6.3507318 
1.0 6.49557265 
2.0 8.30877635 
2.0 12.10349 
2.0 7.9929486 
3.0 9.49351725 
3.0 9.15766355 
3.0 13.25069235 
3.0 10.9889563 
3.0 12.298678 
3.0 9.53886675 
3.0 9.7350197 
3.0 15.35032275 
3.0 13.1077226 
3.0 24.67186015 
3.0 29.48437345 
3.0 27.46963205 
3.0 9.90798095 
3.0 32.7265645 
3.0 32.0090512 
3.0 31.26134655 
3.0 27.1498423 
3.0 32.36178995 
3.0 31.8461444 
3.0 29.7305505 
3.0 28.36001 
3.0 29.1133738 
4.0 12.67854455 
4.0 11.41215355 
4.0 10.0785167 
4.0 9.7867308 
4.0 10.29284865 
4.0 9.8070798 
4.0 15.22278135 
4.0 16.27545185 
4.0 13.89626805 
4.0 12.5826659 
4.0 25.40627845 
4.0 23.9561231 
4.0 30.37814605 
4.0 29.3855128 
4.0 26.7083341 
4.0 27.97932305 
4.0 9.95512105 
4.0 9.8390208 
4.0 32.2425376 
4.0 32.57595565 
4.0 32.2900354 
4.0 32.1371022 
4.0 30.28919915 
4.0 31.48713855 
4.0 27.7829251 
4.0 27.456198 
4.0 32.80190305 
4.0 32.5032008 
4.0 32.5355044 
4.0 31.08789705 
4.0 28.8533868 
4.0 29.5454439 
4.0 27.7598104 
4.0 27.9753824 
4.0 29.1010944 
4.0 30.01579385 
