# Position.Z vs. Particle Type (97 data points):
# "Particle Type" Position.Z
1.0 0.0 
1.0 0.0 
1.0 0.0 
1.0 0.0 
1.0 0.0 
1.0 0.0 
1.0 0.0 
1.0 0.0 
1.0 0.0 
1.0 2.2741768 
1.0 2.2741768 
1.0 2.2741768 
1.0 2.2741768 
1.0 2.2741768 
1.0 2.2741768 
1.0 2.2741768 
1.0 2.2741768 
1.0 2.2741768 
1.0 5.29152295 
1.0 4.29614045 
1.0 4.5102267 
1.0 4.62382515 
1.0 4.3281238 
1.0 4.4724771 
1.0 4.3500541 
1.0 4.3014755 
1.0 4.28031765 
1.0 7.6246058 
1.0 6.5929752 
1.0 6.36772185 
1.0 7.4090611 
1.0 6.51912065 
1.0 7.1793309 
1.0 6.57019265 
1.0 6.20783905 
1.0 6.7286093 
2.0 8.52608225 
2.0 20.77992595 
2.0 8.0191748 
3.0 9.7582618 
3.0 9.18986215 
3.0 21.67315115 
3.0 19.9085502 
3.0 11.92473835 
3.0 9.414825 
3.0 22.54764365 
3.0 9.96867025 
3.0 11.86973655 
3.0 31.44256885 
3.0 24.78764645 
3.0 25.07689695 
3.0 9.5834137 
3.0 32.0005924 
3.0 26.78289215 
3.0 25.4031526 
3.0 31.25672025 
3.0 31.4177192 
3.0 29.0618951 
3.0 28.17797325 
3.0 32.714514 
3.0 28.2302524 
4.0 12.0900724 
4.0 12.62995825 
4.0 10.3256769 
4.0 9.4769206 
4.0 23.2367114 
4.0 22.26340095 
4.0 10.06550965 
4.0 10.012191 
4.0 11.95698385 
4.0 10.88835755 
4.0 31.09192835 
4.0 32.3895341 
4.0 25.2236474 
4.0 24.50668605 
4.0 25.6897585 
4.0 24.5373842 
4.0 9.9920576 
4.0 9.0289997 
4.0 31.8865043 
4.0 32.8315106 
4.0 26.25372995 
4.0 26.59767355 
4.0 26.2341758 
4.0 25.02274145 
4.0 31.1984981 
4.0 31.3121235 
4.0 31.0460255 
4.0 32.3636215 
4.0 29.70551325 
4.0 28.3174178 
4.0 28.63470995 
4.0 28.7853293 
4.0 32.21829835 
4.0 32.11734015 
4.0 28.2168621 
4.0 28.26204535 
