# Position.Z vs. Particle Type (97 data points):
# "Particle Type" Position.Z
1.0 0.0 
1.0 0.0 
1.0 0.0 
1.0 0.0 
1.0 0.0 
1.0 0.0 
1.0 0.0 
1.0 0.0 
1.0 0.0 
1.0 2.2741768 
1.0 2.2741768 
1.0 2.2741768 
1.0 2.2741768 
1.0 2.2741768 
1.0 2.2741768 
1.0 2.2741768 
1.0 2.2741768 
1.0 2.2741768 
1.0 5.33993845 
1.0 4.20117495 
1.0 4.55020335 
1.0 4.699506 
1.0 4.3087737 
1.0 4.38623115 
1.0 4.30352615 
1.0 4.42215585 
1.0 4.37360945 
1.0 7.2785034 
1.0 6.9671952 
1.0 6.6795918 
1.0 7.6552077 
1.0 6.25669835 
1.0 7.1985053 
1.0 6.98669545 
1.0 6.3553945 
1.0 6.75854305 
2.0 8.54585655 
2.0 21.89676195 
2.0 7.86364145 
3.0 9.77220055 
3.0 9.09381655 
3.0 22.90774255 
3.0 20.84907685 
3.0 12.37831455 
3.0 9.44206865 
3.0 28.1971172 
3.0 11.7087705 
3.0 9.7328266 
3.0 32.0286771 
3.0 25.76988225 
3.0 28.3694971 
3.0 9.4387447 
3.0 31.89821775 
3.0 29.9727365 
3.0 31.341842 
3.0 22.51180155 
3.0 29.06212785 
3.0 32.63268995 
3.0 31.38107 
3.0 25.5625251 
3.0 25.4074303 
4.0 12.53412125 
4.0 12.2281565 
4.0 10.0379356 
4.0 9.1745577 
4.0 28.2583329 
4.0 28.43870295 
4.0 11.74251085 
4.0 12.6557319 
4.0 9.76624565 
4.0 9.70171965 
4.0 32.7032342 
4.0 32.3404074 
4.0 25.75333075 
4.0 26.5181056 
4.0 27.54930675 
4.0 28.80648015 
4.0 9.0179278 
4.0 10.24932405 
4.0 32.2903847 
4.0 32.53235265 
4.0 30.3489732 
4.0 29.56229535 
4.0 30.93068965 
4.0 31.1704421 
4.0 23.42591335 
4.0 22.19513485 
4.0 28.43095185 
4.0 29.9490247 
4.0 32.6472286 
4.0 32.43954875 
4.0 30.4197432 
4.0 31.43015365 
4.0 25.0049338 
4.0 25.96240255 
4.0 25.49675485 
4.0 24.5561715 
