# Position.Z vs. Particle Type (97 data points):
# "Particle Type" Position.Z
1.0 0.0 
1.0 0.0 
1.0 0.0 
1.0 0.0 
1.0 0.0 
1.0 0.0 
1.0 0.0 
1.0 0.0 
1.0 0.0 
1.0 2.2741768 
1.0 2.2741768 
1.0 2.2741768 
1.0 2.2741768 
1.0 2.2741768 
1.0 2.2741768 
1.0 2.2741768 
1.0 2.2741768 
1.0 2.2741768 
1.0 5.02416915 
1.0 4.20037415 
1.0 4.3485358 
1.0 4.3450792 
1.0 4.41857535 
1.0 4.43859955 
1.0 4.4002903 
1.0 4.22009175 
1.0 4.6832807 
1.0 7.4210941 
1.0 6.47980305 
1.0 6.77506025 
1.0 7.51463405 
1.0 6.39755585 
1.0 6.8398085 
1.0 6.76427185 
1.0 6.39022685 
1.0 6.8582507 
2.0 8.32572825 
2.0 16.91822055 
2.0 7.97027 
3.0 9.39919855 
3.0 9.1763574 
3.0 15.83543395 
3.0 18.0350065 
3.0 13.8655909 
3.0 9.1298081 
3.0 9.72613145 
3.0 13.3516775 
3.0 11.4274748 
3.0 25.4995454 
3.0 29.1546241 
3.0 26.91933125 
3.0 10.1727108 
3.0 32.646278 
3.0 31.24998135 
3.0 30.4761303 
3.0 25.5488926 
3.0 32.3134091 
3.0 31.1773042 
3.0 29.24385555 
3.0 27.91354195 
3.0 27.40914295 
4.0 13.60443875 
4.0 13.22298985 
4.0 9.1430402 
4.0 9.64154975 
4.0 10.3432497 
4.0 9.69687285 
4.0 13.47764285 
4.0 12.9689903 
4.0 10.788547 
4.0 10.9120158 
4.0 24.663807 
4.0 26.01040225 
4.0 29.89459305 
4.0 29.40779275 
4.0 27.7590019 
4.0 26.13465645 
4.0 10.52272585 
4.0 9.6588331 
4.0 32.89098505 
4.0 32.25631675 
4.0 31.7443658 
4.0 30.8354319 
4.0 29.6441439 
4.0 30.38855785 
4.0 25.86225985 
4.0 26.0576183 
4.0 31.8758727 
4.0 32.72392025 
4.0 31.33520425 
4.0 32.08593465 
4.0 29.19073255 
4.0 29.16815755 
4.0 27.5802772 
4.0 27.1241754 
4.0 27.3204302 
4.0 27.6281327 
