# Position.Z vs. Particle Type (97 data points):
# "Particle Type" Position.Z
1.0 0.0 
1.0 0.0 
1.0 0.0 
1.0 0.0 
1.0 0.0 
1.0 0.0 
1.0 0.0 
1.0 0.0 
1.0 0.0 
1.0 2.2741768 
1.0 2.2741768 
1.0 2.2741768 
1.0 2.2741768 
1.0 2.2741768 
1.0 2.2741768 
1.0 2.2741768 
1.0 2.2741768 
1.0 2.2741768 
1.0 5.3414354 
1.0 4.37381245 
1.0 4.4020256 
1.0 4.47370175 
1.0 4.39913915 
1.0 4.40897835 
1.0 4.2891289 
1.0 4.34968065 
1.0 4.62036365 
1.0 7.2176188 
1.0 6.7081273 
1.0 6.6815084 
1.0 7.5524715 
1.0 6.3282471 
1.0 7.4184838 
1.0 6.5914016 
1.0 6.3729428 
1.0 6.759389 
2.0 8.50780175 
2.0 26.9213441 
2.0 7.92170085 
3.0 9.66903665 
3.0 9.11629845 
3.0 27.2473411 
3.0 26.5939422 
3.0 16.9124046 
3.0 9.25759205 
3.0 25.7661026 
3.0 12.8499567 
3.0 9.86371155 
3.0 32.2621509 
3.0 25.15646455 
3.0 28.84385805 
3.0 9.80572495 
3.0 32.1354852 
3.0 28.12785745 
3.0 32.3310183 
3.0 22.04894335 
3.0 32.28845655 
3.0 30.34187135 
3.0 30.9343237 
3.0 29.2511212 
3.0 25.0259506 
4.0 16.84271085 
4.0 16.8877863 
4.0 9.96371215 
4.0 9.43580575 
4.0 25.62864955 
4.0 26.52358135 
4.0 12.21199315 
4.0 13.69282285 
4.0 9.6928328 
4.0 10.02057735 
4.0 32.9647514 
4.0 31.8647882 
4.0 25.2158102 
4.0 24.24502605 
4.0 28.60892055 
4.0 29.1919873 
4.0 9.5510807 
4.0 10.65409555 
4.0 32.84897 
4.0 32.05727035 
4.0 28.18255055 
4.0 27.1571958 
4.0 32.59233985 
4.0 31.44746885 
4.0 21.87922555 
4.0 21.85810725 
4.0 32.21039535 
4.0 31.80289245 
4.0 30.2422918 
4.0 30.8622097 
4.0 30.01817385 
4.0 31.275398 
4.0 29.34225595 
4.0 29.83752415 
4.0 24.57288925 
4.0 25.6942959 
