# Position.Z vs. Particle Type (97 data points):
# "Particle Type" Position.Z
1.0 0.0 
1.0 0.0 
1.0 0.0 
1.0 0.0 
1.0 0.0 
1.0 0.0 
1.0 0.0 
1.0 0.0 
1.0 0.0 
1.0 2.2741768 
1.0 2.2741768 
1.0 2.2741768 
1.0 2.2741768 
1.0 2.2741768 
1.0 2.2741768 
1.0 2.2741768 
1.0 2.2741768 
1.0 2.2741768 
1.0 5.00525445 
1.0 4.26363945 
1.0 4.3002547 
1.0 4.3767388 
1.0 4.4869741 
1.0 4.512102 
1.0 4.36695595 
1.0 4.44111605 
1.0 4.47988135 
1.0 7.0696829 
1.0 6.49025195 
1.0 7.17444385 
1.0 6.8931429 
1.0 6.3744443 
1.0 7.3068667 
1.0 7.0373373 
1.0 6.47339595 
1.0 6.6724112 
2.0 8.1552863 
2.0 14.41653815 
2.0 8.20600585 
3.0 9.3310273 
3.0 9.43056555 
3.0 14.4997363 
3.0 14.38695475 
3.0 13.96532515 
3.0 11.8808935 
3.0 9.42026855 
3.0 9.93678105 
3.0 15.747067 
3.0 27.75897285 
3.0 28.21115045 
3.0 26.9755577 
3.0 11.03976615 
3.0 31.674265 
3.0 29.840377 
3.0 12.9654448 
3.0 26.62442265 
3.0 32.0383504 
3.0 32.1765934 
3.0 29.41354325 
3.0 29.642935 
3.0 31.62075875 
4.0 13.5649192 
4.0 14.6105554 
4.0 11.92788905 
4.0 11.0139988 
4.0 9.0537671 
4.0 9.94748685 
4.0 9.14701725 
4.0 9.6595954 
4.0 15.2409173 
4.0 15.15014445 
4.0 27.17763965 
4.0 28.35877485 
4.0 28.8738191 
4.0 28.73141495 
4.0 26.4013239 
4.0 27.30721 
4.0 11.63925665 
4.0 11.05015835 
4.0 30.90535735 
4.0 31.9104527 
4.0 30.58466915 
4.0 29.78916325 
4.0 12.22776835 
4.0 13.2969459 
4.0 26.3004336 
4.0 27.2432356 
4.0 31.30291185 
4.0 32.53429865 
4.0 32.50331595 
4.0 32.19909595 
4.0 30.1563521 
4.0 28.5965855 
4.0 28.93466695 
4.0 29.2789987 
4.0 30.8979867 
4.0 31.8846164 
