# Position.Z vs. Particle Type (97 data points):
# "Particle Type" Position.Z
1.0 0.0 
1.0 0.0 
1.0 0.0 
1.0 0.0 
1.0 0.0 
1.0 0.0 
1.0 0.0 
1.0 0.0 
1.0 0.0 
1.0 2.2741768 
1.0 2.2741768 
1.0 2.2741768 
1.0 2.2741768 
1.0 2.2741768 
1.0 2.2741768 
1.0 2.2741768 
1.0 2.2741768 
1.0 2.2741768 
1.0 5.308954 
1.0 4.2644882 
1.0 4.30532235 
1.0 4.44284995 
1.0 4.337011 
1.0 4.3965943 
1.0 4.43998695 
1.0 4.6291301 
1.0 4.64140285 
1.0 7.6286854 
1.0 6.6625272 
1.0 6.69916135 
1.0 7.2568972 
1.0 6.37376495 
1.0 7.43576225 
1.0 7.1087296 
1.0 6.6803772 
1.0 6.6354463 
2.0 8.6613366 
2.0 17.5340445 
2.0 8.107295 
3.0 9.86410285 
3.0 9.30697145 
3.0 17.87437785 
3.0 17.1372782 
3.0 13.3311885 
3.0 9.3127678 
3.0 10.22869435 
3.0 12.3798682 
3.0 11.53874645 
3.0 14.85657005 
3.0 26.77829595 
3.0 29.8780944 
3.0 13.18347625 
3.0 26.61567265 
3.0 23.2633919 
3.0 15.6897643 
3.0 26.8991254 
3.0 29.3708597 
3.0 31.5709821 
3.0 29.7914428 
3.0 24.27342785 
3.0 25.0159721 
4.0 14.0575365 
4.0 13.3174608 
4.0 8.93476675 
4.0 9.50919445 
4.0 10.21827765 
4.0 10.6934534 
4.0 13.22360795 
4.0 12.05063615 
4.0 10.7086154 
4.0 11.3081605 
4.0 14.336924 
4.0 15.65203955 
4.0 26.20995265 
4.0 26.194539 
4.0 28.9065504 
4.0 30.26193345 
4.0 12.5782993 
4.0 12.6254569 
4.0 27.22609015 
4.0 26.85090205 
4.0 22.3264335 
4.0 23.81132705 
4.0 15.29172365 
4.0 15.307712 
4.0 26.3697259 
4.0 27.6107132 
4.0 29.73672345 
4.0 29.82912275 
4.0 30.88312395 
4.0 32.20368935 
4.0 29.73474525 
4.0 28.86047255 
4.0 24.25641295 
4.0 23.7717368 
4.0 25.22767625 
4.0 25.5139535 
