# Position.Z vs. Particle Type (97 data points):
# "Particle Type" Position.Z
1.0 0.0 
1.0 0.0 
1.0 0.0 
1.0 0.0 
1.0 0.0 
1.0 0.0 
1.0 0.0 
1.0 0.0 
1.0 0.0 
1.0 2.2741768 
1.0 2.2741768 
1.0 2.2741768 
1.0 2.2741768 
1.0 2.2741768 
1.0 2.2741768 
1.0 2.2741768 
1.0 2.2741768 
1.0 2.2741768 
1.0 5.31353305 
1.0 4.30725855 
1.0 4.31448745 
1.0 4.44978625 
1.0 4.272394 
1.0 4.3870568 
1.0 4.1916952 
1.0 4.39272155 
1.0 4.5441375 
1.0 7.4687522 
1.0 6.53976995 
1.0 6.48507615 
1.0 7.1938335 
1.0 6.5533727 
1.0 7.39616675 
1.0 6.77436025 
1.0 6.33124625 
1.0 6.5075661 
2.0 8.48953105 
2.0 17.983322 
2.0 7.9632343 
3.0 9.67104355 
3.0 9.21044215 
3.0 16.86163745 
3.0 19.1101288 
3.0 11.19396425 
3.0 9.24957915 
3.0 22.1964631 
3.0 9.36651555 
3.0 12.91992345 
3.0 32.3483174 
3.0 21.2012521 
3.0 26.79213915 
3.0 10.44560825 
3.0 31.705674 
3.0 27.5508002 
3.0 25.36828175 
3.0 31.1262749 
3.0 32.0047357 
3.0 29.00990855 
3.0 30.4037986 
3.0 32.26583535 
3.0 27.70187175 
4.0 10.94531585 
4.0 10.88221435 
4.0 9.94243215 
4.0 8.8630556 
4.0 22.13851255 
4.0 21.70646345 
4.0 9.7262263 
4.0 9.493883 
4.0 13.49787775 
4.0 12.16733455 
4.0 33.18639765 
4.0 32.91272705 
4.0 20.7729088 
4.0 21.7974134 
4.0 26.0170197 
4.0 27.48271435 
4.0 10.97410265 
4.0 9.9321173 
4.0 31.49162555 
4.0 32.34494935 
4.0 27.15707855 
4.0 27.11259845 
4.0 26.2390898 
4.0 24.8372733 
4.0 30.5936281 
4.0 30.67558165 
4.0 31.97140345 
4.0 31.9126878 
4.0 28.8782298 
4.0 28.1651972 
4.0 30.6888757 
4.0 31.0655982 
4.0 31.9671709 
4.0 32.23534475 
4.0 28.53941615 
4.0 27.54387755 
