# Position.Z vs. Particle Type (97 data points):
# "Particle Type" Position.Z
1.0 0.0 
1.0 0.0 
1.0 0.0 
1.0 0.0 
1.0 0.0 
1.0 0.0 
1.0 0.0 
1.0 0.0 
1.0 0.0 
1.0 2.2741768 
1.0 2.2741768 
1.0 2.2741768 
1.0 2.2741768 
1.0 2.2741768 
1.0 2.2741768 
1.0 2.2741768 
1.0 2.2741768 
1.0 2.2741768 
1.0 5.16357135 
1.0 4.3881677 
1.0 4.31796365 
1.0 4.56326325 
1.0 4.2555142 
1.0 4.2214585 
1.0 4.394138 
1.0 4.29371915 
1.0 4.55920955 
1.0 7.21209335 
1.0 6.61102295 
1.0 6.58081865 
1.0 7.49374535 
1.0 6.3078568 
1.0 7.27286805 
1.0 6.93972265 
1.0 6.3260827 
1.0 6.5838892 
2.0 8.5663326 
2.0 14.12696565 
2.0 7.85528625 
3.0 9.7685028 
3.0 9.0573189 
3.0 15.00048795 
3.0 13.21032545 
3.0 11.2611233 
3.0 9.61231565 
3.0 9.44096475 
3.0 12.79323955 
3.0 11.81408235 
3.0 28.7444213 
3.0 29.99856755 
3.0 26.744046 
3.0 12.87481615 
3.0 31.0377312 
3.0 32.3091531 
3.0 25.34972895 
3.0 28.29611435 
3.0 32.0675964 
3.0 32.1192578 
3.0 28.00908495 
3.0 27.2472417 
3.0 32.51895675 
4.0 11.49148175 
4.0 10.51188985 
4.0 8.8759034 
4.0 10.349122 
4.0 9.6855185 
4.0 10.05045615 
4.0 12.32337505 
4.0 13.71754895 
4.0 11.01732555 
4.0 12.48308215 
4.0 28.9590371 
4.0 29.1181366 
4.0 29.73828095 
4.0 30.5354847 
4.0 26.8863238 
4.0 26.00097955 
4.0 12.42701145 
4.0 13.0394089 
4.0 31.42698825 
4.0 30.2191764 
4.0 31.8941357 
4.0 32.10404785 
4.0 26.22399885 
4.0 24.74591805 
4.0 27.5487856 
4.0 28.00279895 
4.0 32.3896713 
4.0 32.57604875 
4.0 31.8229541 
4.0 33.094075 
4.0 28.39512655 
4.0 27.1658891 
4.0 28.1212197 
4.0 27.44454545 
4.0 32.3301237 
4.0 32.0267829 
