# Position.Z vs. Particle Type (97 data points):
# "Particle Type" Position.Z
1.0 0.0 
1.0 0.0 
1.0 0.0 
1.0 0.0 
1.0 0.0 
1.0 0.0 
1.0 0.0 
1.0 0.0 
1.0 0.0 
1.0 2.2741768 
1.0 2.2741768 
1.0 2.2741768 
1.0 2.2741768 
1.0 2.2741768 
1.0 2.2741768 
1.0 2.2741768 
1.0 2.2741768 
1.0 2.2741768 
1.0 5.39772835 
1.0 4.2081466 
1.0 4.2812294 
1.0 4.3607753 
1.0 4.42259615 
1.0 4.3685124 
1.0 4.28408925 
1.0 4.478278 
1.0 4.61041105 
1.0 7.2958137 
1.0 6.4808352 
1.0 6.71514165 
1.0 7.2559116 
1.0 6.36872005 
1.0 7.55160595 
1.0 6.60897545 
1.0 6.39428265 
1.0 6.83481995 
2.0 8.5865129 
2.0 25.22026955 
2.0 7.92215025 
3.0 9.74258145 
3.0 9.1386512 
3.0 26.2483032 
3.0 24.14062805 
3.0 13.64891745 
3.0 9.3712003 
3.0 12.3779852 
3.0 14.62239345 
3.0 11.15653175 
3.0 28.7224119 
3.0 27.2532904 
3.0 27.6268363 
3.0 11.47490225 
3.0 32.0993883 
3.0 29.41901305 
3.0 31.8291274 
3.0 22.1919243 
3.0 32.39523455 
3.0 31.8921918 
3.0 29.78639265 
3.0 28.14942445 
3.0 25.6621624 
4.0 14.07570675 
4.0 13.45243095 
4.0 9.90468115 
4.0 9.2636208 
4.0 12.08514615 
4.0 11.4914093 
4.0 13.658148 
4.0 14.95535475 
4.0 11.25590935 
4.0 12.03552735 
4.0 28.3682945 
4.0 29.0168697 
4.0 26.9177188 
4.0 27.0039966 
4.0 27.0129902 
4.0 27.8227663 
4.0 11.11842865 
4.0 10.85852355 
4.0 31.56487005 
4.0 33.0391894 
4.0 29.3351184 
4.0 30.30481265 
4.0 32.09058125 
4.0 32.6145456 
4.0 22.24306 
4.0 21.754054 
4.0 31.96375945 
4.0 32.29239825 
4.0 31.30554105 
4.0 31.83728345 
4.0 29.4726551 
4.0 29.33728735 
4.0 27.938638 
4.0 29.0407306 
4.0 26.5953779 
4.0 25.1894706 
