# Position.Z vs. Particle Type (97 data points):
# "Particle Type" Position.Z
1.0 0.0 
1.0 0.0 
1.0 0.0 
1.0 0.0 
1.0 0.0 
1.0 0.0 
1.0 0.0 
1.0 0.0 
1.0 0.0 
1.0 2.2741768 
1.0 2.2741768 
1.0 2.2741768 
1.0 2.2741768 
1.0 2.2741768 
1.0 2.2741768 
1.0 2.2741768 
1.0 2.2741768 
1.0 2.2741768 
1.0 5.07227 
1.0 4.28472345 
1.0 4.3379392 
1.0 4.3035503 
1.0 4.33573245 
1.0 4.30237535 
1.0 4.41164955 
1.0 4.4526356 
1.0 4.61357015 
1.0 7.52471545 
1.0 6.5341003 
1.0 6.7796988 
1.0 6.94849785 
1.0 6.4773555 
1.0 6.9709101 
1.0 6.56689215 
1.0 6.293203 
1.0 6.71141485 
2.0 8.1617907 
2.0 15.00678095 
2.0 7.95329815 
3.0 9.34045385 
3.0 9.14875115 
3.0 14.2120118 
3.0 15.86673795 
3.0 12.03214495 
3.0 9.34208065 
3.0 21.48704845 
3.0 10.84271825 
3.0 12.0868531 
3.0 31.79282575 
3.0 23.62588865 
3.0 27.43559035 
3.0 9.8782838 
3.0 31.95876425 
3.0 28.42374535 
3.0 27.21869465 
3.0 28.28574035 
3.0 32.50337475 
3.0 29.60936055 
3.0 32.64891245 
3.0 30.8647759 
3.0 29.65824225 
4.0 11.4099944 
4.0 12.63177895 
4.0 10.04162145 
4.0 9.6617115 
4.0 21.78960525 
4.0 20.61417855 
4.0 10.69497835 
4.0 11.70609615 
4.0 11.2811531 
4.0 12.04861175 
4.0 32.65028935 
4.0 31.4730787 
4.0 23.35812675 
4.0 24.6040116 
4.0 26.8228072 
4.0 27.9822494 
4.0 10.06017775 
4.0 9.273418 
4.0 31.8776325 
4.0 32.61977915 
4.0 27.54976385 
4.0 28.7687596 
4.0 27.81177035 
4.0 27.88057195 
4.0 27.6332938 
4.0 27.83723635 
4.0 32.1130075 
4.0 32.73355155 
4.0 30.383941 
4.0 29.5209565 
4.0 32.8455281 
4.0 32.72988215 
4.0 30.1659246 
4.0 30.4087049 
4.0 30.58243265 
4.0 29.4994224 
