# Position.Z vs. Particle Type (97 data points):
# "Particle Type" Position.Z
1.0 0.0 
1.0 0.0 
1.0 0.0 
1.0 0.0 
1.0 0.0 
1.0 0.0 
1.0 0.0 
1.0 0.0 
1.0 0.0 
1.0 2.2741768 
1.0 2.2741768 
1.0 2.2741768 
1.0 2.2741768 
1.0 2.2741768 
1.0 2.2741768 
1.0 2.2741768 
1.0 2.2741768 
1.0 2.2741768 
1.0 5.2946152 
1.0 4.4227939 
1.0 4.39494265 
1.0 4.21845725 
1.0 4.25159315 
1.0 4.3670879 
1.0 4.42697395 
1.0 4.33949705 
1.0 4.69919205 
1.0 7.09386055 
1.0 6.4426586 
1.0 6.6678934 
1.0 7.5519948 
1.0 6.2925933 
1.0 7.3173611 
1.0 6.54837085 
1.0 6.42453175 
1.0 7.0747523 
2.0 8.4033593 
2.0 26.87480775 
2.0 7.9411185 
3.0 9.6391211 
3.0 9.1634039 
3.0 27.08717235 
3.0 26.59204485 
3.0 17.3671036 
3.0 9.48038105 
3.0 23.38270375 
3.0 12.1107189 
3.0 9.4146955 
3.0 31.76503365 
3.0 24.50041265 
3.0 28.5184767 
3.0 10.06685785 
3.0 32.63409345 
3.0 28.5413807 
3.0 32.0488378 
3.0 21.88431105 
3.0 31.7187997 
3.0 30.61378565 
3.0 30.43523035 
3.0 29.52048295 
3.0 23.70707605 
4.0 17.1123015 
4.0 16.82821035 
4.0 10.09158185 
4.0 9.7505044 
4.0 23.99560135 
4.0 24.03336565 
4.0 12.8349193 
4.0 11.4969512 
4.0 9.2954421 
4.0 9.60136485 
4.0 31.5276598 
4.0 32.7075574 
4.0 24.98247465 
4.0 23.7259484 
4.0 27.74113825 
4.0 28.9415315 
4.0 9.87398825 
4.0 10.82952325 
4.0 32.40438775 
4.0 32.72759175 
4.0 29.24077485 
4.0 27.73938335 
4.0 32.10075365 
4.0 31.8472427 
4.0 21.55335105 
4.0 22.1158014 
4.0 32.58466365 
4.0 31.3920936 
4.0 29.9425756 
4.0 31.237339 
4.0 29.9957217 
4.0 30.98816595 
4.0 29.43347925 
4.0 29.6336908 
4.0 24.33413255 
4.0 23.37432265 
