# Position.Z vs. Particle Type (97 data points):
# "Particle Type" Position.Z
1.0 0.0 
1.0 0.0 
1.0 0.0 
1.0 0.0 
1.0 0.0 
1.0 0.0 
1.0 0.0 
1.0 0.0 
1.0 0.0 
1.0 2.2741768 
1.0 2.2741768 
1.0 2.2741768 
1.0 2.2741768 
1.0 2.2741768 
1.0 2.2741768 
1.0 2.2741768 
1.0 2.2741768 
1.0 2.2741768 
1.0 5.1860116 
1.0 4.2202496 
1.0 4.3190336 
1.0 4.31261425 
1.0 4.43493575 
1.0 4.42091265 
1.0 4.8219276 
1.0 4.2562751 
1.0 4.3871093 
1.0 7.4886322 
1.0 6.4850996 
1.0 6.83806095 
1.0 7.4348715 
1.0 6.48697035 
1.0 6.93083125 
1.0 6.79421925 
1.0 6.4881474 
1.0 6.68875655 
2.0 8.3905318 
2.0 13.1404567 
2.0 7.87670275 
3.0 9.5661188 
3.0 9.0715947 
3.0 12.81594195 
3.0 13.4482425 
3.0 11.2898436 
3.0 9.86512205 
3.0 26.6739585 
3.0 10.93829695 
3.0 9.50222455 
3.0 31.80383605 
3.0 25.0882541 
3.0 29.08625895 
3.0 9.9977248 
3.0 31.71919205 
3.0 27.3331408 
3.0 29.9347636 
3.0 26.80400135 
3.0 31.82008025 
3.0 31.985268 
3.0 32.663722 
3.0 27.34009565 
3.0 28.59868235 
4.0 11.1999398 
4.0 10.85432845 
4.0 10.3243469 
4.0 9.9461964 
4.0 25.88380025 
4.0 26.9338685 
4.0 11.1236874 
4.0 10.06772865 
4.0 9.86562325 
4.0 9.7290767 
4.0 32.57368345 
4.0 32.0195099 
4.0 25.63226715 
4.0 24.9450845 
4.0 28.95629275 
4.0 30.06725925 
4.0 10.0646651 
4.0 10.27374985 
4.0 32.5891489 
4.0 31.7804655 
4.0 26.4142613 
4.0 27.5963947 
4.0 29.01759525 
4.0 30.432619 
4.0 26.22656225 
4.0 27.5619722 
4.0 32.7149214 
4.0 31.3672681 
4.0 31.50090545 
4.0 31.6453494 
4.0 32.21938755 
4.0 32.3047039 
4.0 27.07679695 
4.0 27.34342415 
4.0 28.62760635 
4.0 28.1666665 
