# Position.Z vs. Particle Type (97 data points):
# "Particle Type" Position.Z
1.0 0.0 
1.0 0.0 
1.0 0.0 
1.0 0.0 
1.0 0.0 
1.0 0.0 
1.0 0.0 
1.0 0.0 
1.0 0.0 
1.0 2.2741768 
1.0 2.2741768 
1.0 2.2741768 
1.0 2.2741768 
1.0 2.2741768 
1.0 2.2741768 
1.0 2.2741768 
1.0 2.2741768 
1.0 2.2741768 
1.0 5.5016213 
1.0 4.39669405 
1.0 4.434297 
1.0 4.8076693 
1.0 4.23320765 
1.0 4.5504627 
1.0 4.20581595 
1.0 4.540256 
1.0 4.46833625 
1.0 7.96821865 
1.0 6.8092444 
1.0 6.36335385 
1.0 7.42357175 
1.0 6.3434819 
1.0 7.4235469 
1.0 6.96276805 
1.0 6.52118075 
1.0 6.82594815 
2.0 8.7829693 
2.0 16.56416335 
2.0 7.8443267 
3.0 9.96920855 
3.0 8.98385005 
3.0 16.96694475 
3.0 16.30231295 
3.0 11.5904943 
3.0 9.90826305 
3.0 9.41807755 
3.0 11.9092246 
3.0 10.31291205 
3.0 14.1050224 
3.0 22.21396065 
3.0 19.8248771 
3.0 12.91366195 
3.0 24.438239 
3.0 20.57459985 
3.0 15.1955783 
3.0 22.2986827 
3.0 24.33392395 
3.0 25.33638345 
3.0 25.6717622 
3.0 21.7262185 
3.0 17.6159081 
4.0 11.42629145 
4.0 12.22600575 
4.0 9.92688515 
4.0 9.61245425 
4.0 10.16461985 
4.0 8.65409405 
4.0 12.12219645 
4.0 11.9263578 
4.0 10.2962643 
4.0 10.0993676 
4.0 14.7376075 
4.0 14.42961205 
4.0 22.69182125 
4.0 22.15677205 
4.0 20.0635617 
4.0 20.41396665 
4.0 12.41314725 
4.0 13.52932175 
4.0 23.529905 
4.0 24.9018525 
4.0 20.6070179 
4.0 19.6964992 
4.0 15.96575785 
4.0 14.45189515 
4.0 21.65564765 
4.0 22.99138135 
4.0 23.9910867 
4.0 24.3041876 
4.0 25.23432905 
4.0 26.28959305 
4.0 25.4054038 
4.0 26.29615695 
4.0 21.37563785 
4.0 21.96962215 
4.0 17.1553074 
4.0 18.37481135 
