# Position.Z vs. Particle Type (97 data points):
# "Particle Type" Position.Z
1.0 0.0 
1.0 0.0 
1.0 0.0 
1.0 0.0 
1.0 0.0 
1.0 0.0 
1.0 0.0 
1.0 0.0 
1.0 0.0 
1.0 2.2741768 
1.0 2.2741768 
1.0 2.2741768 
1.0 2.2741768 
1.0 2.2741768 
1.0 2.2741768 
1.0 2.2741768 
1.0 2.2741768 
1.0 2.2741768 
1.0 5.25901775 
1.0 4.3001455 
1.0 4.3721349 
1.0 4.2999271 
1.0 4.46009935 
1.0 4.30712695 
1.0 4.28621445 
1.0 4.29345455 
1.0 4.76600495 
1.0 7.1757434 
1.0 6.50298635 
1.0 6.64931435 
1.0 7.51489655 
1.0 6.4042832 
1.0 7.14565985 
1.0 6.61743285 
1.0 6.4673966 
1.0 6.7815832 
2.0 8.38675425 
2.0 14.43059065 
2.0 7.7526148 
3.0 9.56361595 
3.0 8.9715962 
3.0 14.5910996 
3.0 14.2662968 
3.0 12.3619944 
3.0 12.258393 
3.0 9.7419581 
3.0 8.81234375 
3.0 16.6634286 
3.0 28.40426365 
3.0 29.2264238 
3.0 27.01304935 
3.0 10.3067167 
3.0 32.0620664 
3.0 31.4071688 
3.0 14.0532567 
3.0 26.92428095 
3.0 32.45557665 
3.0 31.12958135 
3.0 28.23012395 
3.0 29.7146178 
3.0 32.3505189 
4.0 12.512836 
4.0 11.43795975 
4.0 12.63606085 
4.0 12.2717609 
4.0 10.2915974 
4.0 10.0696393 
4.0 8.28465995 
4.0 9.4499195 
4.0 17.6153698 
4.0 16.4977813 
4.0 28.5090351 
4.0 27.4470987 
4.0 29.58272975 
4.0 29.93976335 
4.0 27.4149778 
4.0 27.33114545 
4.0 10.6825411 
4.0 9.6096546 
4.0 31.8118948 
4.0 33.0317323 
4.0 31.4965301 
4.0 32.0234656 
4.0 14.6876933 
4.0 13.61542875 
4.0 26.7908704 
4.0 27.4369445 
4.0 32.6886007 
4.0 31.6021811 
4.0 32.1013742 
4.0 31.0569168 
4.0 29.20369445 
4.0 27.81114105 
4.0 29.2499172 
4.0 28.98017885 
4.0 32.68171235 
4.0 31.4898227 
