# Position.Z vs. Particle Type (97 data points):
# "Particle Type" Position.Z
1.0 0.0 
1.0 0.0 
1.0 0.0 
1.0 0.0 
1.0 0.0 
1.0 0.0 
1.0 0.0 
1.0 0.0 
1.0 0.0 
1.0 2.2741768 
1.0 2.2741768 
1.0 2.2741768 
1.0 2.2741768 
1.0 2.2741768 
1.0 2.2741768 
1.0 2.2741768 
1.0 2.2741768 
1.0 2.2741768 
1.0 5.0899982 
1.0 4.5182172 
1.0 4.4053947 
1.0 4.2230181 
1.0 4.3302147 
1.0 4.2619948 
1.0 4.37418345 
1.0 4.304083 
1.0 4.5332035 
1.0 7.02980495 
1.0 6.52002505 
1.0 6.3213899 
1.0 7.4770885 
1.0 7.0785862 
1.0 7.31885735 
1.0 6.35345655 
1.0 6.4014965 
1.0 6.9223973 
2.0 8.3833533 
2.0 19.3050221 
2.0 8.13655465 
3.0 9.53847755 
3.0 9.2989939 
3.0 18.3112818 
3.0 20.2871585 
3.0 11.53139925 
3.0 10.56772605 
3.0 30.36653655 
3.0 9.51691265 
3.0 11.42827245 
3.0 31.9853975 
3.0 28.4095287 
3.0 27.2857669 
3.0 12.4515881 
3.0 32.7285826 
3.0 24.569216 
3.0 26.79883395 
3.0 31.8771985 
3.0 32.12180965 
3.0 25.2332794 
3.0 26.8455691 
3.0 31.56443045 
3.0 29.30739385 
4.0 12.1405053 
4.0 11.5146647 
4.0 9.6611151 
4.0 10.8628765 
4.0 31.1500154 
4.0 29.8983762 
4.0 10.2540522 
4.0 9.9299977 
4.0 11.69264355 
4.0 11.24033785 
4.0 32.10537505 
4.0 31.95411765 
4.0 28.7708421 
4.0 28.86005395 
4.0 27.6730251 
4.0 27.7288319 
4.0 13.0289985 
4.0 11.62169015 
4.0 31.9601632 
4.0 32.6609171 
4.0 25.10929715 
4.0 25.17883235 
4.0 26.7120763 
4.0 25.95522475 
4.0 31.24293935 
4.0 32.6363898 
4.0 33.06531445 
4.0 31.7402218 
4.0 24.55127045 
4.0 26.0435266 
4.0 26.00285625 
4.0 26.777247 
4.0 31.2208106 
4.0 32.482856 
4.0 28.4721143 
4.0 29.33034125 
