# Position.Z vs. Particle Type (97 data points):
# "Particle Type" Position.Z
1.0 0.0 
1.0 0.0 
1.0 0.0 
1.0 0.0 
1.0 0.0 
1.0 0.0 
1.0 0.0 
1.0 0.0 
1.0 0.0 
1.0 2.2741768 
1.0 2.2741768 
1.0 2.2741768 
1.0 2.2741768 
1.0 2.2741768 
1.0 2.2741768 
1.0 2.2741768 
1.0 2.2741768 
1.0 2.2741768 
1.0 5.17207355 
1.0 4.58143735 
1.0 4.3733249 
1.0 4.4823401 
1.0 4.35585885 
1.0 4.4817353 
1.0 4.36867515 
1.0 4.25435955 
1.0 4.423482 
1.0 7.23633995 
1.0 6.4693923 
1.0 6.3211841 
1.0 7.35953505 
1.0 6.91984265 
1.0 7.29789095 
1.0 6.6980753 
1.0 6.33564365 
1.0 7.1364349 
2.0 8.47621985 
2.0 18.6787846 
2.0 8.03925955 
3.0 9.64891025 
3.0 9.24093625 
3.0 17.6555568 
3.0 19.6236117 
3.0 10.1904033 
3.0 10.14207565 
3.0 29.19935305 
3.0 9.110353 
3.0 11.3051715 
3.0 32.1435744 
3.0 28.5683916 
3.0 27.29371785 
3.0 12.6203609 
3.0 32.37503675 
3.0 25.5811759 
3.0 26.1606793 
3.0 31.81500245 
3.0 32.09354855 
3.0 25.6442907 
3.0 27.086955 
3.0 31.19716075 
3.0 28.800583 
4.0 10.77999265 
4.0 9.74175895 
4.0 9.7781642 
4.0 9.4250604 
4.0 29.81595575 
4.0 28.43977605 
4.0 9.14144945 
4.0 9.61637775 
4.0 11.7696684 
4.0 11.49685005 
4.0 32.10956665 
4.0 31.930724 
4.0 28.43520785 
4.0 29.493289 
4.0 27.75901555 
4.0 26.50400725 
4.0 13.50074705 
4.0 12.115537 
4.0 32.20316995 
4.0 32.4301439 
4.0 26.46147665 
4.0 25.3088577 
4.0 25.84175545 
4.0 26.8145773 
4.0 31.22296065 
4.0 32.7167659 
4.0 32.5949652 
4.0 32.43021985 
4.0 25.6795091 
4.0 26.62278745 
4.0 26.26513435 
4.0 27.41755485 
4.0 30.56521965 
4.0 31.41487895 
4.0 28.3528028 
4.0 29.15316915 
