# Position.Z vs. Particle Type (97 data points):
# "Particle Type" Position.Z
1.0 0.0 
1.0 0.0 
1.0 0.0 
1.0 0.0 
1.0 0.0 
1.0 0.0 
1.0 0.0 
1.0 0.0 
1.0 0.0 
1.0 2.2741768 
1.0 2.2741768 
1.0 2.2741768 
1.0 2.2741768 
1.0 2.2741768 
1.0 2.2741768 
1.0 2.2741768 
1.0 2.2741768 
1.0 2.2741768 
1.0 5.5326474 
1.0 4.3004731 
1.0 4.30350305 
1.0 4.3678642 
1.0 4.35543535 
1.0 4.19913865 
1.0 4.3348291 
1.0 5.069106 
1.0 4.7052054 
1.0 7.73148635 
1.0 7.20792695 
1.0 6.53779945 
1.0 7.09645125 
1.0 6.20767805 
1.0 7.77498715 
1.0 6.60743405 
1.0 6.5875474 
1.0 6.7293443 
2.0 8.59477885 
2.0 12.10387745 
2.0 7.91446145 
3.0 9.72957475 
3.0 9.02913865 
3.0 10.96631795 
3.0 13.23416745 
3.0 11.22484125 
3.0 9.9249556 
3.0 10.37178485 
3.0 11.0687185 
3.0 12.3843482 
3.0 12.7009274 
3.0 16.2987622 
3.0 16.2063692 
3.0 14.68625725 
3.0 16.59053305 
3.0 14.4770164 
3.0 14.3760638 
3.0 17.556364 
3.0 18.5358362 
3.0 19.1539124 
3.0 20.05778425 
3.0 20.25348395 
3.0 18.9523859 
4.0 10.5659547 
4.0 11.41934045 
4.0 10.6455615 
4.0 10.03332785 
4.0 11.05133505 
4.0 9.57572735 
4.0 11.0964609 
4.0 10.1111157 
4.0 12.33573635 
4.0 13.0487196 
4.0 13.1794866 
4.0 11.90630805 
4.0 16.021376 
4.0 17.26568585 
4.0 15.72715725 
4.0 15.8859092 
4.0 14.8457631 
4.0 15.3883366 
4.0 16.28795875 
4.0 17.2117162 
4.0 14.5728051 
4.0 14.53815755 
4.0 14.5357695 
4.0 13.95666125 
4.0 16.6264126 
4.0 17.6732164 
4.0 19.2029586 
4.0 19.01638935 
4.0 19.1806972 
4.0 19.9653937 
4.0 19.29834795 
4.0 19.92515315 
4.0 21.0578179 
4.0 19.7716645 
4.0 18.88174155 
4.0 18.02807895 
