# Position.Z vs. Particle Type (97 data points):
# "Particle Type" Position.Z
1.0 0.0 
1.0 0.0 
1.0 0.0 
1.0 0.0 
1.0 0.0 
1.0 0.0 
1.0 0.0 
1.0 0.0 
1.0 0.0 
1.0 2.2741768 
1.0 2.2741768 
1.0 2.2741768 
1.0 2.2741768 
1.0 2.2741768 
1.0 2.2741768 
1.0 2.2741768 
1.0 2.2741768 
1.0 2.2741768 
1.0 4.9960848 
1.0 4.2810936 
1.0 4.40709815 
1.0 4.4537934 
1.0 4.4490978 
1.0 4.23259935 
1.0 4.24694725 
1.0 4.378395 
1.0 4.5218502 
1.0 6.88982525 
1.0 6.371505 
1.0 6.41871125 
1.0 7.1765848 
1.0 6.7536343 
1.0 7.1686377 
1.0 6.46816835 
1.0 6.3134967 
1.0 7.1171317 
2.0 8.28206785 
2.0 17.32014515 
2.0 8.31343135 
3.0 9.48643955 
3.0 9.42494595 
3.0 16.36774055 
3.0 18.28667785 
3.0 10.67216045 
3.0 11.09319505 
3.0 27.7957036 
3.0 8.84113545 
3.0 11.2884268 
3.0 32.5848138 
3.0 29.6175509 
3.0 26.12204455 
3.0 12.0614053 
3.0 32.3820392 
3.0 24.6153831 
3.0 25.0975214 
3.0 31.94183055 
3.0 32.2244447 
3.0 27.06223695 
3.0 28.32550735 
3.0 30.82168985 
3.0 29.5380869 
4.0 11.16264275 
4.0 10.7335963 
4.0 11.30196935 
4.0 10.13425735 
4.0 28.58310035 
4.0 28.1989127 
4.0 9.03938735 
4.0 9.6153778 
4.0 11.82834625 
4.0 11.8392239 
4.0 32.70404795 
4.0 32.30669225 
4.0 30.2685943 
4.0 30.1139454 
4.0 26.1837198 
4.0 25.68866335 
4.0 11.32451915 
4.0 12.1312303 
4.0 32.3276933 
4.0 32.09749235 
4.0 23.8963823 
4.0 24.3327861 
4.0 24.944612 
4.0 26.0400721 
4.0 31.03128455 
4.0 32.5665207 
4.0 32.29401 
4.0 33.1768696 
4.0 28.02687545 
4.0 26.8470405 
4.0 28.21253995 
4.0 27.6595333 
4.0 31.09388345 
4.0 31.30028405 
4.0 29.0848054 
4.0 28.9494219 
