# Position.Z vs. Particle Type (97 data points):
# "Particle Type" Position.Z
1.0 0.0 
1.0 0.0 
1.0 0.0 
1.0 0.0 
1.0 0.0 
1.0 0.0 
1.0 0.0 
1.0 0.0 
1.0 0.0 
1.0 2.2741768 
1.0 2.2741768 
1.0 2.2741768 
1.0 2.2741768 
1.0 2.2741768 
1.0 2.2741768 
1.0 2.2741768 
1.0 2.2741768 
1.0 2.2741768 
1.0 5.148675 
1.0 4.96455715 
1.0 4.3521912 
1.0 4.2457471 
1.0 4.3801009 
1.0 4.2977165 
1.0 4.3584513 
1.0 4.25962565 
1.0 4.4042656 
1.0 7.00166005 
1.0 6.37197785 
1.0 6.44463295 
1.0 7.40396195 
1.0 7.3853297 
1.0 7.4169473 
1.0 6.47359265 
1.0 6.5821245 
1.0 7.09468585 
2.0 8.4950761 
2.0 21.1421553 
2.0 8.16152225 
3.0 9.6618375 
3.0 9.27750565 
3.0 21.29574895 
3.0 20.9511939 
3.0 10.67033975 
3.0 11.3447586 
3.0 30.23244175 
3.0 9.31661675 
3.0 9.7469841 
3.0 31.9269377 
3.0 29.13237495 
3.0 23.79157935 
3.0 12.64274445 
3.0 32.286464 
3.0 24.11098655 
3.0 24.5881629 
3.0 31.9765243 
3.0 29.5014496 
3.0 23.29068595 
3.0 26.5567855 
3.0 32.68609155 
3.0 27.9447966 
4.0 10.36917525 
4.0 10.4056701 
4.0 11.97629195 
4.0 11.1745144 
4.0 30.51217995 
4.0 29.75271355 
4.0 10.02880515 
4.0 9.6414661 
4.0 9.79737395 
4.0 8.91889845 
4.0 31.1992135 
4.0 32.74461155 
4.0 29.4862281 
4.0 28.43359995 
4.0 22.84349655 
4.0 23.78568115 
4.0 12.6840994 
4.0 11.87606385 
4.0 32.2696626 
4.0 31.64099435 
4.0 24.5567469 
4.0 23.6644072 
4.0 25.11996795 
4.0 25.23778495 
4.0 32.1237637 
4.0 32.7642826 
4.0 29.49888725 
4.0 30.4480659 
4.0 22.390039 
4.0 23.8648837 
4.0 26.6360367 
4.0 25.6124323 
4.0 32.52383155 
4.0 32.1587574 
4.0 27.50571845 
4.0 27.3520149 
