# Position.Z vs. Particle Type (97 data points):
# "Particle Type" Position.Z
1.0 0.0 
1.0 0.0 
1.0 0.0 
1.0 0.0 
1.0 0.0 
1.0 0.0 
1.0 0.0 
1.0 0.0 
1.0 0.0 
1.0 2.2741768 
1.0 2.2741768 
1.0 2.2741768 
1.0 2.2741768 
1.0 2.2741768 
1.0 2.2741768 
1.0 2.2741768 
1.0 2.2741768 
1.0 2.2741768 
1.0 5.0582084 
1.0 4.20218295 
1.0 4.38030145 
1.0 4.3299403 
1.0 4.58013465 
1.0 4.3307859 
1.0 4.30390205 
1.0 4.33886145 
1.0 4.28041565 
1.0 7.4729473 
1.0 6.2781908 
1.0 6.46768815 
1.0 7.42621985 
1.0 6.4601796 
1.0 6.85998705 
1.0 7.0066514 
1.0 6.5256149 
1.0 6.8614917 
2.0 8.32757415 
2.0 14.731731 
2.0 7.9535491 
3.0 9.4444126 
3.0 9.13484285 
3.0 13.9278314 
3.0 15.5021321 
3.0 15.60455085 
3.0 12.0173809 
3.0 9.3519321 
3.0 9.8184779 
3.0 13.36829445 
3.0 27.2566182 
3.0 27.6355212 
3.0 26.0949038 
3.0 12.68154895 
3.0 32.1739866 
3.0 29.1032182 
3.0 13.7308178 
3.0 27.2230903 
3.0 32.2121534 
3.0 32.2013664 
3.0 29.29655855 
3.0 29.73744375 
3.0 31.77587525 
4.0 16.54032555 
4.0 15.44593785 
4.0 12.1885365 
4.0 11.2131124 
4.0 9.52457975 
4.0 9.2079281 
4.0 9.4623802 
4.0 9.88901725 
4.0 13.6807566 
4.0 13.56357905 
4.0 27.38800085 
4.0 27.15688885 
4.0 27.8969698 
4.0 28.46134795 
4.0 25.21851255 
4.0 26.72268935 
4.0 12.9210424 
4.0 11.78082255 
4.0 32.79857595 
4.0 31.78199815 
4.0 30.04649935 
4.0 29.0973564 
4.0 14.1998626 
4.0 13.4778042 
4.0 26.82866375 
4.0 26.5733216 
4.0 32.55224665 
4.0 31.81993115 
4.0 33.1060751 
4.0 32.2495894 
4.0 29.635004 
4.0 28.4075393 
4.0 28.86785755 
4.0 29.69529325 
4.0 31.1290329 
4.0 32.5521588 
