# Position.Z vs. Particle Type (97 data points):
# "Particle Type" Position.Z
1.0 0.0 
1.0 0.0 
1.0 0.0 
1.0 0.0 
1.0 0.0 
1.0 0.0 
1.0 0.0 
1.0 0.0 
1.0 0.0 
1.0 2.2741768 
1.0 2.2741768 
1.0 2.2741768 
1.0 2.2741768 
1.0 2.2741768 
1.0 2.2741768 
1.0 2.2741768 
1.0 2.2741768 
1.0 2.2741768 
1.0 5.1475739 
1.0 4.80101335 
1.0 4.4086252 
1.0 4.41110495 
1.0 4.2310023 
1.0 4.21370775 
1.0 4.3824683 
1.0 5.3446176 
1.0 4.25184235 
1.0 7.61397945 
1.0 7.34656965 
1.0 6.45910475 
1.0 7.25942525 
1.0 6.5553544 
1.0 7.34689305 
1.0 6.73285865 
1.0 6.4824032 
1.0 6.44824355 
2.0 8.75168875 
2.0 11.08925755 
2.0 7.89726105 
3.0 9.9521555 
3.0 9.03735595 
3.0 9.9567223 
3.0 12.2463873 
3.0 10.4196799 
3.0 9.48022635 
3.0 10.0900947 
3.0 10.59332575 
3.0 12.0096655 
3.0 12.0028629 
3.0 15.34086645 
3.0 15.1696209 
3.0 13.6918572 
3.0 15.9889464 
3.0 14.97915335 
3.0 14.43285795 
3.0 17.541118 
3.0 18.43485945 
3.0 18.4322817 
3.0 19.0324624 
3.0 19.0793386 
3.0 17.64324345 
4.0 9.58334895 
4.0 10.12603025 
4.0 10.26149215 
4.0 9.39641465 
4.0 10.8351187 
4.0 9.64786725 
4.0 10.8474338 
4.0 9.8177471 
4.0 11.8388382 
4.0 11.9809725 
4.0 12.37792535 
4.0 12.09052215 
4.0 15.30712715 
4.0 16.29977825 
4.0 14.88689545 
4.0 15.18431915 
4.0 14.07317065 
4.0 14.42120925 
4.0 15.8483829 
4.0 16.597966 
4.0 14.72411325 
4.0 14.9679831 
4.0 14.7299362 
4.0 13.72135135 
4.0 16.6401529 
4.0 18.12936335 
4.0 18.9331184 
4.0 18.4195732 
4.0 18.61186565 
4.0 18.67675705 
4.0 18.5589985 
4.0 18.99598015 
4.0 20.0143902 
4.0 18.57153865 
4.0 17.8065748 
4.0 16.77971295 
