# Position.Z vs. Particle Type (97 data points):
# "Particle Type" Position.Z
1.0 0.0 
1.0 0.0 
1.0 0.0 
1.0 0.0 
1.0 0.0 
1.0 0.0 
1.0 0.0 
1.0 0.0 
1.0 0.0 
1.0 2.2741768 
1.0 2.2741768 
1.0 2.2741768 
1.0 2.2741768 
1.0 2.2741768 
1.0 2.2741768 
1.0 2.2741768 
1.0 2.2741768 
1.0 2.2741768 
1.0 5.10768265 
1.0 4.40066795 
1.0 4.48926765 
1.0 4.64945845 
1.0 4.54156605 
1.0 4.09790115 
1.0 4.20866425 
1.0 4.5749886 
1.0 4.26627845 
1.0 7.92172605 
1.0 6.29689515 
1.0 6.77921405 
1.0 7.1390788 
1.0 6.4607151 
1.0 7.154238 
1.0 7.04914315 
1.0 6.33366335 
1.0 7.10323775 
2.0 8.46549725 
2.0 17.6027523 
2.0 8.0524066 
3.0 9.5064718 
3.0 9.2549674 
3.0 17.92586145 
3.0 17.13940235 
3.0 13.8339355 
3.0 9.6296214 
3.0 9.8625954 
3.0 12.1236178 
3.0 12.2523856 
3.0 13.8663511 
3.0 26.25758275 
3.0 28.63079135 
3.0 13.6914407 
3.0 26.57522735 
3.0 22.32159965 
3.0 15.6614003 
3.0 26.1632371 
3.0 28.9909774 
3.0 30.2993425 
3.0 29.2032076 
3.0 24.4264923 
3.0 23.7909714 
4.0 14.50051155 
4.0 14.02925685 
4.0 9.3071573 
4.0 9.94876225 
4.0 10.36552195 
4.0 10.4901818 
4.0 12.7952559 
4.0 12.3627392 
4.0 11.30631005 
4.0 12.42288355 
4.0 13.7745412 
4.0 14.7837907 
4.0 26.13054395 
4.0 25.7777051 
4.0 27.76663085 
4.0 29.164849 
4.0 12.98194065 
4.0 13.8557818 
4.0 26.5642923 
4.0 26.50197095 
4.0 21.42122185 
4.0 22.91412235 
4.0 16.51553645 
4.0 14.996093 
4.0 25.4898665 
4.0 26.97692515 
4.0 28.8010891 
4.0 28.9459058 
4.0 30.7870766 
4.0 30.388351 
4.0 29.0061401 
4.0 30.14503765 
4.0 25.0173161 
4.0 23.76750145 
4.0 23.39534645 
4.0 24.52222395 
