# Position.Z vs. Particle Type (97 data points):
# "Particle Type" Position.Z
1.0 0.0 
1.0 0.0 
1.0 0.0 
1.0 0.0 
1.0 0.0 
1.0 0.0 
1.0 0.0 
1.0 0.0 
1.0 0.0 
1.0 2.2741768 
1.0 2.2741768 
1.0 2.2741768 
1.0 2.2741768 
1.0 2.2741768 
1.0 2.2741768 
1.0 2.2741768 
1.0 2.2741768 
1.0 2.2741768 
1.0 5.0758491 
1.0 4.24705155 
1.0 4.2770469 
1.0 4.27950705 
1.0 4.4178057 
1.0 4.2131355 
1.0 4.45418925 
1.0 4.3665083 
1.0 4.5751734 
1.0 7.3854508 
1.0 6.32918475 
1.0 6.8977055 
1.0 7.27041315 
1.0 6.478122 
1.0 7.00008575 
1.0 6.57493445 
1.0 6.59698235 
1.0 6.7889171 
2.0 8.28421055 
2.0 24.2675909 
2.0 7.9234687 
3.0 9.49635435 
3.0 9.10339605 
3.0 25.059244 
3.0 23.5168696 
3.0 11.16081085 
3.0 9.1299194 
3.0 12.64572155 
3.0 14.47580715 
3.0 9.8447013 
3.0 29.6864358 
3.0 23.67951005 
3.0 28.906262 
3.0 10.91249425 
3.0 32.2966917 
3.0 28.9052379 
3.0 31.86903265 
3.0 22.8487889 
3.0 32.82690775 
3.0 31.93134175 
3.0 31.2617228 
3.0 29.13728685 
3.0 25.70111005 
4.0 11.9882042 
4.0 10.77268815 
4.0 9.38987455 
4.0 9.79762455 
4.0 12.9812095 
4.0 11.68362125 
4.0 15.0733716 
4.0 14.47112485 
4.0 9.0522222 
4.0 10.1047254 
4.0 29.0919426 
4.0 30.29296725 
4.0 24.3153407 
4.0 23.3232713 
4.0 29.72428655 
4.0 29.1930023 
4.0 11.7559092 
4.0 10.47075505 
4.0 32.20803285 
4.0 32.0619068 
4.0 28.9430036 
4.0 28.44235415 
4.0 31.9359341 
4.0 32.5621247 
4.0 22.6427523 
4.0 21.97665715 
4.0 32.12016255 
4.0 32.5097745 
4.0 31.9651402 
4.0 32.9342895 
4.0 31.3068098 
4.0 30.3374323 
4.0 28.34241095 
4.0 29.95471325 
4.0 26.14095995 
4.0 24.8869439 
