# Position.Z vs. Particle Type (97 data points):
# "Particle Type" Position.Z
1.0 0.0 
1.0 0.0 
1.0 0.0 
1.0 0.0 
1.0 0.0 
1.0 0.0 
1.0 0.0 
1.0 0.0 
1.0 0.0 
1.0 2.2741768 
1.0 2.2741768 
1.0 2.2741768 
1.0 2.2741768 
1.0 2.2741768 
1.0 2.2741768 
1.0 2.2741768 
1.0 2.2741768 
1.0 2.2741768 
1.0 5.13515345 
1.0 4.33658855 
1.0 4.34652575 
1.0 4.3694224 
1.0 4.4493379 
1.0 4.36115505 
1.0 4.40588855 
1.0 4.3298969 
1.0 4.87891985 
1.0 7.3211614 
1.0 6.43102845 
1.0 7.13283655 
1.0 7.3210354 
1.0 6.3614719 
1.0 7.0225946 
1.0 6.7851602 
1.0 6.440903 
1.0 6.9054398 
2.0 8.33834505 
2.0 14.76755805 
2.0 8.13393245 
3.0 9.5444608 
3.0 9.31992355 
3.0 15.5679097 
3.0 14.17314045 
3.0 12.8121378 
3.0 10.10718345 
3.0 9.2311646 
3.0 12.37430775 
3.0 12.45599915 
3.0 28.4378843 
3.0 29.77432185 
3.0 28.8851668 
3.0 10.80598015 
3.0 31.9676084 
3.0 32.617116 
3.0 26.87025355 
3.0 30.2535772 
3.0 31.94318925 
3.0 31.97853785 
3.0 28.48011775 
3.0 29.40970235 
3.0 31.9811128 
4.0 12.22907315 
4.0 12.83902375 
4.0 10.9174555 
4.0 9.69947825 
4.0 9.69180625 
4.0 9.9472149 
4.0 11.45820445 
4.0 12.9665879 
4.0 12.01919215 
4.0 12.6560434 
4.0 27.6783829 
4.0 28.9460759 
4.0 29.3773256 
4.0 30.0864802 
4.0 29.218371 
4.0 27.92793745 
4.0 11.3034586 
4.0 10.6692243 
4.0 32.9699468 
4.0 31.5346542 
4.0 32.2793282 
4.0 32.56829275 
4.0 25.9106183 
4.0 27.14096315 
4.0 29.991654 
4.0 29.8680942 
4.0 31.79158045 
4.0 31.78189175 
4.0 32.73049745 
4.0 31.70835325 
4.0 28.0527842 
4.0 28.98887145 
4.0 30.1863156 
4.0 29.0788001 
4.0 32.3934807 
4.0 32.6566877 
