# Position.Z vs. Particle Type (97 data points):
# "Particle Type" Position.Z
1.0 0.0 
1.0 0.0 
1.0 0.0 
1.0 0.0 
1.0 0.0 
1.0 0.0 
1.0 0.0 
1.0 0.0 
1.0 0.0 
1.0 2.2741768 
1.0 2.2741768 
1.0 2.2741768 
1.0 2.2741768 
1.0 2.2741768 
1.0 2.2741768 
1.0 2.2741768 
1.0 2.2741768 
1.0 2.2741768 
1.0 5.11457975 
1.0 4.4410961 
1.0 4.4185589 
1.0 4.2477953 
1.0 4.2768586 
1.0 4.2150493 
1.0 4.4850659 
1.0 4.40806415 
1.0 4.3593816 
1.0 7.23825655 
1.0 6.4765211 
1.0 6.8378387 
1.0 7.3654861 
1.0 6.4917412 
1.0 6.996864 
1.0 6.982815 
1.0 6.48033645 
1.0 6.50981205 
2.0 8.20557605 
2.0 13.27856915 
2.0 8.0157217 
3.0 9.39412915 
3.0 9.13128055 
3.0 13.38811355 
3.0 13.17666105 
3.0 12.94127555 
3.0 10.07520255 
3.0 9.58065955 
3.0 10.4924085 
3.0 15.91229045 
3.0 24.54579225 
3.0 28.88500055 
3.0 28.5125708 
3.0 9.8241143 
3.0 32.04344255 
3.0 31.6766821 
3.0 20.09897645 
3.0 28.68302115 
3.0 32.7079858 
3.0 32.34913535 
3.0 25.7905228 
3.0 26.8044336 
3.0 31.82510275 
4.0 13.18341815 
4.0 12.23823405 
4.0 9.72541115 
4.0 10.22336105 
4.0 9.5732182 
4.0 9.48681615 
4.0 10.36705425 
4.0 11.1436815 
4.0 15.04962445 
4.0 16.58457115 
4.0 23.7688248 
4.0 24.85464415 
4.0 28.40976845 
4.0 28.41531035 
4.0 27.8967458 
4.0 29.2847142 
4.0 10.6064434 
4.0 10.0779525 
4.0 31.2653719 
4.0 32.8010032 
4.0 31.70316065 
4.0 32.04156935 
4.0 19.25793625 
4.0 20.7719575 
4.0 29.5183525 
4.0 28.50144535 
4.0 32.3089564 
4.0 32.4030546 
4.0 31.83652605 
4.0 32.3177918 
4.0 25.00272285 
4.0 26.5483904 
4.0 26.00708565 
4.0 27.31391215 
4.0 31.19903815 
4.0 32.73788735 
