# Position.Z vs. Particle Type (97 data points):
# "Particle Type" Position.Z
1.0 0.0 
1.0 0.0 
1.0 0.0 
1.0 0.0 
1.0 0.0 
1.0 0.0 
1.0 0.0 
1.0 0.0 
1.0 0.0 
1.0 2.2741768 
1.0 2.2741768 
1.0 2.2741768 
1.0 2.2741768 
1.0 2.2741768 
1.0 2.2741768 
1.0 2.2741768 
1.0 2.2741768 
1.0 2.2741768 
1.0 5.1364712 
1.0 4.79137085 
1.0 4.2529123 
1.0 4.25461575 
1.0 4.3763251 
1.0 4.4192841 
1.0 4.41399805 
1.0 4.2175014 
1.0 4.65881045 
1.0 7.51252565 
1.0 6.46830625 
1.0 6.5019948 
1.0 7.2818823 
1.0 7.3382512 
1.0 7.0006636 
1.0 6.79345415 
1.0 6.6677338 
1.0 6.99077505 
2.0 8.4137928 
2.0 22.6201409 
2.0 8.343734 
3.0 9.5510751 
3.0 9.5302053 
3.0 21.59655575 
3.0 23.60757945 
3.0 12.5119113 
3.0 9.35953445 
3.0 27.83045125 
3.0 9.5212796 
3.0 11.1753929 
3.0 31.8429951 
3.0 28.13013385 
3.0 24.97845595 
3.0 9.9255884 
3.0 30.8483665 
3.0 24.2050893 
3.0 27.17006495 
3.0 31.66465015 
3.0 31.76365535 
3.0 29.88575135 
3.0 26.1491258 
3.0 32.37151295 
3.0 29.74349175 
4.0 11.9160202 
4.0 13.22584795 
4.0 9.15797365 
4.0 9.33152395 
4.0 27.93155295 
4.0 27.01879145 
4.0 9.90519565 
4.0 10.15704655 
4.0 11.3146285 
4.0 11.17573065 
4.0 32.82259785 
4.0 31.7099797 
4.0 28.92874495 
4.0 27.38414595 
4.0 24.613995 
4.0 24.2127865 
4.0 10.2716411 
4.0 9.2154419 
4.0 29.87978385 
4.0 30.9708924 
4.0 24.165442 
4.0 24.5679217 
4.0 27.8721387 
4.0 27.54440745 
4.0 31.0372825 
4.0 32.10675335 
4.0 32.28399265 
4.0 32.39560555 
4.0 30.6820311 
4.0 29.903972 
4.0 25.9776538 
4.0 26.9293395 
4.0 32.01855755 
4.0 31.63410705 
4.0 30.01874155 
4.0 30.02785275 
