# Position.Z vs. Particle Type (97 data points):
# "Particle Type" Position.Z
1.0 0.0 
1.0 0.0 
1.0 0.0 
1.0 0.0 
1.0 0.0 
1.0 0.0 
1.0 0.0 
1.0 0.0 
1.0 0.0 
1.0 2.2741768 
1.0 2.2741768 
1.0 2.2741768 
1.0 2.2741768 
1.0 2.2741768 
1.0 2.2741768 
1.0 2.2741768 
1.0 2.2741768 
1.0 2.2741768 
1.0 5.1818396 
1.0 4.39224625 
1.0 4.28259615 
1.0 4.2950376 
1.0 4.47903295 
1.0 4.36307235 
1.0 4.52566555 
1.0 4.31952955 
1.0 4.44745455 
1.0 7.19416285 
1.0 6.34009075 
1.0 6.8698805 
1.0 7.33768245 
1.0 6.3724416 
1.0 7.29061795 
1.0 6.79764505 
1.0 6.49495665 
1.0 6.52632295 
2.0 8.4177247 
2.0 26.3087902 
2.0 7.86871085 
3.0 9.6381957 
3.0 9.12128175 
3.0 26.4539037 
3.0 26.00679025 
3.0 15.55380155 
3.0 9.47013025 
3.0 28.19885565 
3.0 12.1996252 
3.0 9.50383735 
3.0 32.3036217 
3.0 26.2193946 
3.0 29.14411955 
3.0 10.6520099 
3.0 32.5427193 
3.0 29.194179 
3.0 32.2575638 
3.0 23.4775212 
3.0 31.94196495 
3.0 31.32881535 
3.0 30.6146911 
3.0 28.88418575 
3.0 27.79762265 
4.0 15.01558275 
4.0 15.0531185 
4.0 9.95195495 
4.0 9.8244209 
4.0 27.85327125 
4.0 28.42734545 
4.0 11.52188975 
4.0 11.9064526 
4.0 9.59992495 
4.0 9.6520438 
4.0 32.97669725 
4.0 31.9894911 
4.0 25.4622186 
4.0 25.90975415 
4.0 29.0420739 
4.0 29.77010155 
4.0 10.0942016 
4.0 10.39421495 
4.0 32.73195485 
4.0 32.17768435 
4.0 28.30662695 
4.0 29.6063719 
4.0 32.3764161 
4.0 32.2621957 
4.0 23.0593601 
4.0 23.18227975 
4.0 31.8205755 
4.0 31.3617801 
4.0 30.42080825 
4.0 31.6114148 
4.0 30.35196885 
4.0 31.25197005 
4.0 29.12477575 
4.0 29.41339485 
4.0 28.01201725 
4.0 27.4873151 
