# Position.Z vs. Particle Type (97 data points):
# "Particle Type" Position.Z
1.0 0.0 
1.0 0.0 
1.0 0.0 
1.0 0.0 
1.0 0.0 
1.0 0.0 
1.0 0.0 
1.0 0.0 
1.0 0.0 
1.0 2.2741768 
1.0 2.2741768 
1.0 2.2741768 
1.0 2.2741768 
1.0 2.2741768 
1.0 2.2741768 
1.0 2.2741768 
1.0 2.2741768 
1.0 2.2741768 
1.0 5.2788708 
1.0 4.3128393 
1.0 4.3671635 
1.0 4.35427405 
1.0 4.45450565 
1.0 4.35955975 
1.0 4.24633195 
1.0 4.32220565 
1.0 4.4937193 
1.0 7.2074373 
1.0 6.562682 
1.0 6.6274306 
1.0 7.49313635 
1.0 6.4604211 
1.0 7.36313515 
1.0 6.7481239 
1.0 6.37162505 
1.0 6.6493308 
2.0 8.6358482 
2.0 18.1156668 
2.0 7.8203867 
3.0 9.8215446 
3.0 9.01154695 
3.0 17.39139395 
3.0 18.8409319 
3.0 12.40921185 
3.0 9.24578585 
3.0 27.3790888 
3.0 11.46129005 
3.0 9.34966235 
3.0 31.91531595 
3.0 24.65540245 
3.0 28.2348241 
3.0 10.6223915 
3.0 30.99842585 
3.0 27.82517395 
3.0 30.5814243 
3.0 23.7579244 
3.0 29.6306101 
3.0 31.89054645 
3.0 32.4490719 
3.0 23.4041822 
3.0 28.8342187 
4.0 12.58984545 
4.0 12.45182365 
4.0 10.09571325 
4.0 8.6855076 
4.0 26.6095837 
4.0 27.8253108 
4.0 11.99785125 
4.0 11.5066644 
4.0 9.27324405 
4.0 10.0951396 
4.0 31.03283575 
4.0 32.38247845 
4.0 25.4434271 
4.0 24.14998355 
4.0 28.0608251 
4.0 29.2010502 
4.0 10.1485573 
4.0 10.4190695 
4.0 31.418233 
4.0 31.1253411 
4.0 26.92049535 
4.0 27.7109399 
4.0 29.5983331 
4.0 30.82666125 
4.0 23.930795 
4.0 23.62357235 
4.0 30.14424 
4.0 29.4712677 
4.0 32.1007925 
4.0 32.7989459 
4.0 32.3788563 
4.0 32.1125021 
4.0 24.01330015 
4.0 23.48442495 
4.0 28.20213235 
4.0 29.27859935 
