# Position.Z vs. Particle Type (97 data points):
# "Particle Type" Position.Z
1.0 0.0 
1.0 0.0 
1.0 0.0 
1.0 0.0 
1.0 0.0 
1.0 0.0 
1.0 0.0 
1.0 0.0 
1.0 0.0 
1.0 2.2741768 
1.0 2.2741768 
1.0 2.2741768 
1.0 2.2741768 
1.0 2.2741768 
1.0 2.2741768 
1.0 2.2741768 
1.0 2.2741768 
1.0 2.2741768 
1.0 4.65323215 
1.0 4.28104845 
1.0 4.36499385 
1.0 4.41562905 
1.0 4.3755719 
1.0 4.2380079 
1.0 4.40008345 
1.0 4.3618995 
1.0 5.14471615 
1.0 7.3335171 
1.0 6.38135855 
1.0 7.5230337 
1.0 7.0643265 
1.0 6.3716695 
1.0 6.63741785 
1.0 6.72503755 
1.0 6.4565179 
1.0 7.0723891 
2.0 8.1172126 
2.0 14.87283665 
2.0 8.40458115 
3.0 9.2681057 
3.0 9.53467165 
3.0 16.05097865 
3.0 13.6902276 
3.0 17.2629408 
3.0 10.7279508 
3.0 9.60779645 
3.0 9.4630445 
3.0 12.61561945 
3.0 23.82433305 
3.0 29.42919245 
3.0 25.97194145 
3.0 15.13129625 
3.0 31.35820625 
3.0 29.2103476 
3.0 12.04619115 
3.0 28.69994435 
3.0 32.39719665 
3.0 31.75144525 
3.0 30.5376918 
3.0 29.47877205 
3.0 32.2986657 
4.0 18.2257796 
4.0 16.98794615 
4.0 10.7178141 
4.0 10.7759785 
4.0 10.22627795 
4.0 9.6281304 
4.0 8.98856 
4.0 10.2667383 
4.0 13.2167455 
4.0 12.66992965 
4.0 23.33432185 
4.0 24.73374715 
4.0 29.84013445 
4.0 29.6612337 
4.0 25.6555299 
4.0 25.6751971 
4.0 14.2600752 
4.0 15.6873108 
4.0 31.25176145 
4.0 30.48854095 
4.0 28.80616095 
4.0 30.17715365 
4.0 11.3587796 
4.0 12.0800498 
4.0 29.32244875 
4.0 27.8690643 
4.0 32.4813783 
4.0 32.2162547 
4.0 32.14614235 
4.0 32.43654435 
4.0 30.20707655 
4.0 30.2603798 
4.0 29.738996 
4.0 29.4332878 
4.0 31.45971185 
4.0 32.40059025 
