# Position.Z vs. Particle Type (97 data points):
# "Particle Type" Position.Z
1.0 0.0 
1.0 0.0 
1.0 0.0 
1.0 0.0 
1.0 0.0 
1.0 0.0 
1.0 0.0 
1.0 0.0 
1.0 0.0 
1.0 2.2741768 
1.0 2.2741768 
1.0 2.2741768 
1.0 2.2741768 
1.0 2.2741768 
1.0 2.2741768 
1.0 2.2741768 
1.0 2.2741768 
1.0 2.2741768 
1.0 5.4257553 
1.0 4.45610095 
1.0 4.29880885 
1.0 4.67166595 
1.0 4.40071765 
1.0 4.5471069 
1.0 4.59793285 
1.0 4.31672255 
1.0 4.23706605 
1.0 7.341831 
1.0 6.5373749 
1.0 6.7697791 
1.0 7.84915985 
1.0 6.4499148 
1.0 7.6606082 
1.0 7.0275324 
1.0 6.47644375 
1.0 6.8400549 
2.0 8.6624622 
2.0 14.0200956 
2.0 7.88323725 
3.0 9.84062415 
3.0 9.07525465 
3.0 15.08915415 
3.0 12.90076865 
3.0 11.20055335 
3.0 9.4795246 
3.0 9.34109155 
3.0 12.8859157 
3.0 12.34316615 
3.0 28.4579806 
3.0 29.96700315 
3.0 26.49862495 
3.0 12.637485 
3.0 30.5788035 
3.0 31.9367853 
3.0 25.0928951 
3.0 28.04708305 
3.0 32.1956719 
3.0 31.8161802 
3.0 27.9189204 
3.0 27.5571296 
3.0 32.73378465 
4.0 11.8235103 
4.0 10.685052 
4.0 9.17408065 
4.0 8.8336381 
4.0 10.02211805 
4.0 9.9373463 
4.0 12.2050299 
4.0 13.727042 
4.0 11.4482228 
4.0 12.72617535 
4.0 28.03357655 
4.0 29.12440055 
4.0 30.14658745 
4.0 30.83849475 
4.0 26.79838595 
4.0 25.8536019 
4.0 12.65181085 
4.0 12.864621 
4.0 30.8307601 
4.0 29.6533944 
4.0 31.74652775 
4.0 31.36931735 
4.0 25.7194189 
4.0 24.35628265 
4.0 27.26267635 
4.0 27.7019029 
4.0 32.2377566 
4.0 33.09145385 
4.0 31.9026974 
4.0 32.7165531 
4.0 28.2224257 
4.0 27.98385835 
4.0 28.27297515 
4.0 27.84685785 
4.0 32.16090955 
4.0 32.9707063 
