# Position.Z vs. Particle Type (97 data points):
# "Particle Type" Position.Z
1.0 0.0 
1.0 0.0 
1.0 0.0 
1.0 0.0 
1.0 0.0 
1.0 0.0 
1.0 0.0 
1.0 0.0 
1.0 0.0 
1.0 2.2741768 
1.0 2.2741768 
1.0 2.2741768 
1.0 2.2741768 
1.0 2.2741768 
1.0 2.2741768 
1.0 2.2741768 
1.0 2.2741768 
1.0 2.2741768 
1.0 4.90920955 
1.0 4.45553885 
1.0 4.1477821 
1.0 4.5215191 
1.0 4.3027544 
1.0 4.3754123 
1.0 4.4258683 
1.0 4.56237705 
1.0 4.39672415 
1.0 7.33470955 
1.0 6.47020605 
1.0 6.63948285 
1.0 6.8987415 
1.0 6.3472437 
1.0 7.3397968 
1.0 6.70753895 
1.0 6.4122086 
1.0 6.66411795 
2.0 8.3831713 
2.0 15.28864855 
2.0 7.8638273 
3.0 9.57916155 
3.0 9.02814395 
3.0 15.04280365 
3.0 15.5579081 
3.0 11.12287715 
3.0 9.49222785 
3.0 9.1410753 
3.0 11.2992033 
3.0 11.2480361 
3.0 13.03909565 
3.0 18.951639 
3.0 18.1769651 
3.0 14.7733418 
3.0 20.8573729 
3.0 16.9466731 
3.0 15.56497635 
3.0 18.53987415 
3.0 21.1044267 
3.0 23.8632282 
3.0 23.16357155 
3.0 21.73981635 
3.0 19.32460355 
4.0 10.4979385 
4.0 11.89902735 
4.0 10.0519671 
4.0 9.33084915 
4.0 9.9964914 
4.0 8.8379991 
4.0 11.26677545 
4.0 11.18465285 
4.0 10.4273239 
4.0 11.3402646 
4.0 13.948207 
4.0 12.55484825 
4.0 18.7037207 
4.0 18.33602435 
4.0 17.60470355 
4.0 18.43276855 
4.0 14.16615305 
4.0 14.56683445 
4.0 20.11728145 
4.0 21.4303502 
4.0 16.2026417 
4.0 16.52270865 
4.0 16.43447085 
4.0 15.287734 
4.0 18.092802 
4.0 19.43460925 
4.0 21.4172105 
4.0 21.95354315 
4.0 24.75537015 
4.0 23.7444501 
4.0 22.62376515 
4.0 23.10079625 
4.0 21.94019205 
4.0 20.8696495 
4.0 19.28428705 
4.0 19.10902315 
