# Position.Z vs. Particle Type (97 data points):
# "Particle Type" Position.Z
1.0 0.0 
1.0 0.0 
1.0 0.0 
1.0 0.0 
1.0 0.0 
1.0 0.0 
1.0 0.0 
1.0 0.0 
1.0 0.0 
1.0 2.2741768 
1.0 2.2741768 
1.0 2.2741768 
1.0 2.2741768 
1.0 2.2741768 
1.0 2.2741768 
1.0 2.2741768 
1.0 2.2741768 
1.0 2.2741768 
1.0 4.83164465 
1.0 4.37179295 
1.0 4.45986695 
1.0 4.5815021 
1.0 4.3366246 
1.0 4.2850913 
1.0 4.35135505 
1.0 5.0451842 
1.0 4.3554371 
1.0 7.7410893 
1.0 6.79603925 
1.0 6.4545061 
1.0 7.22157835 
1.0 6.6120194 
1.0 7.19727295 
1.0 6.830208 
1.0 6.3876869 
1.0 6.4072449 
2.0 8.6165492 
2.0 14.3753316 
2.0 7.65600465 
3.0 9.7698321 
3.0 8.8513579 
3.0 13.89774295 
3.0 14.95238255 
3.0 11.2613641 
3.0 9.6462282 
3.0 8.9256349 
3.0 11.0259905 
3.0 11.7574835 
3.0 13.1762911 
3.0 18.1251945 
3.0 17.44798755 
3.0 14.77353325 
3.0 18.94664065 
3.0 15.32377455 
3.0 14.260078 
3.0 18.14220555 
3.0 20.6433563 
3.0 22.2778234 
3.0 22.2313819 
3.0 21.82244785 
3.0 19.8965816 
4.0 10.90738635 
4.0 11.81963965 
4.0 10.42490645 
4.0 9.32684025 
4.0 9.81142785 
4.0 8.7171693 
4.0 11.1564432 
4.0 10.5589519 
4.0 11.74749975 
4.0 12.58666395 
4.0 13.3622314 
4.0 12.9077431 
4.0 17.50058765 
4.0 18.47706665 
4.0 17.8553802 
4.0 17.46314885 
4.0 15.0886722 
4.0 14.7757449 
4.0 19.33625015 
4.0 19.7567006 
4.0 14.6862688 
4.0 14.857332 
4.0 15.244859 
4.0 14.0280476 
4.0 17.3816055 
4.0 18.5485384 
4.0 20.77331515 
4.0 21.25421305 
4.0 23.187451 
4.0 22.27884575 
4.0 21.4826836 
4.0 22.135799 
4.0 22.72830455 
4.0 21.58249135 
4.0 19.46061145 
4.0 19.17465935 
