# Position.Z vs. Particle Type (97 data points):
# "Particle Type" Position.Z
1.0 0.0 
1.0 0.0 
1.0 0.0 
1.0 0.0 
1.0 0.0 
1.0 0.0 
1.0 0.0 
1.0 0.0 
1.0 0.0 
1.0 2.2741768 
1.0 2.2741768 
1.0 2.2741768 
1.0 2.2741768 
1.0 2.2741768 
1.0 2.2741768 
1.0 2.2741768 
1.0 2.2741768 
1.0 2.2741768 
1.0 5.2144302 
1.0 4.5596299 
1.0 4.33749995 
1.0 4.25654915 
1.0 4.45727625 
1.0 4.3563919 
1.0 4.53287205 
1.0 4.39613335 
1.0 4.64263415 
1.0 7.085897 
1.0 6.2896218 
1.0 6.9908125 
1.0 7.6469554 
1.0 6.54730335 
1.0 7.2344118 
1.0 6.7539479 
1.0 6.5019647 
1.0 6.59474865 
2.0 8.45206005 
2.0 13.6313527 
2.0 7.9218209 
3.0 9.6813927 
3.0 9.1656873 
3.0 13.6673376 
3.0 13.5988594 
3.0 12.3894841 
3.0 11.18473895 
3.0 9.2513253 
3.0 12.25994385 
3.0 14.18347315 
3.0 24.98504295 
3.0 29.334438 
3.0 28.5020939 
3.0 11.8282675 
3.0 31.21502335 
3.0 32.1800395 
3.0 16.69282755 
3.0 28.2314522 
3.0 32.14670095 
3.0 31.49224855 
3.0 27.36409445 
3.0 26.72155885 
3.0 32.13935095 
4.0 11.57187955 
4.0 12.62328865 
4.0 11.521573 
4.0 11.8170738 
4.0 9.71127535 
4.0 9.99537245 
4.0 12.55947455 
4.0 11.36791005 
4.0 14.0604338 
4.0 14.6658057 
4.0 24.81031945 
4.0 25.90616875 
4.0 29.8245213 
4.0 29.64812655 
4.0 28.2384473 
4.0 28.0805812 
4.0 11.73956735 
4.0 12.4811624 
4.0 30.48618265 
4.0 31.9926075 
4.0 32.0602821 
4.0 31.8303251 
4.0 15.91034165 
4.0 17.50964285 
4.0 28.42376705 
4.0 28.4491942 
4.0 31.8995068 
4.0 32.26609015 
4.0 31.1147522 
4.0 32.3579361 
4.0 27.6290798 
4.0 27.53865695 
4.0 27.19641295 
4.0 25.79417575 
4.0 33.14833725 
4.0 31.82084955 
