# Position.Z vs. Particle Type (97 data points):
# "Particle Type" Position.Z
1.0 0.0 
1.0 0.0 
1.0 0.0 
1.0 0.0 
1.0 0.0 
1.0 0.0 
1.0 0.0 
1.0 0.0 
1.0 0.0 
1.0 2.2741768 
1.0 2.2741768 
1.0 2.2741768 
1.0 2.2741768 
1.0 2.2741768 
1.0 2.2741768 
1.0 2.2741768 
1.0 2.2741768 
1.0 2.2741768 
1.0 4.99690765 
1.0 4.2703451 
1.0 4.32695375 
1.0 4.3739024 
1.0 4.37554565 
1.0 4.4805285 
1.0 4.26554695 
1.0 4.3042118 
1.0 4.9056868 
1.0 7.2002721 
1.0 6.5629627 
1.0 6.6190383 
1.0 7.09680615 
1.0 6.57439685 
1.0 7.3004232 
1.0 6.74992745 
1.0 6.32224145 
1.0 6.9030269 
2.0 8.36472035 
2.0 25.0255306 
2.0 8.08187625 
3.0 9.58374305 
3.0 9.31736225 
3.0 24.5546224 
3.0 25.5372432 
3.0 12.1707929 
3.0 9.6029395 
3.0 28.7140455 
3.0 9.0708814 
3.0 11.49915655 
3.0 31.4984663 
3.0 27.6689245 
3.0 24.51563835 
3.0 9.760877 
3.0 31.45912665 
3.0 23.73048475 
3.0 29.3743961 
3.0 32.7808194 
3.0 32.5374882 
3.0 30.03100345 
3.0 27.09590765 
3.0 31.7381624 
3.0 31.14477835 
4.0 12.52519835 
4.0 11.2157073 
4.0 9.67705375 
4.0 9.19282035 
4.0 28.58263765 
4.0 28.6059928 
4.0 9.48568075 
4.0 9.7043093 
4.0 11.7069834 
4.0 10.88189865 
4.0 32.37365705 
4.0 31.38633365 
4.0 27.6460177 
4.0 27.33253495 
4.0 23.9543584 
4.0 23.8598367 
4.0 10.172148 
4.0 10.37775235 
4.0 30.75045085 
4.0 32.2214823 
4.0 22.92688545 
4.0 24.56401255 
4.0 30.33352 
4.0 29.4552272 
4.0 32.51755675 
4.0 32.54264195 
4.0 31.9938864 
4.0 32.52031055 
4.0 29.04481545 
4.0 30.03875875 
4.0 26.8060485 
4.0 27.7434612 
4.0 32.6108727 
4.0 31.24339995 
4.0 31.2349527 
4.0 31.0089374 
