# Position.Z vs. Particle Type (97 data points):
# "Particle Type" Position.Z
1.0 0.0 
1.0 0.0 
1.0 0.0 
1.0 0.0 
1.0 0.0 
1.0 0.0 
1.0 0.0 
1.0 0.0 
1.0 0.0 
1.0 2.2741768 
1.0 2.2741768 
1.0 2.2741768 
1.0 2.2741768 
1.0 2.2741768 
1.0 2.2741768 
1.0 2.2741768 
1.0 2.2741768 
1.0 2.2741768 
1.0 5.2316257 
1.0 4.474344 
1.0 4.19261115 
1.0 4.3492099 
1.0 4.27319305 
1.0 4.2806519 
1.0 4.3964956 
1.0 4.3087632 
1.0 4.5494512 
1.0 7.12969285 
1.0 6.6889312 
1.0 6.54862705 
1.0 7.5171152 
1.0 6.41407375 
1.0 7.4135474 
1.0 6.8184753 
1.0 6.3836647 
1.0 6.70660725 
2.0 8.44642155 
2.0 13.584865 
2.0 7.8648227 
3.0 9.6717047 
3.0 9.0752221 
3.0 13.00438895 
3.0 14.16827825 
3.0 13.7937702 
3.0 10.6767752 
3.0 9.2567454 
3.0 12.40009855 
3.0 14.90921985 
3.0 29.16978015 
3.0 28.76985825 
3.0 26.5682515 
3.0 10.18962105 
3.0 31.7073687 
3.0 31.8060631 
3.0 25.3681218 
3.0 28.39017615 
3.0 32.8727308 
3.0 31.70860945 
3.0 29.6318715 
3.0 26.6579999 
3.0 32.66904375 
4.0 13.73397865 
4.0 13.32019745 
4.0 10.1759112 
4.0 11.53874155 
4.0 9.19124325 
4.0 9.32778595 
4.0 11.524583 
4.0 12.7532181 
4.0 15.7145247 
4.0 15.0155495 
4.0 28.44536625 
4.0 29.98761395 
4.0 29.70039485 
4.0 28.71297415 
4.0 26.665653 
4.0 25.8231918 
4.0 10.4436542 
4.0 11.0047 
4.0 31.0744539 
4.0 32.5042179 
4.0 32.39322275 
4.0 32.3405824 
4.0 25.5555685 
4.0 25.95404525 
4.0 28.75456955 
4.0 27.7499642 
4.0 32.8438754 
4.0 32.57145045 
4.0 30.7215678 
4.0 31.7923032 
4.0 29.5017996 
4.0 29.08201555 
4.0 27.3864325 
4.0 25.83194635 
4.0 32.5492972 
4.0 32.4338161 
