# Position.Z vs. Particle Type (97 data points):
# "Particle Type" Position.Z
1.0 0.0 
1.0 0.0 
1.0 0.0 
1.0 0.0 
1.0 0.0 
1.0 0.0 
1.0 0.0 
1.0 0.0 
1.0 0.0 
1.0 2.2741768 
1.0 2.2741768 
1.0 2.2741768 
1.0 2.2741768 
1.0 2.2741768 
1.0 2.2741768 
1.0 2.2741768 
1.0 2.2741768 
1.0 2.2741768 
1.0 5.15816945 
1.0 4.41005075 
1.0 4.4459576 
1.0 4.31851455 
1.0 4.4133852 
1.0 4.37306905 
1.0 4.4934246 
1.0 4.3916726 
1.0 4.4548063 
1.0 6.87509095 
1.0 6.5606366 
1.0 6.7640433 
1.0 7.10231865 
1.0 6.31705095 
1.0 7.6080774 
1.0 6.84529125 
1.0 6.5667 
1.0 6.3324793 
2.0 8.1427339 
2.0 19.98560515 
2.0 7.8886507 
3.0 9.27574725 
3.0 9.0413323 
3.0 20.05228785 
3.0 20.0627959 
3.0 11.74934425 
3.0 9.8045192 
3.0 10.4329225 
3.0 11.52161115 
3.0 13.63161205 
3.0 26.6923867 
3.0 29.08416945 
3.0 26.0264928 
3.0 10.5199248 
3.0 32.45274515 
3.0 29.8324663 
3.0 31.419402 
3.0 26.2918355 
3.0 32.35805545 
3.0 31.77251595 
3.0 28.5258302 
3.0 30.53287685 
3.0 27.5955281 
4.0 12.407437 
4.0 11.0345459 
4.0 10.6349376 
4.0 10.03192435 
4.0 9.5233201 
4.0 10.5094836 
4.0 11.80964155 
4.0 10.6695876 
4.0 13.9887244 
4.0 13.3761607 
4.0 27.05818465 
4.0 27.13821565 
4.0 29.8888317 
4.0 29.08905965 
4.0 26.58555865 
4.0 25.2708274 
4.0 10.95277155 
4.0 9.918342 
4.0 32.367734 
4.0 32.2784042 
4.0 29.2160428 
4.0 30.65485185 
4.0 31.1874164 
4.0 32.2637959 
4.0 25.38642785 
4.0 26.3388146 
4.0 32.45886 
4.0 32.6562719 
4.0 31.36549255 
4.0 32.61085975 
4.0 27.89775345 
4.0 28.73988215 
4.0 30.13425835 
4.0 29.8646621 
4.0 26.9460261 
4.0 28.04159505 
