# Position.Z vs. Particle Type (97 data points):
# "Particle Type" Position.Z
1.0 0.0 
1.0 0.0 
1.0 0.0 
1.0 0.0 
1.0 0.0 
1.0 0.0 
1.0 0.0 
1.0 0.0 
1.0 0.0 
1.0 2.2741768 
1.0 2.2741768 
1.0 2.2741768 
1.0 2.2741768 
1.0 2.2741768 
1.0 2.2741768 
1.0 2.2741768 
1.0 2.2741768 
1.0 2.2741768 
1.0 5.1768626 
1.0 4.32615155 
1.0 4.37329795 
1.0 4.40833785 
1.0 4.33586965 
1.0 4.48692825 
1.0 4.2830074 
1.0 4.43733885 
1.0 4.2642565 
1.0 7.11787475 
1.0 6.3388199 
1.0 6.69457355 
1.0 7.19555025 
1.0 6.3524559 
1.0 7.54559995 
1.0 6.46075955 
1.0 6.74220155 
1.0 6.63810385 
2.0 8.45124175 
2.0 25.12885795 
2.0 7.8644853 
3.0 9.6679163 
3.0 9.07536035 
3.0 25.69392315 
3.0 24.53519915 
3.0 15.27944845 
3.0 9.72759235 
3.0 11.8345766 
3.0 13.85933815 
3.0 9.5362876 
3.0 28.44691675 
3.0 20.97531625 
3.0 26.9829406 
3.0 10.3843544 
3.0 31.5273301 
3.0 29.144766 
3.0 32.0042597 
3.0 23.4321549 
3.0 32.57419795 
3.0 31.95675455 
3.0 31.56319215 
3.0 29.85111955 
3.0 24.0226595 
4.0 15.80613965 
4.0 14.8185625 
4.0 9.70638165 
4.0 10.1172162 
4.0 11.8773809 
4.0 11.3937355 
4.0 13.16495845 
4.0 13.7061267 
4.0 9.7999342 
4.0 9.8878745 
4.0 28.20816985 
4.0 28.4757774 
4.0 20.9334349 
4.0 20.5613716 
4.0 25.9983374 
4.0 27.1346369 
4.0 10.19000605 
4.0 10.2502918 
4.0 31.8045917 
4.0 31.53951045 
4.0 29.1736263 
4.0 28.3618174 
4.0 31.44544165 
4.0 32.27831215 
4.0 23.6090092 
4.0 22.8638571 
4.0 32.2038661 
4.0 32.5287431 
4.0 32.87109315 
4.0 32.09365075 
4.0 30.784019 
4.0 31.27534585 
4.0 30.2365714 
4.0 30.51903855 
4.0 24.38834475 
4.0 24.5975401 
