# Position.Z vs. Particle Type (97 data points):
# "Particle Type" Position.Z
1.0 0.0 
1.0 0.0 
1.0 0.0 
1.0 0.0 
1.0 0.0 
1.0 0.0 
1.0 0.0 
1.0 0.0 
1.0 0.0 
1.0 2.2741768 
1.0 2.2741768 
1.0 2.2741768 
1.0 2.2741768 
1.0 2.2741768 
1.0 2.2741768 
1.0 2.2741768 
1.0 2.2741768 
1.0 2.2741768 
1.0 4.91063055 
1.0 4.4267349 
1.0 4.3173802 
1.0 4.4921709 
1.0 4.3747249 
1.0 4.22563155 
1.0 4.2899521 
1.0 4.35401505 
1.0 4.6228777 
1.0 6.9729471 
1.0 6.5744973 
1.0 6.6533348 
1.0 7.33874715 
1.0 6.39665845 
1.0 7.1074206 
1.0 6.53611315 
1.0 6.3391762 
1.0 6.63303865 
2.0 8.30949805 
2.0 13.3685237 
2.0 7.58883265 
3.0 9.5029102 
3.0 8.8120851 
3.0 14.2625266 
3.0 12.54751295 
3.0 12.6114191 
3.0 9.84539325 
3.0 9.15770415 
3.0 12.96233015 
3.0 13.9731991 
3.0 27.4041292 
3.0 29.429694 
3.0 26.3827487 
3.0 10.6847713 
3.0 31.27904395 
3.0 31.70259155 
3.0 24.4088894 
3.0 28.1502221 
3.0 31.76158965 
3.0 32.1598473 
3.0 28.2852857 
3.0 26.5593643 
3.0 32.67845595 
4.0 11.9696647 
4.0 12.56113075 
4.0 9.68846445 
4.0 9.7600783 
4.0 9.58682095 
4.0 9.46523375 
4.0 12.825435 
4.0 13.5848559 
4.0 13.6752868 
4.0 14.5315954 
4.0 26.99696755 
4.0 28.0167713 
4.0 30.09941585 
4.0 30.03467985 
4.0 26.300246 
4.0 25.48629055 
4.0 10.30982925 
4.0 10.9375 
4.0 31.0499042 
4.0 30.91381335 
4.0 30.86813765 
4.0 32.40461805 
4.0 24.889109 
4.0 24.2052986 
4.0 27.89538325 
4.0 27.4972474 
4.0 32.740778 
4.0 31.2217017 
4.0 32.4652601 
4.0 33.0059898 
4.0 27.5557212 
4.0 29.0982629 
4.0 27.13068715 
4.0 27.27617515 
4.0 32.4900072 
4.0 32.12780655 
