# Position.Z vs. Particle Type (97 data points):
# "Particle Type" Position.Z
1.0 0.0 
1.0 0.0 
1.0 0.0 
1.0 0.0 
1.0 0.0 
1.0 0.0 
1.0 0.0 
1.0 0.0 
1.0 0.0 
1.0 2.2741768 
1.0 2.2741768 
1.0 2.2741768 
1.0 2.2741768 
1.0 2.2741768 
1.0 2.2741768 
1.0 2.2741768 
1.0 2.2741768 
1.0 2.2741768 
1.0 5.17193355 
1.0 4.2686119 
1.0 4.32943945 
1.0 4.43227715 
1.0 4.4130408 
1.0 4.35166375 
1.0 4.30378515 
1.0 4.473392 
1.0 4.8857396 
1.0 7.57371055 
1.0 6.4864415 
1.0 7.04782645 
1.0 7.3627841 
1.0 6.45463105 
1.0 7.0955941 
1.0 6.7553759 
1.0 6.47717 
1.0 6.91653655 
2.0 8.63365335 
2.0 16.44961255 
2.0 8.16717335 
3.0 9.8220255 
3.0 9.34415195 
3.0 16.1073024 
3.0 16.84527985 
3.0 13.1605446 
3.0 9.7266372 
3.0 9.1918736 
3.0 11.4567544 
3.0 11.8007015 
3.0 14.8977444 
3.0 29.9691259 
3.0 31.324027 
3.0 12.7272292 
3.0 29.66400185 
3.0 28.2367435 
3.0 13.91137615 
3.0 27.3888748 
3.0 32.31158875 
3.0 31.90307715 
3.0 31.9050655 
3.0 25.36817745 
3.0 30.15165125 
4.0 13.5924411 
4.0 13.63363225 
4.0 9.74651195 
4.0 9.33884525 
4.0 8.97875195 
4.0 9.994033 
4.0 12.2513188 
4.0 11.7603787 
4.0 10.9535657 
4.0 11.63265425 
4.0 14.66143105 
4.0 14.4708445 
4.0 30.80729225 
4.0 29.5194564 
4.0 32.25444705 
4.0 30.8987469 
4.0 11.91200745 
4.0 12.86168135 
4.0 29.39890345 
4.0 28.8074696 
4.0 29.14840565 
4.0 28.1604694 
4.0 13.12245305 
4.0 14.51681665 
4.0 26.7451702 
4.0 27.75020325 
4.0 32.56069215 
4.0 32.2550851 
4.0 32.08531165 
4.0 31.07715345 
4.0 32.41163695 
4.0 31.01647185 
4.0 24.41765725 
4.0 25.56871975 
4.0 30.51921215 
4.0 30.85568255 
