# Position.Z vs. Particle Type (97 data points):
# "Particle Type" Position.Z
1.0 0.0 
1.0 0.0 
1.0 0.0 
1.0 0.0 
1.0 0.0 
1.0 0.0 
1.0 0.0 
1.0 0.0 
1.0 0.0 
1.0 2.2741768 
1.0 2.2741768 
1.0 2.2741768 
1.0 2.2741768 
1.0 2.2741768 
1.0 2.2741768 
1.0 2.2741768 
1.0 2.2741768 
1.0 2.2741768 
1.0 4.5749088 
1.0 4.2074753 
1.0 4.46719595 
1.0 4.3607214 
1.0 4.3590785 
1.0 4.386816 
1.0 4.359068 
1.0 4.249154 
1.0 4.9595917 
1.0 7.09041235 
1.0 6.42054945 
1.0 7.46182465 
1.0 6.7292246 
1.0 6.4637139 
1.0 6.75456075 
1.0 6.6946236 
1.0 6.37111195 
1.0 6.90376785 
2.0 7.94185175 
2.0 14.1051015 
2.0 8.1674229 
3.0 9.14045195 
3.0 9.1539294 
3.0 14.4863243 
3.0 13.7402405 
3.0 16.6927936 
3.0 11.949021 
3.0 9.57123055 
3.0 10.52104375 
3.0 11.893028 
3.0 23.47784005 
3.0 29.3716297 
3.0 25.54403005 
3.0 14.9793245 
3.0 32.1909028 
3.0 29.6646504 
3.0 10.7079791 
3.0 26.35439975 
3.0 32.53355595 
3.0 32.088917 
3.0 31.86831235 
3.0 26.88513275 
3.0 32.1613558 
4.0 17.0738351 
4.0 16.85516735 
4.0 11.26336715 
4.0 12.42089625 
4.0 10.0645251 
4.0 10.0198756 
4.0 10.90040595 
4.0 10.84326635 
4.0 11.53525485 
4.0 12.04318675 
4.0 23.8985453 
4.0 22.5660638 
4.0 29.6552459 
4.0 29.8168045 
4.0 25.16768835 
4.0 25.9343056 
4.0 15.03888015 
4.0 14.2857512 
4.0 32.0696621 
4.0 33.1597812 
4.0 29.98462775 
4.0 28.6880118 
4.0 10.9994353 
4.0 10.1657311 
4.0 25.93711085 
4.0 25.98120665 
4.0 32.6919271 
4.0 32.2289163 
4.0 31.80574145 
4.0 32.09024525 
4.0 30.90138765 
4.0 32.1856696 
4.0 26.7035321 
4.0 26.4208014 
4.0 31.6876658 
4.0 32.96785135 
