# Position.Z vs. Particle Type (97 data points):
# "Particle Type" Position.Z
1.0 0.0 
1.0 0.0 
1.0 0.0 
1.0 0.0 
1.0 0.0 
1.0 0.0 
1.0 0.0 
1.0 0.0 
1.0 0.0 
1.0 2.2741768 
1.0 2.2741768 
1.0 2.2741768 
1.0 2.2741768 
1.0 2.2741768 
1.0 2.2741768 
1.0 2.2741768 
1.0 2.2741768 
1.0 2.2741768 
1.0 5.37279225 
1.0 4.2092372 
1.0 4.4358881 
1.0 4.4218979 
1.0 4.25475575 
1.0 4.2208712 
1.0 4.3224461 
1.0 4.33691895 
1.0 4.7763121 
1.0 7.2817241 
1.0 6.80697185 
1.0 6.80530935 
1.0 7.8194858 
1.0 6.44313145 
1.0 7.0685153 
1.0 6.71815305 
1.0 6.25901465 
1.0 6.88376745 
2.0 8.4760375 
2.0 14.1505574 
2.0 7.9064608 
3.0 9.6180301 
3.0 9.1123277 
3.0 13.12399445 
3.0 15.14694335 
3.0 13.2552735 
3.0 9.597308 
3.0 9.06227 
3.0 11.7299658 
3.0 14.27588435 
3.0 27.8327532 
3.0 30.09454805 
3.0 27.0122293 
3.0 10.80219595 
3.0 31.8796016 
3.0 31.8267425 
3.0 28.49161035 
3.0 29.5543724 
3.0 32.52643835 
3.0 32.0660522 
3.0 30.80916755 
3.0 27.28918115 
3.0 30.21499215 
4.0 13.6657108 
4.0 13.0418183 
4.0 10.3326657 
4.0 8.83544305 
4.0 9.79249425 
4.0 9.08166245 
4.0 11.79140375 
4.0 11.21151605 
4.0 13.54919615 
4.0 15.1017552 
4.0 27.64974765 
4.0 28.5001045 
4.0 30.6251778 
4.0 30.59504455 
4.0 26.7396367 
4.0 27.07840135 
4.0 10.2879217 
4.0 11.6996614 
4.0 31.87017155 
4.0 32.56212365 
4.0 31.3357198 
4.0 32.6389665 
4.0 28.5819968 
4.0 28.02371635 
4.0 29.96144795 
4.0 28.9649542 
4.0 32.11755225 
4.0 32.49201375 
4.0 31.70871095 
4.0 32.96777295 
4.0 30.18929655 
4.0 30.284618 
4.0 28.26437915 
4.0 26.70893855 
4.0 29.5015784 
4.0 30.41965045 
