# Position.Z vs. Particle Type (97 data points):
# "Particle Type" Position.Z
1.0 0.0 
1.0 0.0 
1.0 0.0 
1.0 0.0 
1.0 0.0 
1.0 0.0 
1.0 0.0 
1.0 0.0 
1.0 0.0 
1.0 2.2741768 
1.0 2.2741768 
1.0 2.2741768 
1.0 2.2741768 
1.0 2.2741768 
1.0 2.2741768 
1.0 2.2741768 
1.0 2.2741768 
1.0 2.2741768 
1.0 5.39496405 
1.0 4.4791845 
1.0 4.4770978 
1.0 4.37451525 
1.0 4.43788695 
1.0 4.2668976 
1.0 4.37248245 
1.0 4.3858437 
1.0 4.406304 
1.0 7.55907495 
1.0 6.51470225 
1.0 6.83454275 
1.0 7.1119419 
1.0 6.44785155 
1.0 7.33197395 
1.0 6.86814485 
1.0 6.46731365 
1.0 6.44332185 
2.0 8.46625115 
2.0 16.12986095 
2.0 7.8247113 
3.0 9.665789 
3.0 8.9878502 
3.0 15.669241 
3.0 16.5728073 
3.0 11.15077145 
3.0 9.59873565 
3.0 21.4168262 
3.0 10.8893386 
3.0 12.93893475 
3.0 32.07241205 
3.0 22.20754515 
3.0 27.0986086 
3.0 9.7598312 
3.0 32.26795985 
3.0 28.3489311 
3.0 25.52100145 
3.0 30.089514 
3.0 32.5216563 
3.0 28.76789755 
3.0 31.236513 
3.0 31.4647473 
3.0 28.26556355 
4.0 11.84360975 
4.0 10.8110506 
4.0 9.9773534 
4.0 9.65103965 
4.0 22.3029709 
4.0 21.36303435 
4.0 10.55843985 
4.0 11.8231351 
4.0 12.0096326 
4.0 12.9502849 
4.0 32.6533963 
4.0 32.27232505 
4.0 22.3153098 
4.0 21.23592205 
4.0 26.38398875 
4.0 27.081299 
4.0 9.9603588 
4.0 8.84540825 
4.0 32.67706505 
4.0 31.7039821 
4.0 28.35524475 
4.0 28.08866375 
4.0 26.2112767 
4.0 24.69231415 
4.0 29.64540145 
4.0 29.6052582 
4.0 31.8948238 
4.0 32.42810655 
4.0 29.650803 
4.0 28.7884422 
4.0 31.61730775 
4.0 31.95764145 
4.0 31.29493955 
4.0 30.8679742 
4.0 28.9839081 
4.0 28.3784522 
