# Position.Z vs. Particle Type (97 data points):
# "Particle Type" Position.Z
1.0 0.0 
1.0 0.0 
1.0 0.0 
1.0 0.0 
1.0 0.0 
1.0 0.0 
1.0 0.0 
1.0 0.0 
1.0 0.0 
1.0 2.2741768 
1.0 2.2741768 
1.0 2.2741768 
1.0 2.2741768 
1.0 2.2741768 
1.0 2.2741768 
1.0 2.2741768 
1.0 2.2741768 
1.0 2.2741768 
1.0 4.3658174 
1.0 4.33980505 
1.0 4.21284465 
1.0 4.38286905 
1.0 4.27961275 
1.0 4.5648246 
1.0 4.61947885 
1.0 4.4268763 
1.0 5.075196 
1.0 7.26791695 
1.0 6.58299425 
1.0 7.39475835 
1.0 6.78488055 
1.0 6.2898528 
1.0 6.8865818 
1.0 6.4662339 
1.0 6.57475105 
1.0 7.34850725 
2.0 8.25480355 
2.0 14.34708275 
2.0 8.25796895 
3.0 9.4801385 
3.0 9.36753755 
3.0 14.661185 
3.0 14.09082535 
3.0 17.20209575 
3.0 12.2969371 
3.0 9.6960318 
3.0 9.53556275 
3.0 12.0517635 
3.0 23.46245265 
3.0 29.25432685 
3.0 25.57699935 
3.0 14.37739415 
3.0 31.6934632 
3.0 29.09844875 
3.0 10.9234692 
3.0 27.03259965 
3.0 32.76632625 
3.0 31.9878412 
3.0 31.5993804 
3.0 27.61735025 
3.0 31.84067635 
4.0 17.8575866 
4.0 17.2514104 
4.0 11.50649535 
4.0 12.55936955 
4.0 9.73316645 
4.0 10.14481125 
4.0 9.19216515 
4.0 9.84599175 
4.0 12.49770795 
4.0 12.44978875 
4.0 24.10965585 
4.0 22.7173114 
4.0 29.65740295 
4.0 28.48138335 
4.0 24.85932435 
4.0 26.2264597 
4.0 13.5392495 
4.0 14.49669795 
4.0 32.5781519 
4.0 31.28005405 
4.0 28.4828628 
4.0 29.48206135 
4.0 10.7836169 
4.0 10.7954931 
4.0 26.4304936 
4.0 26.53634165 
4.0 32.4733507 
4.0 32.3093995 
4.0 32.2386344 
4.0 32.8447077 
4.0 31.10282315 
4.0 31.2397855 
4.0 28.42658735 
4.0 27.8095041 
4.0 31.72975015 
4.0 32.60949055 
