# Position.Z vs. Particle Type (97 data points):
# "Particle Type" Position.Z
1.0 0.0 
1.0 0.0 
1.0 0.0 
1.0 0.0 
1.0 0.0 
1.0 0.0 
1.0 0.0 
1.0 0.0 
1.0 0.0 
1.0 2.2741768 
1.0 2.2741768 
1.0 2.2741768 
1.0 2.2741768 
1.0 2.2741768 
1.0 2.2741768 
1.0 2.2741768 
1.0 2.2741768 
1.0 2.2741768 
1.0 5.19385125 
1.0 4.2034524 
1.0 4.33848065 
1.0 4.21352225 
1.0 4.44378725 
1.0 4.50125585 
1.0 4.36548175 
1.0 4.21035195 
1.0 4.4815204 
1.0 7.1534687 
1.0 6.52414245 
1.0 6.4039346 
1.0 7.6011271 
1.0 6.2901006 
1.0 7.28645505 
1.0 6.5781737 
1.0 6.65155505 
1.0 7.02108715 
2.0 8.56750405 
2.0 13.01952995 
2.0 7.9757055 
3.0 9.73978075 
3.0 9.13602025 
3.0 12.97356795 
3.0 13.09842065 
3.0 12.6420154 
3.0 8.83548575 
3.0 9.60720215 
3.0 10.60268965 
3.0 15.98944865 
3.0 25.0399065 
3.0 28.70971565 
3.0 29.53825805 
3.0 11.42415995 
3.0 31.75584265 
3.0 32.28823675 
3.0 18.6790436 
3.0 28.13079955 
3.0 32.5216325 
3.0 32.56239245 
3.0 25.57051 
3.0 27.09758135 
3.0 31.8685234 
4.0 13.60729405 
4.0 12.35774995 
4.0 9.29226235 
4.0 9.4494561 
4.0 9.2218462 
4.0 9.6256629 
4.0 10.49895735 
4.0 10.8333687 
4.0 15.4958993 
4.0 16.81009995 
4.0 24.1129896 
4.0 25.2112994 
4.0 28.0854308 
4.0 28.13380745 
4.0 29.22586205 
4.0 30.49580765 
4.0 12.37051235 
4.0 11.3659952 
4.0 30.83609305 
4.0 32.3758302 
4.0 33.12806665 
4.0 32.3279691 
4.0 18.74328435 
4.0 18.42006495 
4.0 28.78918315 
4.0 28.61370015 
4.0 32.2785134 
4.0 32.49550535 
4.0 32.45834025 
4.0 32.38052125 
4.0 25.58577245 
4.0 26.4814578 
4.0 26.3310558 
4.0 27.1935461 
4.0 32.21764875 
4.0 32.5626539 
