# Position.Z vs. Particle Type (97 data points):
# "Particle Type" Position.Z
1.0 0.0 
1.0 0.0 
1.0 0.0 
1.0 0.0 
1.0 0.0 
1.0 0.0 
1.0 0.0 
1.0 0.0 
1.0 0.0 
1.0 2.2741768 
1.0 2.2741768 
1.0 2.2741768 
1.0 2.2741768 
1.0 2.2741768 
1.0 2.2741768 
1.0 2.2741768 
1.0 2.2741768 
1.0 2.2741768 
1.0 5.06212035 
1.0 4.4079189 
1.0 4.29011485 
1.0 4.60543965 
1.0 4.64981195 
1.0 4.4620163 
1.0 4.33095845 
1.0 4.3505441 
1.0 4.46625375 
1.0 7.32665605 
1.0 6.53697695 
1.0 6.31287405 
1.0 7.4116756 
1.0 6.59002435 
1.0 6.92932205 
1.0 7.04245815 
1.0 6.5344629 
1.0 7.02992955 
2.0 8.22479245 
2.0 15.0189942 
2.0 8.31830265 
3.0 9.3952894 
3.0 9.51899095 
3.0 15.7889452 
3.0 14.2028796 
3.0 11.10568095 
3.0 9.44185165 
3.0 28.94268755 
3.0 8.9143495 
3.0 11.1629826 
3.0 32.18125435 
3.0 31.6191729 
3.0 24.278954 
3.0 9.85565525 
3.0 32.1085688 
3.0 24.07603555 
3.0 25.54713945 
3.0 32.05635895 
3.0 32.1592082 
3.0 21.4604845 
3.0 27.43575555 
3.0 29.3522649 
3.0 29.31334175 
4.0 12.0147244 
4.0 10.9705946 
4.0 9.69816785 
4.0 10.08871885 
4.0 29.9041204 
4.0 28.5948698 
4.0 8.7147886 
4.0 9.76544695 
4.0 11.17183935 
4.0 11.92526685 
4.0 32.53808565 
4.0 32.268432 
4.0 32.40461945 
4.0 31.02782515 
4.0 23.5275565 
4.0 25.00900325 
4.0 9.32272985 
4.0 10.40915225 
4.0 33.10085625 
4.0 32.20198695 
4.0 23.243269 
4.0 24.28388165 
4.0 25.12363315 
4.0 26.3222162 
4.0 31.87353505 
4.0 31.9720324 
4.0 31.6062432 
4.0 32.45937065 
4.0 21.67452595 
4.0 20.89675665 
4.0 27.96610285 
4.0 26.9322977 
4.0 30.25339625 
4.0 28.96671225 
4.0 29.3446482 
4.0 29.67775685 
