# Position.Z vs. Particle Type (97 data points):
# "Particle Type" Position.Z
1.0 0.0 
1.0 0.0 
1.0 0.0 
1.0 0.0 
1.0 0.0 
1.0 0.0 
1.0 0.0 
1.0 0.0 
1.0 0.0 
1.0 2.2741768 
1.0 2.2741768 
1.0 2.2741768 
1.0 2.2741768 
1.0 2.2741768 
1.0 2.2741768 
1.0 2.2741768 
1.0 2.2741768 
1.0 2.2741768 
1.0 5.1346379 
1.0 4.2903602 
1.0 4.50624125 
1.0 5.00708565 
1.0 4.2891338 
1.0 4.2692895 
1.0 4.37191965 
1.0 4.37851645 
1.0 4.56656375 
1.0 7.1606913 
1.0 6.77961585 
1.0 6.4643663 
1.0 7.4479398 
1.0 6.92305565 
1.0 7.41392995 
1.0 7.02428965 
1.0 6.1791807 
1.0 7.1087576 
2.0 8.39751465 
2.0 24.7080155 
2.0 8.3082391 
3.0 9.57640075 
3.0 9.51350785 
3.0 25.61122095 
3.0 23.74722245 
3.0 11.055737 
3.0 9.023455 
3.0 28.3106054 
3.0 9.4216689 
3.0 11.66017825 
3.0 31.8026471 
3.0 26.664428 
3.0 25.62372505 
3.0 10.90216505 
3.0 32.2927346 
3.0 28.09414335 
3.0 27.9471465 
3.0 31.77060355 
3.0 32.6014703 
3.0 30.65291495 
3.0 30.1724059 
3.0 31.96530085 
3.0 28.73284365 
4.0 10.7272004 
4.0 10.6520624 
4.0 8.7391402 
4.0 9.16989395 
4.0 28.5387543 
4.0 28.30245565 
4.0 10.0919511 
4.0 10.05982915 
4.0 12.33306305 
4.0 11.34710185 
4.0 31.9986387 
4.0 31.98075685 
4.0 26.18351785 
4.0 26.8715125 
4.0 26.53852145 
4.0 25.60975935 
4.0 10.21945085 
4.0 10.9505914 
4.0 32.2500654 
4.0 32.7626908 
4.0 28.73270645 
4.0 28.6039817 
4.0 27.74824605 
4.0 28.3801875 
4.0 32.5853437 
4.0 31.6010296 
4.0 32.46501545 
4.0 32.7376441 
4.0 30.91404575 
4.0 29.84039205 
4.0 30.09613845 
4.0 30.64836845 
4.0 32.4364313 
4.0 31.89380145 
4.0 29.36254825 
4.0 27.8512591 
