# Position.Z vs. Particle Type (97 data points):
# "Particle Type" Position.Z
1.0 0.0 
1.0 0.0 
1.0 0.0 
1.0 0.0 
1.0 0.0 
1.0 0.0 
1.0 0.0 
1.0 0.0 
1.0 0.0 
1.0 2.2741768 
1.0 2.2741768 
1.0 2.2741768 
1.0 2.2741768 
1.0 2.2741768 
1.0 2.2741768 
1.0 2.2741768 
1.0 2.2741768 
1.0 2.2741768 
1.0 4.82219255 
1.0 4.3626044 
1.0 4.24303425 
1.0 4.3691102 
1.0 4.36558325 
1.0 4.60536055 
1.0 4.4603496 
1.0 4.4161768 
1.0 5.2025092 
1.0 6.7489611 
1.0 6.64924085 
1.0 7.72639 
1.0 6.7285225 
1.0 6.51903 
1.0 6.8986351 
1.0 6.3925106 
1.0 6.65953365 
1.0 7.42024885 
2.0 7.80136735 
2.0 15.63104725 
2.0 8.273979 
3.0 9.01544455 
3.0 9.2255835 
3.0 16.49335485 
3.0 14.81465475 
3.0 10.07953625 
3.0 8.68201915 
3.0 9.58915545 
3.0 10.52443455 
3.0 12.65850355 
3.0 12.6387443 
3.0 26.9388063 
3.0 29.3661928 
3.0 11.7805933 
3.0 30.1631701 
3.0 29.39875155 
3.0 13.6828517 
3.0 27.94961435 
3.0 32.0580771 
3.0 29.8306169 
3.0 32.3986404 
3.0 27.2925688 
3.0 31.86674435 
4.0 9.4198762 
4.0 9.5602486 
4.0 8.60493795 
4.0 9.62587185 
4.0 9.5313092 
4.0 9.76121895 
4.0 11.14287125 
4.0 9.9860684 
4.0 12.23773705 
4.0 12.19531985 
4.0 12.94091155 
4.0 11.83576205 
4.0 27.5039345 
4.0 27.4793435 
4.0 29.40650965 
4.0 30.0290655 
4.0 11.7228244 
4.0 12.23402005 
4.0 31.1366293 
4.0 29.89231805 
4.0 29.2063212 
4.0 30.25008805 
4.0 14.0358596 
4.0 13.2066333 
4.0 28.0003094 
4.0 27.1589668 
4.0 31.86791265 
4.0 32.00609545 
4.0 29.28554405 
4.0 29.34932735 
4.0 31.44185415 
4.0 32.48061355 
4.0 26.9297119 
4.0 27.44792085 
4.0 32.7063051 
4.0 31.8432807 
