# Position.Z vs. Particle Type (97 data points):
# "Particle Type" Position.Z
1.0 0.0 
1.0 0.0 
1.0 0.0 
1.0 0.0 
1.0 0.0 
1.0 0.0 
1.0 0.0 
1.0 0.0 
1.0 0.0 
1.0 2.2741768 
1.0 2.2741768 
1.0 2.2741768 
1.0 2.2741768 
1.0 2.2741768 
1.0 2.2741768 
1.0 2.2741768 
1.0 2.2741768 
1.0 2.2741768 
1.0 5.3132765 
1.0 4.36798775 
1.0 4.4276246 
1.0 4.46404385 
1.0 4.52453505 
1.0 4.4747269 
1.0 4.3183259 
1.0 4.4569532 
1.0 4.73504185 
1.0 7.1635816 
1.0 6.6357858 
1.0 7.11852085 
1.0 7.638036 
1.0 6.3583849 
1.0 7.58724015 
1.0 6.822165 
1.0 6.3090734 
1.0 6.7556986 
2.0 8.6804242 
2.0 13.55018875 
2.0 8.14254875 
3.0 9.82266285 
3.0 9.30859685 
3.0 13.0830378 
3.0 14.01675345 
3.0 12.09001255 
3.0 10.6137542 
3.0 8.9795545 
3.0 11.8138321 
3.0 14.9613891 
3.0 24.4618304 
3.0 29.35128245 
3.0 28.8762887 
3.0 11.74025475 
3.0 31.66386825 
3.0 31.69976705 
3.0 17.22904715 
3.0 27.54372145 
3.0 32.83770805 
3.0 31.4266162 
3.0 27.2483869 
3.0 26.4067482 
3.0 31.7837219 
4.0 11.87576285 
4.0 13.0454443 
4.0 11.63988105 
4.0 10.416091 
4.0 9.6851314 
4.0 8.94380585 
4.0 11.0039076 
4.0 11.8440427 
4.0 15.35242205 
4.0 15.34692565 
4.0 23.9302168 
4.0 24.81942995 
4.0 29.62644055 
4.0 29.58834025 
4.0 28.5696726 
4.0 28.1938713 
4.0 11.95056065 
4.0 11.7978133 
4.0 30.83633525 
4.0 32.31825835 
4.0 32.4683289 
4.0 31.2219355 
4.0 16.4432919 
4.0 17.9749444 
4.0 27.26278695 
4.0 28.365008 
4.0 32.38659305 
4.0 32.5577364 
4.0 31.74627645 
4.0 31.88230675 
4.0 27.15727455 
4.0 27.6449187 
4.0 26.547129 
4.0 25.4726542 
4.0 32.08928415 
4.0 30.8648893 
