# Position.Z vs. Particle Type (97 data points):
# "Particle Type" Position.Z
1.0 0.0 
1.0 0.0 
1.0 0.0 
1.0 0.0 
1.0 0.0 
1.0 0.0 
1.0 0.0 
1.0 0.0 
1.0 0.0 
1.0 2.2741768 
1.0 2.2741768 
1.0 2.2741768 
1.0 2.2741768 
1.0 2.2741768 
1.0 2.2741768 
1.0 2.2741768 
1.0 2.2741768 
1.0 2.2741768 
1.0 5.09875205 
1.0 4.4438233 
1.0 4.36941785 
1.0 4.55007735 
1.0 4.21986495 
1.0 4.33774565 
1.0 4.64036125 
1.0 4.5466911 
1.0 4.2190526 
1.0 7.529557 
1.0 6.8400024 
1.0 6.53913085 
1.0 7.253582 
1.0 6.30791945 
1.0 7.21868035 
1.0 6.7345376 
1.0 6.40981215 
1.0 6.59250585 
2.0 8.7079776 
2.0 17.2848977 
2.0 7.80330425 
3.0 9.90892455 
3.0 8.98943395 
3.0 17.99940275 
3.0 16.4625013 
3.0 13.07618515 
3.0 9.48149545 
3.0 9.7611255 
3.0 11.81207965 
3.0 11.02105725 
3.0 14.17923955 
3.0 24.55873595 
3.0 23.91811135 
3.0 13.87851255 
3.0 24.93540805 
3.0 20.07130965 
3.0 15.1389707 
3.0 24.7977429 
3.0 26.7429085 
3.0 27.0480294 
3.0 31.20015465 
3.0 21.47470325 
3.0 19.80994575 
4.0 13.7863026 
4.0 13.18674525 
4.0 9.92046685 
4.0 9.2061214 
4.0 10.32028445 
4.0 9.4756242 
4.0 12.0722294 
4.0 11.89908755 
4.0 10.67590685 
4.0 11.04681725 
4.0 14.59755605 
4.0 13.3794297 
4.0 24.63701345 
4.0 23.85820395 
4.0 24.02722805 
4.0 24.4201643 
4.0 13.2000204 
4.0 14.15575175 
4.0 24.30811145 
4.0 24.89778655 
4.0 19.85931815 
4.0 19.8687531 
4.0 16.0849528 
4.0 14.8520211 
4.0 24.01091105 
4.0 25.5558751 
4.0 26.27795625 
4.0 27.19924025 
4.0 27.75785005 
4.0 26.28787245 
4.0 32.1224519 
4.0 31.21580315 
4.0 21.984494 
4.0 20.56684945 
4.0 19.0631889 
4.0 20.53774835 
