# Position.Z vs. Particle Type (97 data points):
# "Particle Type" Position.Z
1.0 0.0 
1.0 0.0 
1.0 0.0 
1.0 0.0 
1.0 0.0 
1.0 0.0 
1.0 0.0 
1.0 0.0 
1.0 0.0 
1.0 2.2741768 
1.0 2.2741768 
1.0 2.2741768 
1.0 2.2741768 
1.0 2.2741768 
1.0 2.2741768 
1.0 2.2741768 
1.0 2.2741768 
1.0 2.2741768 
1.0 5.11636545 
1.0 4.3579795 
1.0 4.3634423 
1.0 4.36946615 
1.0 4.63545215 
1.0 4.2558705 
1.0 4.38922995 
1.0 4.38420255 
1.0 4.9614096 
1.0 7.2748487 
1.0 6.61076465 
1.0 6.9222678 
1.0 7.274848 
1.0 6.62636065 
1.0 7.01573285 
1.0 7.0256053 
1.0 6.6219692 
1.0 6.92094865 
2.0 8.32034455 
2.0 17.50006055 
2.0 8.32491135 
3.0 9.48587535 
3.0 9.46297625 
3.0 16.6145609 
3.0 18.4582643 
3.0 13.5178848 
3.0 9.81196895 
3.0 9.4335808 
3.0 12.95259665 
3.0 11.8156465 
3.0 25.6400949 
3.0 29.3064968 
3.0 26.56837645 
3.0 10.5242774 
3.0 32.069275 
3.0 31.3354223 
3.0 29.87641195 
3.0 25.64043475 
3.0 31.59631405 
3.0 31.8121678 
3.0 28.9519664 
3.0 28.6038515 
3.0 27.6787917 
4.0 13.5424912 
4.0 12.8195382 
4.0 9.854453 
4.0 10.2519956 
4.0 9.4291288 
4.0 9.20381245 
4.0 12.6341488 
4.0 13.56286155 
4.0 11.73949945 
4.0 11.19462085 
4.0 25.32537245 
4.0 25.91890735 
4.0 29.43559325 
4.0 30.20899385 
4.0 27.53558745 
4.0 26.23890675 
4.0 11.2371861 
4.0 9.72832945 
4.0 31.8652187 
4.0 31.6242122 
4.0 31.31121 
4.0 30.4778838 
4.0 29.5833888 
4.0 30.61860795 
4.0 25.393557 
4.0 24.87636305 
4.0 31.0976526 
4.0 32.5280935 
4.0 31.4148828 
4.0 32.67655825 
4.0 28.7718557 
4.0 28.7697242 
4.0 28.78266475 
4.0 27.65682885 
4.0 27.43927095 
4.0 27.83904025 
