# Position.Z vs. Particle Type (97 data points):
# "Particle Type" Position.Z
1.0 0.0 
1.0 0.0 
1.0 0.0 
1.0 0.0 
1.0 0.0 
1.0 0.0 
1.0 0.0 
1.0 0.0 
1.0 0.0 
1.0 2.2741768 
1.0 2.2741768 
1.0 2.2741768 
1.0 2.2741768 
1.0 2.2741768 
1.0 2.2741768 
1.0 2.2741768 
1.0 2.2741768 
1.0 2.2741768 
1.0 4.2560084 
1.0 4.2249228 
1.0 4.148627 
1.0 4.40309275 
1.0 4.1389824 
1.0 4.13333305 
1.0 4.42779925 
1.0 4.18968025 
1.0 4.3866319 
1.0 7.0542787 
1.0 6.940934 
1.0 6.5020109 
1.0 7.0056728 
1.0 6.1989949 
1.0 6.18952425 
1.0 6.40643675 
1.0 6.2009941 
1.0 6.4431969 
2.0 7.62496455 
2.0 10.74022985 
2.0 7.62395165 
3.0 8.82747425 
3.0 8.81369125 
3.0 9.6556908 
3.0 11.8018012 
3.0 9.9557199 
3.0 9.8089194 
3.0 9.4712058 
3.0 10.1220399 
3.0 11.46100865 
3.0 11.2774235 
3.0 15.0374497 
3.0 13.7572337 
3.0 13.12341555 
3.0 14.0868385 
3.0 13.93846125 
3.0 13.65123235 
3.0 17.2147199 
3.0 18.3458009 
3.0 17.3490688 
3.0 17.71718655 
3.0 18.4503298 
3.0 17.0815631 
4.0 9.06363745 
4.0 10.0338238 
4.0 10.49797315 
4.0 9.8042518 
4.0 9.7778058 
4.0 9.94784245 
4.0 10.1128496 
4.0 9.1689773 
4.0 10.9372207 
4.0 12.3531954 
4.0 10.71967295 
4.0 11.00569505 
4.0 15.14201745 
4.0 15.9127325 
4.0 13.7549594 
4.0 13.8286582 
4.0 13.40877055 
4.0 12.15624445 
4.0 14.3055185 
4.0 14.4922526 
4.0 13.6428082 
4.0 13.4069089 
4.0 13.7704392 
4.0 12.6903112 
4.0 16.2521296 
4.0 17.60418835 
4.0 18.07104985 
4.0 17.97552085 
4.0 17.8578211 
4.0 17.4074033 
4.0 17.6124214 
4.0 17.93244565 
4.0 19.2561719 
4.0 17.8042095 
4.0 17.2880603 
4.0 16.36783785 
