# Position.Z vs. Particle Type (97 data points):
# "Particle Type" Position.Z
1.0 0.0 
1.0 0.0 
1.0 0.0 
1.0 0.0 
1.0 0.0 
1.0 0.0 
1.0 0.0 
1.0 0.0 
1.0 0.0 
1.0 2.2741768 
1.0 2.2741768 
1.0 2.2741768 
1.0 2.2741768 
1.0 2.2741768 
1.0 2.2741768 
1.0 2.2741768 
1.0 2.2741768 
1.0 2.2741768 
1.0 5.26824375 
1.0 4.3435644 
1.0 4.3471624 
1.0 4.55823235 
1.0 4.4889572 
1.0 4.39937645 
1.0 4.2894726 
1.0 4.3651734 
1.0 4.55365085 
1.0 7.4211249 
1.0 6.4158143 
1.0 6.82797535 
1.0 7.10389715 
1.0 6.52265285 
1.0 7.37611105 
1.0 6.9779409 
1.0 6.4070783 
1.0 6.9164648 
2.0 8.3616764 
2.0 24.3910226 
2.0 8.0537303 
3.0 9.6120367 
3.0 9.2452605 
3.0 25.40020525 
3.0 23.3906477 
3.0 14.28560035 
3.0 9.05783165 
3.0 15.1854297 
3.0 14.9835966 
3.0 11.49058435 
3.0 28.2192393 
3.0 28.84934465 
3.0 27.9140736 
3.0 10.5894523 
3.0 32.814824 
3.0 29.5273174 
3.0 32.17095665 
3.0 24.71982135 
3.0 32.0249132 
3.0 32.13554085 
3.0 29.71308865 
3.0 31.2722081 
3.0 27.40779125 
4.0 13.64224015 
4.0 14.7448175 
4.0 9.7705125 
4.0 9.18291115 
4.0 14.8301608 
4.0 15.0265213 
4.0 15.81460615 
4.0 14.4303873 
4.0 11.44856335 
4.0 11.4927792 
4.0 27.2634726 
4.0 28.73319925 
4.0 28.69872565 
4.0 28.01612625 
4.0 27.15604675 
4.0 28.1565438 
4.0 9.90601395 
4.0 11.338873 
4.0 32.6839184 
4.0 32.257848 
4.0 29.01879575 
4.0 30.4633357 
4.0 32.2815017 
4.0 32.61714435 
4.0 25.3975491 
4.0 23.93508355 
4.0 32.9823179 
4.0 31.77441575 
4.0 32.9778603 
4.0 32.1191619 
4.0 30.3754199 
4.0 29.6645524 
4.0 30.68415595 
4.0 30.6587246 
4.0 27.67587305 
4.0 28.2790452 
