# Position.Z vs. Particle Type (97 data points):
# "Particle Type" Position.Z
1.0 0.0 
1.0 0.0 
1.0 0.0 
1.0 0.0 
1.0 0.0 
1.0 0.0 
1.0 0.0 
1.0 0.0 
1.0 0.0 
1.0 2.2741768 
1.0 2.2741768 
1.0 2.2741768 
1.0 2.2741768 
1.0 2.2741768 
1.0 2.2741768 
1.0 2.2741768 
1.0 2.2741768 
1.0 2.2741768 
1.0 4.52967585 
1.0 4.5230787 
1.0 4.52445 
1.0 4.52615415 
1.0 4.5275811 
1.0 4.5336725 
1.0 4.531107 
1.0 4.5284841 
1.0 4.5252137 
1.0 6.89739505 
1.0 6.8783225 
1.0 6.85427505 
1.0 6.873902 
1.0 6.8256384 
1.0 6.81696575 
1.0 6.87925945 
1.0 6.8436333 
1.0 6.85825525 
2.0 8.11222615 
2.0 10.8123645 
2.0 8.063139 
3.0 9.3335025 
3.0 9.2925245 
3.0 9.6608239 
3.0 11.96197065 
3.0 10.14563235 
3.0 9.57920915 
3.0 9.73442645 
3.0 10.35214145 
3.0 10.4716528 
3.0 10.43361235 
3.0 15.0143091 
3.0 13.75130855 
3.0 13.57302695 
3.0 13.8510351 
3.0 14.0329273 
3.0 13.6943464 
3.0 17.08418355 
3.0 17.92668745 
3.0 17.58765295 
3.0 17.52820825 
3.0 17.80825515 
3.0 17.60175585 
4.0 9.199477 
4.0 10.0834881 
4.0 9.88745415 
4.0 9.70238955 
4.0 10.0447774 
4.0 10.05250995 
4.0 10.4454882 
4.0 9.40232685 
4.0 10.6802255 
4.0 10.9835866 
4.0 10.5165788 
4.0 9.5429782 
4.0 15.50457825 
4.0 14.57553895 
4.0 13.93003395 
4.0 13.94169735 
4.0 13.7692338 
4.0 12.6212618 
4.0 14.07028315 
4.0 14.27842465 
4.0 13.85436465 
4.0 13.50131615 
4.0 13.83581955 
4.0 12.7370719 
4.0 16.10777245 
4.0 17.4264559 
4.0 17.9184943 
4.0 17.8519194 
4.0 17.79342705 
4.0 17.83055995 
4.0 17.40436005 
4.0 16.6269831 
4.0 17.8792628 
4.0 18.0533472 
4.0 17.5092911 
4.0 16.6920495 
