# Position.Z vs. Particle Type (97 data points):
# "Particle Type" Position.Z
1.0 0.0 
1.0 0.0 
1.0 0.0 
1.0 0.0 
1.0 0.0 
1.0 0.0 
1.0 0.0 
1.0 0.0 
1.0 0.0 
1.0 2.2741768 
1.0 2.2741768 
1.0 2.2741768 
1.0 2.2741768 
1.0 2.2741768 
1.0 2.2741768 
1.0 2.2741768 
1.0 2.2741768 
1.0 2.2741768 
1.0 4.95679135 
1.0 4.33004565 
1.0 4.3107295 
1.0 4.46450445 
1.0 4.3027782 
1.0 4.4194241 
1.0 4.3661429 
1.0 4.2280469 
1.0 4.42626415 
1.0 7.35986125 
1.0 6.3737604 
1.0 6.70027435 
1.0 7.13391245 
1.0 6.37930965 
1.0 7.2176426 
1.0 6.6983357 
1.0 6.39429315 
1.0 6.63336485 
2.0 8.41503145 
2.0 15.4410074 
2.0 7.85156085 
3.0 9.6298811 
3.0 9.0492584 
3.0 15.2017544 
3.0 15.7737727 
3.0 11.3191869 
3.0 8.936137 
3.0 21.4746616 
3.0 11.31999155 
3.0 13.00686555 
3.0 32.07329685 
3.0 22.56455565 
3.0 27.2317479 
3.0 10.11861655 
3.0 31.99390705 
3.0 28.2870987 
3.0 26.36857685 
3.0 29.46918975 
3.0 32.4952061 
3.0 29.07981685 
3.0 32.50366 
3.0 31.6205148 
3.0 29.1852645 
4.0 11.24135215 
4.0 10.8028851 
4.0 9.8304283 
4.0 9.23699735 
4.0 21.69333145 
4.0 21.0032312 
4.0 11.10288935 
4.0 12.00170475 
4.0 13.66703205 
4.0 12.93843355 
4.0 32.67958295 
4.0 32.61227515 
4.0 22.1728563 
4.0 23.55090185 
4.0 26.3818611 
4.0 27.1989592 
4.0 10.66569595 
4.0 9.4934686 
4.0 32.04332215 
4.0 32.93730055 
4.0 27.78030045 
4.0 28.97654095 
4.0 27.24113315 
4.0 26.46407085 
4.0 29.28330895 
4.0 28.6301463 
4.0 32.22326695 
4.0 31.96649225 
4.0 29.46769105 
4.0 29.28209025 
4.0 32.5305414 
4.0 32.41758065 
4.0 30.607871 
4.0 31.78945595 
4.0 30.1771148 
4.0 28.79474815 
