# Position.Z vs. Particle Type (97 data points):
# "Particle Type" Position.Z
1.0 0.0 
1.0 0.0 
1.0 0.0 
1.0 0.0 
1.0 0.0 
1.0 0.0 
1.0 0.0 
1.0 0.0 
1.0 0.0 
1.0 2.2741768 
1.0 2.2741768 
1.0 2.2741768 
1.0 2.2741768 
1.0 2.2741768 
1.0 2.2741768 
1.0 2.2741768 
1.0 2.2741768 
1.0 2.2741768 
1.0 4.4492525 
1.0 4.3292683 
1.0 4.98980825 
1.0 4.3692075 
1.0 4.3045135 
1.0 4.56080835 
1.0 4.26446335 
1.0 4.32383175 
1.0 5.20783725 
1.0 7.137774 
1.0 6.51347795 
1.0 7.36928255 
1.0 6.7821145 
1.0 6.53868005 
1.0 7.11436635 
1.0 6.5298107 
1.0 6.4128183 
1.0 7.5595814 
2.0 8.1503023 
2.0 15.3187769 
2.0 8.3106177 
3.0 9.258298 
3.0 9.422903 
3.0 15.183749 
3.0 15.4194754 
3.0 17.22231735 
3.0 9.48740975 
3.0 9.99971175 
3.0 11.142719 
3.0 11.6753231 
3.0 19.87097805 
3.0 26.2083276 
3.0 23.0732341 
3.0 14.17280445 
3.0 31.8706906 
3.0 29.58513145 
3.0 13.53564835 
3.0 25.22348535 
3.0 32.67409285 
3.0 30.18070475 
3.0 31.9989544 
3.0 27.4967854 
3.0 30.46720915 
4.0 16.31475825 
4.0 17.14742015 
4.0 10.12771165 
4.0 9.97268895 
4.0 9.22341945 
4.0 10.2130056 
4.0 10.5405566 
4.0 11.55987105 
4.0 10.7015545 
4.0 11.86283805 
4.0 19.195771 
4.0 20.39864715 
4.0 27.1318327 
4.0 25.71846235 
4.0 23.56019575 
4.0 23.6796294 
4.0 14.4010923 
4.0 13.754286 
4.0 32.6909212 
4.0 31.2165371 
4.0 29.3789678 
4.0 30.5228756 
4.0 14.20357575 
4.0 13.3609889 
4.0 24.39112795 
4.0 25.637542 
4.0 32.26300805 
4.0 32.23484215 
4.0 30.18096795 
4.0 29.555519 
4.0 32.72513055 
4.0 31.9291343 
4.0 27.16404915 
4.0 27.2256523 
4.0 30.9508241 
4.0 29.7057628 
