# Position.Z vs. Particle Type (97 data points):
# "Particle Type" Position.Z
1.0 0.0 
1.0 0.0 
1.0 0.0 
1.0 0.0 
1.0 0.0 
1.0 0.0 
1.0 0.0 
1.0 0.0 
1.0 0.0 
1.0 2.2741768 
1.0 2.2741768 
1.0 2.2741768 
1.0 2.2741768 
1.0 2.2741768 
1.0 2.2741768 
1.0 2.2741768 
1.0 2.2741768 
1.0 2.2741768 
1.0 5.1595292 
1.0 4.5549861 
1.0 4.3101037 
1.0 4.9718347 
1.0 4.3645861 
1.0 4.40132875 
1.0 4.32979015 
1.0 4.25197815 
1.0 4.28868335 
1.0 7.57626905 
1.0 6.35041785 
1.0 6.72083405 
1.0 6.9718999 
1.0 6.5527525 
1.0 7.25839205 
1.0 6.87309595 
1.0 6.7452973 
1.0 7.2904006 
2.0 8.4320257 
2.0 17.45254525 
2.0 8.06314635 
3.0 9.6092913 
3.0 9.21850825 
3.0 17.7146179 
3.0 17.1645243 
3.0 14.0627921 
3.0 9.316825 
3.0 9.2183077 
3.0 11.67588625 
3.0 12.81559125 
3.0 13.0263091 
3.0 24.6734551 
3.0 27.38218385 
3.0 14.1335061 
3.0 26.39610295 
3.0 21.7167251 
3.0 16.1411173 
3.0 25.60241005 
3.0 28.012418 
3.0 29.38159735 
3.0 29.9651772 
3.0 24.865365 
3.0 22.62907325 
4.0 14.8737099 
4.0 14.2932895 
4.0 9.7764233 
4.0 9.0183506 
4.0 10.14368635 
4.0 9.2742321 
4.0 12.4076435 
4.0 10.90093445 
4.0 11.9624071 
4.0 12.854191 
4.0 13.1098471 
4.0 12.0728895 
4.0 25.24671765 
4.0 24.0715496 
4.0 27.02872515 
4.0 27.8332229 
4.0 13.5902879 
4.0 14.05439245 
4.0 25.4761661 
4.0 26.4044284 
4.0 21.27097665 
4.0 21.3026226 
4.0 16.0074334 
4.0 15.7340372 
4.0 24.9324817 
4.0 26.3941972 
4.0 27.8333293 
4.0 28.16396275 
4.0 30.0467426 
4.0 28.8975505 
4.0 29.6202095 
4.0 29.37008235 
4.0 25.6640944 
4.0 24.1632027 
4.0 22.53209455 
4.0 23.064237 
