# Position.Z vs. Particle Type (97 data points):
# "Particle Type" Position.Z
1.0 0.0 
1.0 0.0 
1.0 0.0 
1.0 0.0 
1.0 0.0 
1.0 0.0 
1.0 0.0 
1.0 0.0 
1.0 0.0 
1.0 2.2741768 
1.0 2.2741768 
1.0 2.2741768 
1.0 2.2741768 
1.0 2.2741768 
1.0 2.2741768 
1.0 2.2741768 
1.0 2.2741768 
1.0 2.2741768 
1.0 4.9889189 
1.0 4.29514085 
1.0 4.44937815 
1.0 4.5332504 
1.0 4.293233 
1.0 4.5010042 
1.0 4.47667185 
1.0 4.35481095 
1.0 4.28964095 
1.0 7.28846265 
1.0 6.25663885 
1.0 6.7941496 
1.0 7.1111831 
1.0 6.4520435 
1.0 7.10640035 
1.0 6.63725825 
1.0 6.3708624 
1.0 6.70785605 
2.0 8.42298415 
2.0 14.38301375 
2.0 7.8674008 
3.0 9.5920594 
3.0 9.0340201 
3.0 14.5396167 
3.0 14.39699835 
3.0 13.34944135 
3.0 12.0618211 
3.0 9.30559315 
3.0 9.8398643 
3.0 16.1540673 
3.0 28.2988489 
3.0 28.48078765 
3.0 27.0812626 
3.0 11.04664435 
3.0 31.89146695 
3.0 30.1685615 
3.0 13.16685475 
3.0 27.1959212 
3.0 31.9003769 
3.0 32.38008935 
3.0 28.6667563 
3.0 28.9471147 
3.0 31.8113096 
4.0 13.5365888 
4.0 12.4863795 
4.0 12.72686765 
4.0 12.63968475 
4.0 9.99434065 
4.0 9.8691432 
4.0 9.96937025 
4.0 10.0945068 
4.0 16.1071295 
4.0 15.9437033 
4.0 28.45901345 
4.0 27.6867493 
4.0 29.3415073 
4.0 28.661913 
4.0 27.48983125 
4.0 27.30536375 
4.0 10.32475255 
4.0 11.23402455 
4.0 32.06250005 
4.0 32.6716208 
4.0 30.6639179 
4.0 29.88048385 
4.0 13.370672 
4.0 14.0532756 
4.0 26.6418733 
4.0 27.53141685 
4.0 32.84226155 
4.0 31.88694495 
4.0 32.2573433 
4.0 32.1379324 
4.0 29.62919995 
4.0 28.31614835 
4.0 28.5852021 
4.0 28.660009 
4.0 32.6100551 
4.0 31.1453688 
