# Position.Z vs. Particle Type (97 data points):
# "Particle Type" Position.Z
1.0 0.0 
1.0 0.0 
1.0 0.0 
1.0 0.0 
1.0 0.0 
1.0 0.0 
1.0 0.0 
1.0 0.0 
1.0 0.0 
1.0 2.2741768 
1.0 2.2741768 
1.0 2.2741768 
1.0 2.2741768 
1.0 2.2741768 
1.0 2.2741768 
1.0 2.2741768 
1.0 2.2741768 
1.0 2.2741768 
1.0 5.35680845 
1.0 4.4039457 
1.0 4.3753766 
1.0 4.447989 
1.0 4.28088325 
1.0 4.39774615 
1.0 4.3935682 
1.0 4.5119501 
1.0 4.4372895 
1.0 7.3780903 
1.0 6.71904415 
1.0 6.53709105 
1.0 7.05576095 
1.0 6.45273545 
1.0 7.34440595 
1.0 6.9611451 
1.0 6.4100043 
1.0 6.66478295 
2.0 8.36851085 
2.0 17.18158295 
2.0 8.0802841 
3.0 9.5493118 
3.0 9.25855105 
3.0 17.8411226 
3.0 16.41160745 
3.0 12.6620648 
3.0 9.41582145 
3.0 9.7131489 
3.0 12.12602125 
3.0 10.6631546 
3.0 14.1184631 
3.0 23.62338055 
3.0 22.69115205 
3.0 12.8802555 
3.0 24.66250815 
3.0 20.49800935 
3.0 14.6737563 
3.0 24.0487261 
3.0 25.96870045 
3.0 26.5971832 
3.0 29.452535 
3.0 21.0915929 
3.0 18.8849962 
4.0 13.34190235 
4.0 12.1756103 
4.0 9.6836803 
4.0 8.86724265 
4.0 10.52000565 
4.0 9.32134035 
4.0 12.49260145 
4.0 11.8636931 
4.0 10.4695591 
4.0 9.9562386 
4.0 14.84781095 
4.0 13.8453035 
4.0 24.26780405 
4.0 23.0124139 
4.0 22.66703565 
4.0 23.2198596 
4.0 12.41806405 
4.0 13.4618547 
4.0 23.935429 
4.0 24.33147115 
4.0 21.15726025 
4.0 20.9493984 
4.0 15.56907625 
4.0 14.26554045 
4.0 23.52030765 
4.0 24.94038575 
4.0 25.8328273 
4.0 26.19978375 
4.0 27.5276778 
4.0 26.14596705 
4.0 29.69776565 
4.0 29.3733419 
4.0 21.05739685 
4.0 20.1450711 
4.0 19.32736575 
4.0 18.8413183 
