# Position.Z vs. Particle Type (97 data points):
# "Particle Type" Position.Z
1.0 0.0 
1.0 0.0 
1.0 0.0 
1.0 0.0 
1.0 0.0 
1.0 0.0 
1.0 0.0 
1.0 0.0 
1.0 0.0 
1.0 2.2741768 
1.0 2.2741768 
1.0 2.2741768 
1.0 2.2741768 
1.0 2.2741768 
1.0 2.2741768 
1.0 2.2741768 
1.0 2.2741768 
1.0 2.2741768 
1.0 5.11285705 
1.0 4.302116 
1.0 4.4487177 
1.0 4.555495 
1.0 4.4981251 
1.0 4.43756915 
1.0 4.29226805 
1.0 4.37222765 
1.0 4.86894275 
1.0 7.2636732 
1.0 6.59632435 
1.0 6.77257595 
1.0 6.9896351 
1.0 6.53834965 
1.0 7.2690443 
1.0 6.82288005 
1.0 6.45915865 
1.0 7.0322434 
2.0 8.4230104 
2.0 24.36485275 
2.0 8.2282032 
3.0 9.61437785 
3.0 9.4412584 
3.0 25.2919191 
3.0 23.43388425 
3.0 12.0294307 
3.0 8.89457205 
3.0 11.35548575 
3.0 14.54239395 
3.0 10.36332465 
3.0 30.1354151 
3.0 22.54639415 
3.0 27.74490845 
3.0 10.92839685 
3.0 32.74563915 
3.0 29.0919146 
3.0 32.0618774 
3.0 23.4833543 
3.0 32.7397819 
3.0 32.11820395 
3.0 31.66661085 
3.0 30.10594545 
3.0 25.09413655 
4.0 12.8920393 
4.0 11.53347405 
4.0 9.2936165 
4.0 9.3433725 
4.0 10.5858907 
4.0 11.0667459 
4.0 13.6905587 
4.0 14.6470352 
4.0 9.8935837 
4.0 10.8216577 
4.0 29.56277065 
4.0 30.37824475 
4.0 23.13551835 
4.0 21.7674562 
4.0 26.96572165 
4.0 28.2541147 
4.0 11.5010574 
4.0 11.2853874 
4.0 32.824071 
4.0 32.4320696 
4.0 28.5306763 
4.0 28.80779965 
4.0 32.19907635 
4.0 32.893567 
4.0 23.13817905 
4.0 23.0649132 
4.0 31.9865469 
4.0 32.72032785 
4.0 32.67097645 
4.0 32.81182345 
4.0 31.15740215 
4.0 30.9640156 
4.0 29.34670235 
4.0 30.76499405 
4.0 25.987108 
4.0 24.94651495 
