# Position.Z vs. Particle Type (97 data points):
# "Particle Type" Position.Z
1.0 0.0 
1.0 0.0 
1.0 0.0 
1.0 0.0 
1.0 0.0 
1.0 0.0 
1.0 0.0 
1.0 0.0 
1.0 0.0 
1.0 2.2741768 
1.0 2.2741768 
1.0 2.2741768 
1.0 2.2741768 
1.0 2.2741768 
1.0 2.2741768 
1.0 2.2741768 
1.0 2.2741768 
1.0 2.2741768 
1.0 5.07067365 
1.0 4.4050993 
1.0 4.26400695 
1.0 4.35554035 
1.0 4.45013275 
1.0 4.4781688 
1.0 4.35222725 
1.0 4.3337679 
1.0 4.8979476 
1.0 7.37343215 
1.0 6.62388755 
1.0 7.0178374 
1.0 7.3432107 
1.0 6.42214055 
1.0 7.00508235 
1.0 6.53005535 
1.0 6.4361192 
1.0 7.0359555 
2.0 8.31805555 
2.0 14.7299264 
2.0 7.9530913 
3.0 9.50114095 
3.0 9.11699075 
3.0 15.39170885 
3.0 14.13820625 
3.0 13.02524685 
3.0 10.0326226 
3.0 9.0804679 
3.0 12.43779565 
3.0 11.6040505 
3.0 27.8201399 
3.0 30.18043385 
3.0 28.91489475 
3.0 11.1665932 
3.0 31.90693975 
3.0 32.42475495 
3.0 26.27070705 
3.0 29.6381967 
3.0 32.89772185 
3.0 32.1823467 
3.0 28.56438515 
3.0 29.2956447 
3.0 31.7869111 
4.0 12.2850728 
4.0 13.4038737 
4.0 9.9587754 
4.0 9.3258571 
4.0 9.9520974 
4.0 9.2402506 
4.0 11.59459595 
4.0 12.7939084 
4.0 10.7474199 
4.0 12.27133775 
4.0 26.9672284 
4.0 28.4150132 
4.0 29.29142685 
4.0 30.8517636 
4.0 29.34235745 
4.0 28.12626005 
4.0 11.21856925 
4.0 11.0807235 
4.0 32.25404175 
4.0 30.9499372 
4.0 31.67435285 
4.0 32.17666165 
4.0 26.8695882 
4.0 25.57650725 
4.0 29.6827657 
4.0 29.3006427 
4.0 32.4844296 
4.0 32.94212285 
4.0 33.0054312 
4.0 32.2196063 
4.0 28.25114915 
4.0 28.39940845 
4.0 30.21223205 
4.0 28.85202635 
4.0 32.4761941 
4.0 32.27437815 
