# Position.Z vs. Particle Type (97 data points):
# "Particle Type" Position.Z
1.0 0.0 
1.0 0.0 
1.0 0.0 
1.0 0.0 
1.0 0.0 
1.0 0.0 
1.0 0.0 
1.0 0.0 
1.0 0.0 
1.0 2.2741768 
1.0 2.2741768 
1.0 2.2741768 
1.0 2.2741768 
1.0 2.2741768 
1.0 2.2741768 
1.0 2.2741768 
1.0 2.2741768 
1.0 2.2741768 
1.0 4.3514786 
1.0 4.3212176 
1.0 4.61499185 
1.0 4.4600052 
1.0 4.5094917 
1.0 4.4202879 
1.0 4.3057259 
1.0 4.19752375 
1.0 5.20848615 
1.0 6.4456623 
1.0 6.60757545 
1.0 7.6017004 
1.0 6.97665745 
1.0 6.5530143 
1.0 6.6441095 
1.0 6.8868989 
1.0 6.258175 
1.0 7.488257 
2.0 7.83989955 
2.0 15.70428615 
2.0 8.50558135 
3.0 9.0661585 
3.0 9.68381855 
3.0 14.55757905 
3.0 16.82384515 
3.0 15.58869375 
3.0 10.5332479 
3.0 9.18892345 
3.0 10.85092225 
3.0 13.4571598 
3.0 18.2657405 
3.0 27.3110306 
3.0 24.4875883 
3.0 12.78254845 
3.0 32.1959001 
3.0 28.50610875 
3.0 14.28758135 
3.0 25.44404205 
3.0 32.226838 
3.0 28.7174321 
3.0 31.91017585 
3.0 27.1369868 
3.0 30.24334775 
4.0 14.95711105 
4.0 15.73864005 
4.0 11.08841195 
4.0 9.98863425 
4.0 9.6102006 
4.0 9.73091105 
4.0 10.55722045 
4.0 11.70505805 
4.0 12.67498505 
4.0 14.17603635 
4.0 18.2048069 
4.0 17.45704625 
4.0 27.6025064 
4.0 27.1318271 
4.0 23.736391 
4.0 24.27566995 
4.0 12.5683943 
4.0 13.21644065 
4.0 31.8446695 
4.0 31.47687865 
4.0 28.03228435 
4.0 28.9732023 
4.0 14.2492567 
4.0 13.3729785 
4.0 25.7899488 
4.0 26.137965 
4.0 31.5798497 
4.0 32.07505805 
4.0 28.6700435 
4.0 28.3257149 
4.0 32.8707155 
4.0 31.6022014 
4.0 26.27516185 
4.0 27.69541775 
4.0 30.69735375 
4.0 30.52713335 
