# Position.Z vs. Particle Type (97 data points):
# "Particle Type" Position.Z
1.0 0.0 
1.0 0.0 
1.0 0.0 
1.0 0.0 
1.0 0.0 
1.0 0.0 
1.0 0.0 
1.0 0.0 
1.0 0.0 
1.0 2.2741768 
1.0 2.2741768 
1.0 2.2741768 
1.0 2.2741768 
1.0 2.2741768 
1.0 2.2741768 
1.0 2.2741768 
1.0 2.2741768 
1.0 2.2741768 
1.0 4.5513349 
1.0 4.2477694 
1.0 4.4607367 
1.0 4.28728545 
1.0 4.5011323 
1.0 4.339832 
1.0 4.371605 
1.0 4.2366702 
1.0 4.7356715 
1.0 7.0171703 
1.0 6.4497832 
1.0 7.3602361 
1.0 6.84043675 
1.0 6.47543155 
1.0 6.69633335 
1.0 6.57207355 
1.0 6.4130388 
1.0 7.0358029 
2.0 8.07332015 
2.0 15.3952512 
2.0 8.16080405 
3.0 9.3077243 
3.0 9.354303 
3.0 15.0822749 
3.0 15.7207869 
3.0 14.1905323 
3.0 9.74458905 
3.0 9.640106 
3.0 10.05093705 
3.0 13.0076919 
3.0 16.44865915 
3.0 25.98493905 
3.0 26.78942315 
3.0 11.6828026 
3.0 31.39624215 
3.0 29.62265495 
3.0 13.70919585 
3.0 26.835221 
3.0 32.6211473 
3.0 29.0101238 
3.0 31.8922961 
3.0 26.49976385 
3.0 32.7314715 
4.0 13.6963561 
4.0 13.88771055 
4.0 10.5347998 
4.0 9.82419865 
4.0 9.9632232 
4.0 9.9821981 
4.0 9.61270065 
4.0 10.1164063 
4.0 13.20187855 
4.0 12.21404765 
4.0 15.99798585 
4.0 15.64249715 
4.0 25.1003662 
4.0 26.405652 
4.0 26.64811625 
4.0 26.4032923 
4.0 12.31644715 
4.0 10.90554815 
4.0 32.12253905 
4.0 30.95657845 
4.0 28.98823865 
4.0 29.9566715 
4.0 14.66676505 
4.0 13.4302609 
4.0 27.69496905 
4.0 26.2398192 
4.0 32.63319465 
4.0 32.69170905 
4.0 28.235487 
4.0 28.9464847 
4.0 31.8314269 
4.0 32.80024405 
4.0 26.32665035 
4.0 25.6120648 
4.0 32.75323975 
4.0 32.41713405 
