# Position.Z vs. Particle Type (97 data points):
# "Particle Type" Position.Z
1.0 0.0 
1.0 0.0 
1.0 0.0 
1.0 0.0 
1.0 0.0 
1.0 0.0 
1.0 0.0 
1.0 0.0 
1.0 0.0 
1.0 2.2741768 
1.0 2.2741768 
1.0 2.2741768 
1.0 2.2741768 
1.0 2.2741768 
1.0 2.2741768 
1.0 2.2741768 
1.0 2.2741768 
1.0 2.2741768 
1.0 5.09619005 
1.0 4.3438185 
1.0 4.3534862 
1.0 4.2498274 
1.0 4.34270375 
1.0 4.3275386 
1.0 4.98641185 
1.0 4.1327055 
1.0 4.3835218 
1.0 7.36945965 
1.0 6.47656835 
1.0 6.8481448 
1.0 7.2827622 
1.0 6.2314525 
1.0 6.85251945 
1.0 6.9441309 
1.0 6.34137945 
1.0 6.52803445 
2.0 8.3537167 
2.0 12.48451715 
2.0 7.8726844 
3.0 9.51540625 
3.0 8.99377885 
3.0 12.45631695 
3.0 12.47657215 
3.0 11.14778315 
3.0 9.1937881 
3.0 25.1474426 
3.0 10.91605025 
3.0 9.67755285 
3.0 31.62388985 
3.0 24.38676345 
3.0 29.09791535 
3.0 9.61689505 
3.0 32.0382349 
3.0 27.743247 
3.0 30.51637225 
3.0 26.50008935 
3.0 32.02364865 
3.0 32.71619155 
3.0 32.41827225 
3.0 27.7493111 
3.0 28.77042735 
4.0 10.60084865 
4.0 11.2932827 
4.0 9.85352305 
4.0 9.35880995 
4.0 25.6692422 
4.0 25.79890285 
4.0 11.3770615 
4.0 10.43815045 
4.0 9.8954485 
4.0 9.8340354 
4.0 31.8082177 
4.0 32.3783572 
4.0 24.8578197 
4.0 23.46191715 
4.0 29.4629307 
4.0 29.8206755 
4.0 9.8702373 
4.0 9.3536688 
4.0 31.5591164 
4.0 32.86388735 
4.0 27.08230525 
4.0 28.60178055 
4.0 29.64508295 
4.0 30.3050475 
4.0 25.6847444 
4.0 26.9852247 
4.0 32.68186915 
4.0 32.4623964 
4.0 32.13071645 
4.0 32.45653075 
4.0 32.43954035 
4.0 32.21234625 
4.0 28.0207144 
4.0 27.6129749 
4.0 29.5980846 
4.0 28.4851903 
