# Position.Z vs. Particle Type (97 data points):
# "Particle Type" Position.Z
1.0 0.0 
1.0 0.0 
1.0 0.0 
1.0 0.0 
1.0 0.0 
1.0 0.0 
1.0 0.0 
1.0 0.0 
1.0 0.0 
1.0 2.2741768 
1.0 2.2741768 
1.0 2.2741768 
1.0 2.2741768 
1.0 2.2741768 
1.0 2.2741768 
1.0 2.2741768 
1.0 2.2741768 
1.0 2.2741768 
1.0 4.65698765 
1.0 4.29816835 
1.0 4.22129295 
1.0 4.46098905 
1.0 4.59258485 
1.0 4.1947864 
1.0 4.40866755 
1.0 4.2646471 
1.0 4.8889659 
1.0 6.77969495 
1.0 6.6383289 
1.0 7.21063735 
1.0 7.1175314 
1.0 6.6971828 
1.0 6.82627855 
1.0 6.6633217 
1.0 6.3832363 
1.0 6.91835865 
2.0 8.18851005 
2.0 13.71492325 
2.0 8.12934535 
3.0 9.3890279 
3.0 9.33194675 
3.0 14.269374 
3.0 13.10915935 
3.0 16.8192626 
3.0 10.76415235 
3.0 9.426963 
3.0 11.20327495 
3.0 12.65725475 
3.0 23.2779876 
3.0 29.93067665 
3.0 25.7547451 
3.0 14.7823312 
3.0 31.87864995 
3.0 28.88878195 
3.0 10.95085145 
3.0 26.3328009 
3.0 32.46712315 
3.0 32.11364065 
3.0 31.1413529 
3.0 26.19754865 
3.0 32.2446355 
4.0 17.72414805 
4.0 16.68487695 
4.0 10.4935516 
4.0 11.39030865 
4.0 9.2974966 
4.0 9.7579888 
4.0 10.81539795 
4.0 11.93615045 
4.0 11.7386787 
4.0 13.03461705 
4.0 23.95013005 
4.0 23.23013 
4.0 30.64848325 
4.0 29.13832775 
4.0 24.8413585 
4.0 26.32491995 
4.0 13.85912605 
4.0 14.95956805 
4.0 31.6726354 
4.0 31.89409265 
4.0 29.2291727 
4.0 28.0007294 
4.0 10.82604635 
4.0 11.03489345 
4.0 26.918255 
4.0 25.9000602 
4.0 32.46974465 
4.0 32.1127478 
4.0 32.59470165 
4.0 32.88577985 
4.0 30.21249035 
4.0 31.38072105 
4.0 26.35119935 
4.0 26.99612545 
4.0 32.6825422 
4.0 32.2454839 
