# Position.Z vs. Particle Type (97 data points):
# "Particle Type" Position.Z
1.0 0.0 
1.0 0.0 
1.0 0.0 
1.0 0.0 
1.0 0.0 
1.0 0.0 
1.0 0.0 
1.0 0.0 
1.0 0.0 
1.0 2.2741768 
1.0 2.2741768 
1.0 2.2741768 
1.0 2.2741768 
1.0 2.2741768 
1.0 2.2741768 
1.0 2.2741768 
1.0 2.2741768 
1.0 2.2741768 
1.0 5.06335095 
1.0 4.40170255 
1.0 4.37339875 
1.0 4.2778134 
1.0 4.3344322 
1.0 4.27596925 
1.0 4.4073351 
1.0 4.33047475 
1.0 4.5475346 
1.0 7.18467645 
1.0 6.6631005 
1.0 6.66153005 
1.0 7.4499698 
1.0 6.5224852 
1.0 7.18219705 
1.0 6.6953817 
1.0 6.19669855 
1.0 6.42968235 
2.0 8.3292909 
2.0 22.73678365 
2.0 7.8351987 
3.0 9.57121095 
3.0 9.04076565 
3.0 23.613324 
3.0 21.9116632 
3.0 12.0776964 
3.0 9.05005535 
3.0 13.06686185 
3.0 15.1058649 
3.0 11.82529005 
3.0 27.11617895 
3.0 29.13168965 
3.0 27.38578325 
3.0 10.4170787 
3.0 32.7839197 
3.0 30.1238854 
3.0 32.12322435 
3.0 25.3990807 
3.0 32.0535558 
3.0 31.9553101 
3.0 29.77542225 
3.0 32.0100109 
3.0 27.9250531 
4.0 11.507573 
4.0 12.9469928 
4.0 9.54560845 
4.0 9.3004856 
4.0 14.03435845 
4.0 12.91961125 
4.0 14.6851621 
4.0 14.5483429 
4.0 11.5807265 
4.0 11.16534335 
4.0 26.61660715 
4.0 28.0591724 
4.0 28.4024272 
4.0 29.91942905 
4.0 27.5965935 
4.0 26.7750259 
4.0 10.82689615 
4.0 10.1366174 
4.0 32.4386447 
4.0 32.4133089 
4.0 29.47363895 
4.0 30.61044385 
4.0 32.23663555 
4.0 32.9779331 
4.0 26.196205 
4.0 24.8546886 
4.0 31.9044152 
4.0 32.65077655 
4.0 31.28159895 
4.0 32.80233005 
4.0 29.12112665 
4.0 29.17386395 
4.0 31.37963675 
4.0 32.91002505 
4.0 28.33378065 
4.0 28.4475191 
