# Position.Z vs. Particle Type (97 data points):
# "Particle Type" Position.Z
1.0 0.0 
1.0 0.0 
1.0 0.0 
1.0 0.0 
1.0 0.0 
1.0 0.0 
1.0 0.0 
1.0 0.0 
1.0 0.0 
1.0 2.2741768 
1.0 2.2741768 
1.0 2.2741768 
1.0 2.2741768 
1.0 2.2741768 
1.0 2.2741768 
1.0 2.2741768 
1.0 2.2741768 
1.0 2.2741768 
1.0 4.66971645 
1.0 4.30692115 
1.0 4.5165876 
1.0 4.41409325 
1.0 4.6228371 
1.0 4.49575945 
1.0 4.0153729 
1.0 4.28884575 
1.0 4.8405693 
1.0 6.5589972 
1.0 6.37991375 
1.0 7.51029125 
1.0 7.00682605 
1.0 6.5898826 
1.0 7.0160062 
1.0 6.82454045 
1.0 6.4314369 
1.0 7.01476195 
2.0 7.8158465 
2.0 14.457457 
2.0 8.2395075 
3.0 8.99425555 
3.0 9.42374965 
3.0 15.22793545 
3.0 13.67957745 
3.0 18.3796039 
3.0 9.69357795 
3.0 9.2379686 
3.0 9.7951007 
3.0 11.2414169 
3.0 21.61009445 
3.0 26.36478705 
3.0 23.4860199 
3.0 14.70994385 
3.0 31.7485007 
3.0 28.33297985 
3.0 11.4683898 
3.0 25.3604946 
3.0 32.2586152 
3.0 31.3945653 
3.0 31.42753145 
3.0 27.6066371 
3.0 32.47142815 
4.0 17.41534445 
4.0 18.32301415 
4.0 10.45009665 
4.0 9.2209565 
4.0 9.21253865 
4.0 9.56401705 
4.0 8.8147766 
4.0 10.38784705 
4.0 11.4076529 
4.0 10.756333 
4.0 20.66837395 
4.0 21.85478855 
4.0 26.64288865 
4.0 25.42675905 
4.0 22.85569965 
4.0 22.96077 
4.0 14.82338515 
4.0 13.88307095 
4.0 31.1071873 
4.0 32.5583307 
4.0 28.42800975 
4.0 28.62776805 
4.0 10.59033255 
4.0 11.49643285 
4.0 26.2789667 
4.0 25.02630865 
4.0 32.03916975 
4.0 32.05920935 
4.0 31.81674335 
4.0 30.46933225 
4.0 30.5559716 
4.0 31.44751505 
4.0 27.12606015 
4.0 26.9150616 
4.0 33.12082235 
4.0 32.4898945 
