# Position.Z vs. Particle Type (97 data points):
# "Particle Type" Position.Z
1.0 0.0 
1.0 0.0 
1.0 0.0 
1.0 0.0 
1.0 0.0 
1.0 0.0 
1.0 0.0 
1.0 0.0 
1.0 0.0 
1.0 2.2741768 
1.0 2.2741768 
1.0 2.2741768 
1.0 2.2741768 
1.0 2.2741768 
1.0 2.2741768 
1.0 2.2741768 
1.0 2.2741768 
1.0 2.2741768 
1.0 5.14724035 
1.0 4.6558526 
1.0 4.3132929 
1.0 4.2968114 
1.0 4.2559643 
1.0 4.4073904 
1.0 4.45224745 
1.0 4.21918875 
1.0 4.3587229 
1.0 7.35641165 
1.0 6.50110125 
1.0 6.22055385 
1.0 7.57832705 
1.0 6.58747005 
1.0 7.40119135 
1.0 6.92727455 
1.0 6.51747425 
1.0 6.78743695 
2.0 8.58343395 
2.0 18.66198355 
2.0 8.1023908 
3.0 9.7825595 
3.0 9.24832685 
3.0 19.18303835 
3.0 18.14652315 
3.0 10.46927875 
3.0 11.5324321 
3.0 28.08257305 
3.0 9.16593475 
3.0 11.5543449 
3.0 32.08331175 
3.0 29.6024547 
3.0 24.1293654 
3.0 12.40977535 
3.0 32.4657557 
3.0 23.10309365 
3.0 23.5693402 
3.0 32.1655005 
3.0 31.0839165 
3.0 22.54774515 
3.0 25.0557755 
3.0 31.03039835 
3.0 27.5374575 
4.0 10.0802604 
4.0 10.94735565 
4.0 12.0246063 
4.0 12.1156091 
4.0 28.56229075 
4.0 28.6843452 
4.0 9.7997284 
4.0 9.5589921 
4.0 11.90838495 
4.0 11.1416928 
4.0 31.8289433 
4.0 32.7335729 
4.0 29.9445076 
4.0 28.67766755 
4.0 23.80671265 
4.0 23.31778575 
4.0 11.6651409 
4.0 11.9971019 
4.0 32.54954185 
4.0 32.2456526 
4.0 22.510957 
4.0 23.8961856 
4.0 23.384151 
4.0 24.2263119 
4.0 32.99527175 
4.0 31.4983347 
4.0 31.4784939 
4.0 31.3968697 
4.0 21.71259405 
4.0 22.8580569 
4.0 25.8618269 
4.0 24.867633 
4.0 31.3628455 
4.0 30.3049859 
4.0 26.60347865 
4.0 27.752186 
