# Position.Z vs. Particle Type (97 data points):
# "Particle Type" Position.Z
1.0 0.0 
1.0 0.0 
1.0 0.0 
1.0 0.0 
1.0 0.0 
1.0 0.0 
1.0 0.0 
1.0 0.0 
1.0 0.0 
1.0 2.2741768 
1.0 2.2741768 
1.0 2.2741768 
1.0 2.2741768 
1.0 2.2741768 
1.0 2.2741768 
1.0 2.2741768 
1.0 2.2741768 
1.0 2.2741768 
1.0 4.88152525 
1.0 4.5072629 
1.0 4.5986332 
1.0 4.24961775 
1.0 4.38844 
1.0 4.3874425 
1.0 4.337928 
1.0 4.35588755 
1.0 4.57454095 
1.0 7.1652042 
1.0 6.42581625 
1.0 6.6631607 
1.0 7.24191405 
1.0 7.13159335 
1.0 6.91187945 
1.0 6.42126905 
1.0 6.5493043 
1.0 6.76698855 
2.0 8.21046905 
2.0 14.89847275 
2.0 8.03870585 
3.0 9.38557095 
3.0 9.1789754 
3.0 14.3513195 
3.0 15.49449265 
3.0 12.03061825 
3.0 9.8274848 
3.0 28.8885107 
3.0 9.52435015 
3.0 11.6399759 
3.0 32.2798294 
3.0 32.03864685 
3.0 23.69389225 
3.0 9.6695333 
3.0 30.78535425 
3.0 22.44496975 
3.0 24.1696203 
3.0 32.1374557 
3.0 31.02827 
3.0 21.0760487 
3.0 27.01014855 
3.0 27.696186 
3.0 29.53042295 
4.0 11.13461545 
4.0 12.564552 
4.0 9.60598415 
4.0 10.32042585 
4.0 29.71457545 
4.0 28.96566295 
4.0 10.0694013 
4.0 10.1364165 
4.0 11.1667241 
4.0 11.8977425 
4.0 32.08277065 
4.0 31.91909525 
4.0 33.03190135 
4.0 31.74402035 
4.0 23.1420959 
4.0 24.0561559 
4.0 9.32105685 
4.0 9.7094564 
4.0 31.38021985 
4.0 29.96873705 
4.0 23.1213703 
4.0 21.73772055 
4.0 23.8408009 
4.0 25.06684215 
4.0 32.05127275 
4.0 32.0602226 
4.0 31.7675078 
4.0 30.9413244 
4.0 20.96409875 
4.0 22.03181505 
4.0 27.36777785 
4.0 26.09255635 
4.0 28.1351609 
4.0 27.4660001 
4.0 28.825951 
4.0 29.53690215 
