# Position.Z vs. Particle Type (97 data points):
# "Particle Type" Position.Z
1.0 0.0 
1.0 0.0 
1.0 0.0 
1.0 0.0 
1.0 0.0 
1.0 0.0 
1.0 0.0 
1.0 0.0 
1.0 0.0 
1.0 2.2741768 
1.0 2.2741768 
1.0 2.2741768 
1.0 2.2741768 
1.0 2.2741768 
1.0 2.2741768 
1.0 2.2741768 
1.0 2.2741768 
1.0 2.2741768 
1.0 5.2766581 
1.0 4.51087525 
1.0 4.31290125 
1.0 4.4193947 
1.0 4.3632526 
1.0 4.55110215 
1.0 4.4561202 
1.0 4.3526224 
1.0 4.4287089 
1.0 7.57692145 
1.0 6.78920655 
1.0 6.67658705 
1.0 7.23402925 
1.0 6.40629115 
1.0 7.3146689 
1.0 6.8288675 
1.0 6.2667969 
1.0 6.6894667 
2.0 8.51559065 
2.0 16.8100359 
2.0 7.90766725 
3.0 9.74856015 
3.0 9.10513205 
3.0 15.8991728 
3.0 17.6410325 
3.0 12.17288695 
3.0 9.52582085 
3.0 21.5882723 
3.0 9.47499385 
3.0 12.06695875 
3.0 31.8036138 
3.0 21.7824992 
3.0 27.0420927 
3.0 9.6541263 
3.0 32.1141247 
3.0 28.8922634 
3.0 25.0038327 
3.0 29.44510905 
3.0 32.60549215 
3.0 28.8732941 
3.0 30.4822448 
3.0 31.51757665 
3.0 27.56223575 
4.0 12.45528235 
4.0 11.2877233 
4.0 10.08512435 
4.0 9.36469135 
4.0 20.9425839 
4.0 22.3138867 
4.0 10.1195633 
4.0 9.9487031 
4.0 12.1956345 
4.0 11.7265589 
4.0 32.73597005 
4.0 31.7788506 
4.0 22.047767 
4.0 22.24814515 
4.0 26.15259745 
4.0 27.65563115 
4.0 10.26152365 
4.0 9.82867445 
4.0 32.825842 
4.0 31.4214852 
4.0 28.3234266 
4.0 28.40606475 
4.0 25.72404065 
4.0 24.1649814 
4.0 29.52339705 
4.0 29.2908532 
4.0 32.160835 
4.0 32.5806341 
4.0 29.58830315 
4.0 28.3753162 
4.0 30.8416157 
4.0 30.95297835 
4.0 31.0741207 
4.0 32.11751795 
4.0 28.0123172 
4.0 28.02548805 
