# Position.Z vs. Particle Type (97 data points):
# "Particle Type" Position.Z
1.0 0.0 
1.0 0.0 
1.0 0.0 
1.0 0.0 
1.0 0.0 
1.0 0.0 
1.0 0.0 
1.0 0.0 
1.0 0.0 
1.0 2.2741768 
1.0 2.2741768 
1.0 2.2741768 
1.0 2.2741768 
1.0 2.2741768 
1.0 2.2741768 
1.0 2.2741768 
1.0 2.2741768 
1.0 2.2741768 
1.0 4.4502997 
1.0 4.35736385 
1.0 4.87212495 
1.0 4.3897868 
1.0 4.6670225 
1.0 4.2577976 
1.0 4.3953189 
1.0 4.4350579 
1.0 5.1207821 
1.0 6.61004785 
1.0 6.55325265 
1.0 7.73596775 
1.0 6.8200034 
1.0 6.58566895 
1.0 6.87337175 
1.0 6.7052916 
1.0 6.80058015 
1.0 7.6208461 
2.0 7.9211216 
2.0 15.5738639 
2.0 8.43096625 
3.0 9.13776675 
3.0 9.45465955 
3.0 14.5591215 
3.0 16.59605955 
3.0 16.25592185 
3.0 10.4617814 
3.0 9.6398617 
3.0 11.4264122 
3.0 12.47617035 
3.0 19.1744294 
3.0 26.67990045 
3.0 23.67161545 
3.0 13.9183597 
3.0 32.30087455 
3.0 28.9362353 
3.0 14.05933165 
3.0 25.1262599 
3.0 32.2345632 
3.0 29.40336 
3.0 31.8894821 
3.0 27.37215005 
3.0 30.19783585 
4.0 15.37026575 
4.0 16.3518432 
4.0 10.85033775 
4.0 10.10146935 
4.0 9.96911545 
4.0 9.83856125 
4.0 11.01255925 
4.0 12.36736095 
4.0 11.6126066 
4.0 12.35326855 
4.0 19.4847905 
4.0 19.17789615 
4.0 26.6622531 
4.0 26.10048035 
4.0 23.2445598 
4.0 24.55794285 
4.0 13.4993187 
4.0 13.7307079 
4.0 32.7559127 
4.0 31.5307867 
4.0 28.9802219 
4.0 29.8163817 
4.0 14.8997604 
4.0 13.93512785 
4.0 24.6194438 
4.0 26.02592685 
4.0 32.077087 
4.0 32.4679824 
4.0 29.54301735 
4.0 29.6407321 
4.0 32.8697495 
4.0 31.6842428 
4.0 26.6404278 
4.0 27.51056035 
4.0 30.0191934 
4.0 29.3236174 
