# Position.Z vs. Particle Type (97 data points):
# "Particle Type" Position.Z
1.0 0.0 
1.0 0.0 
1.0 0.0 
1.0 0.0 
1.0 0.0 
1.0 0.0 
1.0 0.0 
1.0 0.0 
1.0 0.0 
1.0 2.2741768 
1.0 2.2741768 
1.0 2.2741768 
1.0 2.2741768 
1.0 2.2741768 
1.0 2.2741768 
1.0 2.2741768 
1.0 2.2741768 
1.0 2.2741768 
1.0 5.2980067 
1.0 4.47232765 
1.0 4.60427065 
1.0 4.33745655 
1.0 4.2531489 
1.0 4.242532 
1.0 4.41242235 
1.0 4.55403025 
1.0 4.59668335 
1.0 7.49693385 
1.0 6.770876 
1.0 6.66808135 
1.0 7.360374 
1.0 6.5443364 
1.0 7.4809574 
1.0 6.67503655 
1.0 6.32625105 
1.0 6.95100595 
2.0 8.55169805 
2.0 16.99516525 
2.0 7.94949645 
3.0 9.7605011 
3.0 9.1604828 
3.0 16.91218865 
3.0 17.1543526 
3.0 13.02890785 
3.0 9.2594852 
3.0 9.31422345 
3.0 11.59129335 
3.0 11.52667005 
3.0 15.1300247 
3.0 29.20691935 
3.0 32.364892 
3.0 13.02782705 
3.0 28.5486194 
3.0 26.3952255 
3.0 14.3733142 
3.0 27.4028055 
3.0 31.27194245 
3.0 32.2079744 
3.0 31.0043524 
3.0 24.45339155 
3.0 28.29293005 
4.0 13.7646901 
4.0 13.1152749 
4.0 9.1721042 
4.0 9.33843575 
4.0 9.3932314 
4.0 10.1124842 
4.0 12.3750291 
4.0 11.87457145 
4.0 10.85266595 
4.0 11.43577365 
4.0 15.0995649 
4.0 14.27884115 
4.0 28.5412246 
4.0 29.862735 
4.0 31.8599393 
4.0 32.50926805 
4.0 12.35073455 
4.0 13.4817438 
4.0 28.1640254 
4.0 28.1753724 
4.0 26.99454835 
4.0 26.20620345 
4.0 13.65451675 
4.0 15.12639345 
4.0 26.43021045 
4.0 27.5557485 
4.0 31.85838355 
4.0 31.1602431 
4.0 31.65978585 
4.0 32.58208625 
4.0 30.49108195 
4.0 30.4380636 
4.0 23.5867919 
4.0 24.7466093 
4.0 29.1038755 
4.0 27.6927014 
