# Position.Z vs. Particle Type (97 data points):
# "Particle Type" Position.Z
1.0 0.0 
1.0 0.0 
1.0 0.0 
1.0 0.0 
1.0 0.0 
1.0 0.0 
1.0 0.0 
1.0 0.0 
1.0 0.0 
1.0 2.2741768 
1.0 2.2741768 
1.0 2.2741768 
1.0 2.2741768 
1.0 2.2741768 
1.0 2.2741768 
1.0 2.2741768 
1.0 2.2741768 
1.0 2.2741768 
1.0 5.3126087 
1.0 4.2830095 
1.0 4.4433865 
1.0 4.44094595 
1.0 4.42134665 
1.0 4.4069032 
1.0 4.2715715 
1.0 4.3004836 
1.0 4.4858401 
1.0 7.1209859 
1.0 6.4031457 
1.0 6.4725164 
1.0 7.3232922 
1.0 6.33773945 
1.0 7.5479516 
1.0 6.69679465 
1.0 6.73516865 
1.0 7.12378205 
2.0 8.3887524 
2.0 21.36580215 
2.0 7.9811655 
3.0 9.58957825 
3.0 9.1735266 
3.0 21.7439936 
3.0 20.8941537 
3.0 11.6834641 
3.0 9.50261445 
3.0 11.24424735 
3.0 13.1684791 
3.0 13.20636275 
3.0 27.5653147 
3.0 29.2197605 
3.0 26.1103948 
3.0 10.4404104 
3.0 32.394614 
3.0 30.8133609 
3.0 32.69832335 
3.0 25.7917429 
3.0 32.200833 
3.0 31.95979115 
3.0 29.9378128 
3.0 31.9693668 
3.0 28.50361045 
4.0 11.2981862 
4.0 10.9283993 
4.0 10.24783375 
4.0 9.6633306 
4.0 10.64617785 
4.0 11.79489675 
4.0 12.77631565 
4.0 13.11525915 
4.0 13.20137315 
4.0 12.5930546 
4.0 27.18693215 
4.0 28.03482955 
4.0 29.3269319 
4.0 30.07706275 
4.0 26.60977165 
4.0 25.47444935 
4.0 10.8055087 
4.0 9.89833215 
4.0 32.15168635 
4.0 32.52086425 
4.0 29.95537965 
4.0 31.30556065 
4.0 32.75155415 
4.0 32.1347894 
4.0 25.7412309 
4.0 26.25197155 
4.0 32.79990315 
4.0 32.5868872 
4.0 31.4879635 
4.0 32.9110768 
4.0 29.04503945 
4.0 30.553474 
4.0 31.02877785 
4.0 32.13333235 
4.0 27.61024945 
4.0 28.38226965 
