# Position.Z vs. Particle Type (97 data points):
# "Particle Type" Position.Z
1.0 0.0 
1.0 0.0 
1.0 0.0 
1.0 0.0 
1.0 0.0 
1.0 0.0 
1.0 0.0 
1.0 0.0 
1.0 0.0 
1.0 2.2741768 
1.0 2.2741768 
1.0 2.2741768 
1.0 2.2741768 
1.0 2.2741768 
1.0 2.2741768 
1.0 2.2741768 
1.0 2.2741768 
1.0 2.2741768 
1.0 5.01979205 
1.0 4.2201439 
1.0 4.3575399 
1.0 4.46642315 
1.0 4.2592508 
1.0 4.45575795 
1.0 4.46696915 
1.0 4.25973345 
1.0 4.380327 
1.0 7.20311165 
1.0 6.4919351 
1.0 6.6287781 
1.0 7.31459435 
1.0 6.3059794 
1.0 7.2416988 
1.0 6.79330015 
1.0 6.19288075 
1.0 6.66185485 
2.0 8.42894325 
2.0 24.21174105 
2.0 7.8222452 
3.0 9.64563215 
3.0 9.0427449 
3.0 25.1964006 
3.0 23.31126525 
3.0 11.13510755 
3.0 8.80059915 
3.0 13.17732465 
3.0 14.30169125 
3.0 9.55903445 
3.0 28.81188625 
3.0 24.53217305 
3.0 29.5432396 
3.0 10.7142574 
3.0 31.94735215 
3.0 29.0742795 
3.0 31.1665816 
3.0 22.88012615 
3.0 32.91139565 
3.0 31.9915099 
3.0 30.94212485 
3.0 28.82844965 
3.0 25.9445263 
4.0 12.0045604 
4.0 10.7291884 
4.0 9.1345849 
4.0 9.57077135 
4.0 13.79754145 
4.0 12.3097226 
4.0 15.27673245 
4.0 14.1373393 
4.0 10.15490525 
4.0 10.02286915 
4.0 28.74943505 
4.0 29.4159341 
4.0 24.1083192 
4.0 24.98330415 
4.0 29.32261325 
4.0 29.2431678 
4.0 11.56808555 
4.0 10.94545585 
4.0 31.45137205 
4.0 32.8442191 
4.0 28.2688063 
4.0 29.6697513 
4.0 31.67036495 
4.0 31.69294345 
4.0 23.2701595 
4.0 22.2291307 
4.0 32.41734895 
4.0 32.32898725 
4.0 32.2400372 
4.0 32.67717985 
4.0 30.3983484 
4.0 30.39595895 
4.0 28.0221704 
4.0 29.6002994 
4.0 26.95192955 
4.0 25.68837845 
