# Position.Z vs. Particle Type (97 data points):
# "Particle Type" Position.Z
1.0 0.0 
1.0 0.0 
1.0 0.0 
1.0 0.0 
1.0 0.0 
1.0 0.0 
1.0 0.0 
1.0 0.0 
1.0 0.0 
1.0 2.2741768 
1.0 2.2741768 
1.0 2.2741768 
1.0 2.2741768 
1.0 2.2741768 
1.0 2.2741768 
1.0 2.2741768 
1.0 2.2741768 
1.0 2.2741768 
1.0 5.15004 
1.0 4.36250745 
1.0 4.27303695 
1.0 4.60060055 
1.0 4.36155055 
1.0 4.36150785 
1.0 4.43472995 
1.0 4.27567945 
1.0 4.4155349 
1.0 7.59872015 
1.0 6.2698265 
1.0 6.21416075 
1.0 7.0500318 
1.0 6.5789752 
1.0 7.1487843 
1.0 6.92657035 
1.0 6.54412815 
1.0 7.10543365 
2.0 8.42322985 
2.0 20.13992575 
2.0 8.22874745 
3.0 9.5916387 
3.0 9.3891203 
3.0 20.97877985 
3.0 19.26799315 
3.0 11.90360115 
3.0 9.5151182 
3.0 22.3391385 
3.0 9.13074085 
3.0 12.40161685 
3.0 31.6330581 
3.0 23.53832565 
3.0 24.7184126 
3.0 10.4781201 
3.0 32.1079087 
3.0 26.90230235 
3.0 25.96025565 
3.0 31.0477783 
3.0 32.3077342 
3.0 29.24410755 
3.0 28.9307179 
3.0 32.62137165 
3.0 27.89703 
4.0 12.7208284 
4.0 11.9549549 
4.0 10.2759202 
4.0 9.33320185 
4.0 23.17672595 
4.0 21.67995655 
4.0 9.6290894 
4.0 9.33256135 
4.0 12.0372322 
4.0 13.36356875 
4.0 31.8666173 
4.0 31.68165525 
4.0 23.31291095 
4.0 23.07537365 
4.0 25.5351866 
4.0 25.0570131 
4.0 10.5502481 
4.0 9.69764285 
4.0 31.55451985 
4.0 32.96040965 
4.0 26.2652614 
4.0 26.5851439 
4.0 26.66254955 
4.0 25.133409 
4.0 31.6058911 
4.0 30.57760195 
4.0 33.0892114 
4.0 32.6586862 
4.0 29.775459 
4.0 28.4685177 
4.0 28.6157011 
4.0 29.5944831 
4.0 32.0395313 
4.0 32.43933315 
4.0 28.38910935 
4.0 27.64038095 
