# Position.Z vs. Particle Type (97 data points):
# "Particle Type" Position.Z
1.0 0.0 
1.0 0.0 
1.0 0.0 
1.0 0.0 
1.0 0.0 
1.0 0.0 
1.0 0.0 
1.0 0.0 
1.0 0.0 
1.0 2.2741768 
1.0 2.2741768 
1.0 2.2741768 
1.0 2.2741768 
1.0 2.2741768 
1.0 2.2741768 
1.0 2.2741768 
1.0 2.2741768 
1.0 2.2741768 
1.0 5.12205225 
1.0 4.3495193 
1.0 4.3785035 
1.0 5.00071705 
1.0 4.4083368 
1.0 4.30007305 
1.0 4.35584835 
1.0 4.34779065 
1.0 4.3471561 
1.0 7.2712983 
1.0 6.3073171 
1.0 6.21243 
1.0 7.40446105 
1.0 6.5091866 
1.0 7.3959571 
1.0 7.32338845 
1.0 6.5316573 
1.0 7.098609 
2.0 8.47214725 
2.0 23.92877655 
2.0 8.4019922 
3.0 9.6666556 
3.0 9.6362224 
3.0 24.9266899 
3.0 22.97081885 
3.0 11.2919919 
3.0 9.3196138 
3.0 27.9934116 
3.0 9.6605299 
3.0 11.4426893 
3.0 32.6310537 
3.0 26.29734485 
3.0 26.1664522 
3.0 10.4215916 
3.0 31.8490844 
3.0 28.96414395 
3.0 27.88851345 
3.0 32.42401505 
3.0 32.67078955 
3.0 31.1529239 
3.0 30.1720601 
3.0 31.96618285 
3.0 28.51935835 
4.0 11.5630046 
4.0 11.95190045 
4.0 10.1027871 
4.0 9.497292 
4.0 27.78704915 
4.0 27.87884785 
4.0 9.95918665 
4.0 8.85601185 
4.0 11.2577073 
4.0 10.80789535 
4.0 32.61848975 
4.0 32.6340091 
4.0 25.9115094 
4.0 26.5829823 
4.0 27.08997795 
4.0 25.89183345 
4.0 9.9243522 
4.0 10.7249107 
4.0 31.32321675 
4.0 32.71530465 
4.0 29.74114045 
4.0 29.27368885 
4.0 27.0472909 
4.0 28.25903185 
4.0 33.08915645 
4.0 32.1155681 
4.0 32.29718205 
4.0 32.5822931 
4.0 31.60292555 
4.0 30.21569775 
4.0 29.51227825 
4.0 30.21571945 
4.0 32.52174765 
4.0 31.92213605 
4.0 28.9449468 
4.0 27.5652265 
