# Position.Z vs. Particle Type (97 data points):
# "Particle Type" Position.Z
1.0 0.0 
1.0 0.0 
1.0 0.0 
1.0 0.0 
1.0 0.0 
1.0 0.0 
1.0 0.0 
1.0 0.0 
1.0 0.0 
1.0 2.2741768 
1.0 2.2741768 
1.0 2.2741768 
1.0 2.2741768 
1.0 2.2741768 
1.0 2.2741768 
1.0 2.2741768 
1.0 2.2741768 
1.0 2.2741768 
1.0 5.1284058 
1.0 4.2703213 
1.0 4.34404005 
1.0 4.30581655 
1.0 4.5480204 
1.0 4.2218708 
1.0 4.2036393 
1.0 4.38690035 
1.0 4.46249545 
1.0 7.1475054 
1.0 6.4602867 
1.0 6.4812951 
1.0 7.506037 
1.0 6.64682795 
1.0 7.08902425 
1.0 6.54854445 
1.0 6.5610552 
1.0 6.58600215 
2.0 8.26246855 
2.0 14.30512895 
2.0 7.7088956 
3.0 9.44264335 
3.0 8.932665 
3.0 14.70706615 
3.0 13.79812945 
3.0 12.25109725 
3.0 9.8220696 
3.0 9.46219155 
3.0 12.51251295 
3.0 11.4581796 
3.0 28.74650835 
3.0 30.31653135 
3.0 27.39506315 
3.0 11.94750375 
3.0 31.44399405 
3.0 32.6836762 
3.0 26.2073189 
3.0 28.7948626 
3.0 31.87033885 
3.0 31.0242198 
3.0 28.22861895 
3.0 27.62164265 
3.0 32.0456528 
4.0 12.0362018 
4.0 12.880819 
4.0 9.23618465 
4.0 9.25032395 
4.0 9.9976569 
4.0 9.97639895 
4.0 12.29625005 
4.0 13.33040415 
4.0 11.0820255 
4.0 11.66573555 
4.0 28.5474819 
4.0 28.96895505 
4.0 30.0808123 
4.0 30.9229858 
4.0 27.93363685 
4.0 26.71484725 
4.0 11.93015495 
4.0 11.52530645 
4.0 31.827075 
4.0 30.5494175 
4.0 32.39784345 
4.0 32.30158645 
4.0 25.57837275 
4.0 27.10566985 
4.0 28.350434 
4.0 28.3904019 
4.0 32.54413225 
4.0 31.50295295 
4.0 31.25898405 
4.0 31.94042425 
4.0 28.9345525 
4.0 27.6239705 
4.0 28.26577075 
4.0 27.15799415 
4.0 32.1462477 
4.0 31.52453465 
