# Position.Z vs. Particle Type (97 data points):
# "Particle Type" Position.Z
1.0 0.0 
1.0 0.0 
1.0 0.0 
1.0 0.0 
1.0 0.0 
1.0 0.0 
1.0 0.0 
1.0 0.0 
1.0 0.0 
1.0 2.2741768 
1.0 2.2741768 
1.0 2.2741768 
1.0 2.2741768 
1.0 2.2741768 
1.0 2.2741768 
1.0 2.2741768 
1.0 2.2741768 
1.0 2.2741768 
1.0 5.18530985 
1.0 5.08850755 
1.0 4.4295377 
1.0 4.4131612 
1.0 4.2902426 
1.0 4.32894875 
1.0 4.48910105 
1.0 4.466329 
1.0 4.26483715 
1.0 6.98072655 
1.0 6.56927285 
1.0 6.36849325 
1.0 7.5111239 
1.0 7.2064447 
1.0 7.45438225 
1.0 6.87358035 
1.0 6.44047005 
1.0 6.93448035 
2.0 8.3559658 
2.0 21.72303105 
2.0 8.2997845 
3.0 9.57240725 
3.0 9.48282965 
3.0 20.8334518 
3.0 22.5309217 
3.0 10.6588468 
3.0 11.2091882 
3.0 31.14025635 
3.0 9.15949475 
3.0 9.91658605 
3.0 31.76988815 
3.0 29.0667993 
3.0 24.5595679 
3.0 13.3564998 
3.0 32.4346449 
3.0 24.30472695 
3.0 25.4427152 
3.0 32.1067306 
3.0 29.57685325 
3.0 24.7762039 
3.0 26.43778865 
3.0 32.30454535 
3.0 27.9244637 
4.0 10.2413115 
4.0 10.83365605 
4.0 11.9673582 
4.0 11.54643175 
4.0 31.6203279 
4.0 30.6469905 
4.0 9.78512045 
4.0 9.6441744 
4.0 9.58297795 
4.0 9.20926475 
4.0 31.6698725 
4.0 32.70062915 
4.0 29.4853118 
4.0 28.23500855 
4.0 23.7151922 
4.0 24.4417271 
4.0 12.79990635 
4.0 13.29046845 
4.0 32.4428692 
4.0 31.95532515 
4.0 24.72887865 
4.0 24.6159459 
4.0 25.1875638 
4.0 26.02822285 
4.0 32.0314736 
4.0 32.9648179 
4.0 28.83969375 
4.0 30.14154045 
4.0 24.56721785 
4.0 25.1957874 
4.0 26.07435355 
4.0 25.99282035 
4.0 31.99839475 
4.0 32.24084115 
4.0 27.93504945 
4.0 28.0309274 
