# Position.Z vs. Particle Type (97 data points):
# "Particle Type" Position.Z
1.0 0.0 
1.0 0.0 
1.0 0.0 
1.0 0.0 
1.0 0.0 
1.0 0.0 
1.0 0.0 
1.0 0.0 
1.0 0.0 
1.0 2.2741768 
1.0 2.2741768 
1.0 2.2741768 
1.0 2.2741768 
1.0 2.2741768 
1.0 2.2741768 
1.0 2.2741768 
1.0 2.2741768 
1.0 2.2741768 
1.0 5.26135435 
1.0 4.53997145 
1.0 4.3902292 
1.0 4.3103284 
1.0 4.2978677 
1.0 4.4279753 
1.0 4.3553979 
1.0 4.27602315 
1.0 4.46506445 
1.0 7.1595608 
1.0 6.3818804 
1.0 6.78979105 
1.0 7.52949645 
1.0 6.4669269 
1.0 7.3393138 
1.0 6.6515127 
1.0 6.3471891 
1.0 6.76005155 
2.0 8.34781395 
2.0 25.636303 
2.0 7.97499185 
3.0 9.52297045 
3.0 9.1636573 
3.0 26.0394295 
3.0 25.2547862 
3.0 15.1208421 
3.0 9.48797675 
3.0 28.6891675 
3.0 11.7329688 
3.0 9.39412425 
3.0 32.18846015 
3.0 26.5907782 
3.0 29.6890286 
3.0 9.9095227 
3.0 31.6465037 
3.0 30.14993345 
3.0 32.73243225 
3.0 24.54949595 
3.0 32.51600135 
3.0 31.1456411 
3.0 31.618307 
3.0 28.4483178 
3.0 28.54780775 
4.0 14.4707682 
4.0 15.4490266 
4.0 10.18529015 
4.0 9.3745309 
4.0 29.5172598 
4.0 28.0016611 
4.0 11.45267445 
4.0 12.1376003 
4.0 9.69224725 
4.0 9.556708 
4.0 33.02044865 
4.0 32.45076975 
4.0 25.9893263 
4.0 26.72487615 
4.0 29.33861735 
4.0 30.12214625 
4.0 9.5140143 
4.0 9.66735245 
4.0 31.3921636 
4.0 31.72119545 
4.0 29.3352283 
4.0 30.87194005 
4.0 32.33416445 
4.0 32.600295 
4.0 24.74845135 
4.0 24.5787283 
4.0 33.03020105 
4.0 32.41927885 
4.0 31.2570062 
4.0 31.4886838 
4.0 31.1054184 
4.0 31.02995945 
4.0 28.24694145 
4.0 29.44266815 
4.0 28.4032679 
4.0 28.48937 
