# Position.Z vs. Particle Type (97 data points):
# "Particle Type" Position.Z
1.0 0.0 
1.0 0.0 
1.0 0.0 
1.0 0.0 
1.0 0.0 
1.0 0.0 
1.0 0.0 
1.0 0.0 
1.0 0.0 
1.0 2.2741768 
1.0 2.2741768 
1.0 2.2741768 
1.0 2.2741768 
1.0 2.2741768 
1.0 2.2741768 
1.0 2.2741768 
1.0 2.2741768 
1.0 2.2741768 
1.0 5.2021431 
1.0 4.28430345 
1.0 4.2855225 
1.0 4.43886275 
1.0 4.42295035 
1.0 4.46661915 
1.0 4.511227 
1.0 4.28717625 
1.0 4.5551569 
1.0 7.0624463 
1.0 6.5148874 
1.0 6.63279295 
1.0 7.56705915 
1.0 6.4575728 
1.0 7.49098245 
1.0 6.6922345 
1.0 6.376286 
1.0 6.8938814 
2.0 8.3642629 
2.0 14.2257808 
2.0 7.82832295 
3.0 9.5093222 
3.0 9.03144935 
3.0 14.46705365 
3.0 13.9375446 
3.0 12.60030765 
3.0 11.93041745 
3.0 9.7567302 
3.0 10.33967935 
3.0 16.61489795 
3.0 27.67100315 
3.0 29.87919725 
3.0 28.7389844 
3.0 10.1503003 
3.0 31.63398 
3.0 31.63724515 
3.0 16.2279978 
3.0 27.56483555 
3.0 32.71892225 
3.0 31.85042315 
3.0 26.7998206 
3.0 28.5303704 
3.0 31.98302065 
4.0 12.23102965 
4.0 11.88034715 
4.0 11.9101542 
4.0 12.86898795 
4.0 10.6129513 
4.0 10.01809235 
4.0 10.4030451 
4.0 10.6564654 
4.0 17.2429327 
4.0 16.9181803 
4.0 28.1741229 
4.0 26.79450375 
4.0 30.5969377 
4.0 29.40433615 
4.0 28.1033851 
4.0 28.58396625 
4.0 9.2183371 
4.0 10.16804775 
4.0 30.7551265 
4.0 32.15003855 
4.0 31.92299775 
4.0 31.86830815 
4.0 15.58555565 
4.0 15.79822195 
4.0 28.08207325 
4.0 28.0216447 
4.0 32.3365042 
4.0 32.2404579 
4.0 30.9013138 
4.0 31.8351278 
4.0 27.05625965 
4.0 26.61693265 
4.0 28.0389802 
4.0 29.24058095 
4.0 32.46045425 
4.0 32.72779615 
