# Position.Z vs. Particle Type (97 data points):
# "Particle Type" Position.Z
1.0 0.0 
1.0 0.0 
1.0 0.0 
1.0 0.0 
1.0 0.0 
1.0 0.0 
1.0 0.0 
1.0 0.0 
1.0 0.0 
1.0 2.2741768 
1.0 2.2741768 
1.0 2.2741768 
1.0 2.2741768 
1.0 2.2741768 
1.0 2.2741768 
1.0 2.2741768 
1.0 2.2741768 
1.0 2.2741768 
1.0 5.3303887 
1.0 4.3605317 
1.0 4.51963575 
1.0 4.491935 
1.0 4.25766985 
1.0 4.3311121 
1.0 4.36522975 
1.0 4.2916258 
1.0 4.2819686 
1.0 7.27102145 
1.0 6.29557635 
1.0 6.581106 
1.0 7.3664381 
1.0 6.49814865 
1.0 7.34935005 
1.0 7.0531307 
1.0 6.31435665 
1.0 6.50508285 
2.0 8.54220325 
2.0 25.4626897 
2.0 7.80023195 
3.0 9.72425335 
3.0 8.975302 
3.0 25.7599335 
3.0 25.12006805 
3.0 15.83850275 
3.0 9.26093315 
3.0 14.7712852 
3.0 13.983914 
3.0 10.0756586 
3.0 28.5958932 
3.0 28.00258825 
3.0 27.54700725 
3.0 9.068997 
3.0 32.55684635 
3.0 30.1040432 
3.0 32.06686245 
3.0 22.7304686 
3.0 32.12762315 
3.0 32.07333045 
3.0 29.71719975 
3.0 29.75418215 
3.0 26.74269535 
4.0 15.76095325 
4.0 15.4105609 
4.0 9.20766245 
4.0 9.9729952 
4.0 14.82235965 
4.0 15.0476816 
4.0 14.0447447 
4.0 13.1490625 
4.0 10.00524595 
4.0 10.5783678 
4.0 28.10827425 
4.0 29.05740425 
4.0 27.40760785 
4.0 27.5146641 
4.0 27.1327994 
4.0 28.2922248 
4.0 8.95746565 
4.0 8.7195178 
4.0 31.7425878 
4.0 32.8850039 
4.0 29.3521592 
4.0 30.0345598 
4.0 32.7168415 
4.0 32.52531975 
4.0 22.5168489 
4.0 23.0803713 
4.0 32.9208859 
4.0 32.04110525 
4.0 32.21052765 
4.0 31.74315375 
4.0 30.62836035 
4.0 29.3400443 
4.0 29.50792985 
4.0 30.2224419 
4.0 27.1106619 
4.0 26.38505625 
