# Position.Z vs. Particle Type (97 data points):
# "Particle Type" Position.Z
1.0 0.0 
1.0 0.0 
1.0 0.0 
1.0 0.0 
1.0 0.0 
1.0 0.0 
1.0 0.0 
1.0 0.0 
1.0 0.0 
1.0 2.2741768 
1.0 2.2741768 
1.0 2.2741768 
1.0 2.2741768 
1.0 2.2741768 
1.0 2.2741768 
1.0 2.2741768 
1.0 2.2741768 
1.0 2.2741768 
1.0 4.4457042 
1.0 4.6771326 
1.0 4.3465891 
1.0 5.0557255 
1.0 4.1850354 
1.0 4.80907 
1.0 4.4037938 
1.0 4.8876688 
1.0 4.4435573 
1.0 7.38888605 
1.0 7.33201805 
1.0 6.47321045 
1.0 6.90417035 
1.0 6.41190305 
1.0 7.3257051 
1.0 6.6470551 
1.0 6.85185445 
1.0 6.8452797 
2.0 8.18823915 
2.0 22.6721635 
2.0 8.37205075 
3.0 9.404535 
3.0 9.52032445 
3.0 21.6129431 
3.0 23.7670405 
3.0 12.56383345 
3.0 12.96205855 
3.0 9.9162343 
3.0 14.1083334 
3.0 9.4532949 
3.0 31.90465425 
3.0 23.37128885 
3.0 25.1488923 
3.0 12.2672648 
3.0 24.1543939 
3.0 21.746641 
3.0 30.2442035 
3.0 31.9602843 
3.0 25.5130239 
3.0 31.6626856 
3.0 28.35561435 
3.0 29.78467415 
3.0 20.91122005 
4.0 13.1899278 
4.0 11.85651985 
4.0 13.66616405 
4.0 13.31099035 
4.0 9.12577365 
4.0 9.82451855 
4.0 13.4294153 
4.0 13.78040475 
4.0 10.0600682 
4.0 10.11339735 
4.0 31.1853969 
4.0 31.58056335 
4.0 23.65490925 
4.0 22.4391678 
4.0 25.08300095 
4.0 25.9153258 
4.0 12.9484117 
4.0 12.8842812 
4.0 23.90360735 
4.0 24.743075 
4.0 22.5194291 
4.0 21.65562595 
4.0 30.48797885 
4.0 30.5591503 
4.0 32.1583675 
4.0 32.7528824 
4.0 24.849384 
4.0 25.0506109 
4.0 30.93404265 
4.0 31.798914 
4.0 28.98874405 
4.0 27.50454805 
4.0 29.6139914 
4.0 29.69940435 
4.0 20.65194635 
4.0 21.5047658 
