# Position.Z vs. Particle Type (97 data points):
# "Particle Type" Position.Z
1.0 0.0 
1.0 0.0 
1.0 0.0 
1.0 0.0 
1.0 0.0 
1.0 0.0 
1.0 0.0 
1.0 0.0 
1.0 0.0 
1.0 2.2741768 
1.0 2.2741768 
1.0 2.2741768 
1.0 2.2741768 
1.0 2.2741768 
1.0 2.2741768 
1.0 2.2741768 
1.0 2.2741768 
1.0 2.2741768 
1.0 4.8216042 
1.0 4.36332575 
1.0 4.52960935 
1.0 4.55615405 
1.0 4.3931104 
1.0 4.3131844 
1.0 4.86147235 
1.0 4.41487375 
1.0 4.2257278 
1.0 6.7940551 
1.0 6.8531442 
1.0 7.1619884 
1.0 6.5402022 
1.0 7.01653715 
1.0 6.91072655 
1.0 6.27536455 
1.0 7.15168405 
1.0 6.96417715 
2.0 8.16650345 
2.0 13.49328435 
2.0 8.1867989 
3.0 9.3770579 
3.0 9.3626904 
3.0 13.8797589 
3.0 13.1757003 
3.0 17.76337395 
3.0 9.35116315 
3.0 30.96261455 
3.0 25.8955032 
3.0 15.6575993 
3.0 9.55402245 
3.0 17.1170055 
3.0 23.10439495 
3.0 31.43115605 
3.0 17.51132285 
3.0 26.97687615 
3.0 31.0626953 
3.0 25.7408641 
3.0 32.1151775 
3.0 32.39567205 
3.0 22.8180799 
3.0 18.65337705 
3.0 28.73668105 
4.0 17.6348018 
4.0 17.76525275 
4.0 9.666174 
4.0 8.67440875 
4.0 30.44999475 
4.0 31.38509045 
4.0 25.8749897 
4.0 25.0767097 
4.0 14.6520997 
4.0 16.02423515 
4.0 9.93183905 
4.0 9.76083325 
4.0 17.8222338 
4.0 16.34470355 
4.0 22.6797858 
4.0 22.37985505 
4.0 30.83147445 
4.0 32.2652953 
4.0 16.74338505 
4.0 18.0911472 
4.0 27.72178535 
4.0 26.84765545 
4.0 31.05323515 
4.0 30.98807285 
4.0 25.43828315 
4.0 25.2757925 
4.0 31.5741776 
4.0 32.7782518 
4.0 32.28821645 
4.0 32.848228 
4.0 22.3311445 
4.0 23.20405325 
4.0 17.7647953 
4.0 18.85022755 
4.0 28.23183685 
4.0 28.5317333 
