# Position.Z vs. Particle Type (97 data points):
# "Particle Type" Position.Z
1.0 0.0 
1.0 0.0 
1.0 0.0 
1.0 0.0 
1.0 0.0 
1.0 0.0 
1.0 0.0 
1.0 0.0 
1.0 0.0 
1.0 2.2741768 
1.0 2.2741768 
1.0 2.2741768 
1.0 2.2741768 
1.0 2.2741768 
1.0 2.2741768 
1.0 2.2741768 
1.0 2.2741768 
1.0 2.2741768 
1.0 4.6004567 
1.0 4.1617429 
1.0 4.3270304 
1.0 4.248888 
1.0 4.25315625 
1.0 4.472328 
1.0 4.30797605 
1.0 4.6985141 
1.0 4.56558375 
1.0 6.7648952 
1.0 7.03051265 
1.0 6.26573045 
1.0 6.60982665 
1.0 6.5945838 
1.0 7.1746871 
1.0 6.3875511 
1.0 7.19671155 
1.0 6.54653895 
2.0 8.0911572 
2.0 13.54857035 
2.0 8.02371815 
3.0 9.11699565 
3.0 9.2249493 
3.0 12.37859945 
3.0 14.69286385 
3.0 22.3347383 
3.0 25.81779375 
3.0 14.18406185 
3.0 9.9903594 
3.0 9.2877036 
3.0 18.1660997 
3.0 9.6624381 
3.0 22.22302425 
3.0 30.1122521 
3.0 32.2029302 
3.0 12.64109805 
3.0 22.8896836 
3.0 29.63916725 
3.0 17.2787118 
3.0 25.2250957 
3.0 27.91980695 
3.0 31.8240447 
3.0 16.27107895 
4.0 22.03925465 
4.0 22.0352895 
4.0 26.79249335 
4.0 25.65302775 
4.0 14.86476425 
4.0 13.70373725 
4.0 10.16441335 
4.0 9.7676236 
4.0 9.15732895 
4.0 9.51361425 
4.0 18.88137545 
4.0 18.27859215 
4.0 10.50846895 
4.0 9.5786761 
4.0 22.10707555 
4.0 22.2977447 
4.0 30.173759 
4.0 29.640373 
4.0 31.86753745 
4.0 31.69888225 
4.0 11.76666015 
4.0 12.88499905 
4.0 23.75222185 
4.0 22.8405653 
4.0 30.1033558 
4.0 28.73499965 
4.0 17.1806376 
4.0 16.5089855 
4.0 24.65429575 
4.0 24.5836087 
4.0 27.7502561 
4.0 28.6417824 
4.0 31.3734393 
4.0 32.80131995 
4.0 15.3555549 
4.0 16.9134014 
