# Position.Z vs. Particle Type (97 data points):
# "Particle Type" Position.Z
1.0 0.0 
1.0 0.0 
1.0 0.0 
1.0 0.0 
1.0 0.0 
1.0 0.0 
1.0 0.0 
1.0 0.0 
1.0 0.0 
1.0 2.2741768 
1.0 2.2741768 
1.0 2.2741768 
1.0 2.2741768 
1.0 2.2741768 
1.0 2.2741768 
1.0 2.2741768 
1.0 2.2741768 
1.0 2.2741768 
1.0 4.30679795 
1.0 4.4035103 
1.0 4.5051741 
1.0 4.73100495 
1.0 4.5798424 
1.0 4.48798105 
1.0 4.3627766 
1.0 4.7792136 
1.0 5.2798886 
1.0 7.084742 
1.0 8.1373068 
1.0 7.415338 
1.0 7.0013377 
1.0 6.6294592 
1.0 6.48235665 
1.0 6.71918345 
1.0 7.1620794 
1.0 7.03934665 
2.0 7.83183135 
2.0 14.09994775 
2.0 8.6913211 
3.0 9.0111378 
3.0 9.52682955 
3.0 13.5565353 
3.0 14.6594525 
3.0 12.4583074 
3.0 11.5434221 
3.0 10.193274 
3.0 9.54189215 
3.0 20.41643415 
3.0 21.95377835 
3.0 22.18506255 
3.0 20.07723445 
3.0 19.0507079 
3.0 23.8227717 
3.0 15.08824765 
3.0 25.7422907 
3.0 23.3009868 
3.0 25.72803485 
3.0 25.85712675 
3.0 28.30751035 
3.0 29.41891645 
3.0 26.3008879 
4.0 13.3441651 
4.0 12.27723595 
4.0 12.02265575 
4.0 10.96045195 
4.0 9.89534595 
4.0 9.4606841 
4.0 9.8885304 
4.0 10.21785905 
4.0 19.66232555 
4.0 20.4262898 
4.0 21.61371135 
4.0 22.8135348 
4.0 21.9664949 
4.0 22.61552615 
4.0 19.1477363 
4.0 20.30511875 
4.0 19.0408036 
4.0 19.7012319 
4.0 23.39571535 
4.0 24.70865635 
4.0 14.2714775 
4.0 15.47164045 
4.0 25.6020023 
4.0 25.21242675 
4.0 22.5073247 
4.0 23.5275432 
4.0 25.06763315 
4.0 26.4893601 
4.0 26.2074092 
4.0 26.67077105 
4.0 27.9467804 
4.0 29.2111568 
4.0 29.54960505 
4.0 28.45466085 
4.0 25.95341595 
4.0 26.17185375 
