# Position.Z vs. Particle Type (97 data points):
# "Particle Type" Position.Z
1.0 0.0 
1.0 0.0 
1.0 0.0 
1.0 0.0 
1.0 0.0 
1.0 0.0 
1.0 0.0 
1.0 0.0 
1.0 0.0 
1.0 2.2741768 
1.0 2.2741768 
1.0 2.2741768 
1.0 2.2741768 
1.0 2.2741768 
1.0 2.2741768 
1.0 2.2741768 
1.0 2.2741768 
1.0 2.2741768 
1.0 4.5762129 
1.0 4.49922515 
1.0 4.5036033 
1.0 4.1622378 
1.0 4.49399685 
1.0 4.51458735 
1.0 5.10862555 
1.0 4.6566268 
1.0 4.57078895 
1.0 7.09288125 
1.0 7.40719035 
1.0 7.85840895 
1.0 6.93632975 
1.0 7.136962 
1.0 7.1367072 
1.0 6.8332565 
1.0 7.17004785 
1.0 6.51883785 
2.0 8.10977825 
2.0 13.60810955 
2.0 8.43700025 
3.0 9.32592185 
3.0 9.69748395 
3.0 13.23879375 
3.0 13.98860645 
3.0 13.57753145 
3.0 12.1323216 
3.0 10.53667895 
3.0 9.79902245 
3.0 19.21583265 
3.0 19.6043043 
3.0 19.1299864 
3.0 16.99379255 
3.0 16.13048395 
3.0 21.74107495 
3.0 14.5827311 
3.0 23.01753825 
3.0 21.76822165 
3.0 24.06308345 
3.0 24.2104744 
3.0 25.9690732 
3.0 25.77324225 
3.0 23.5776394 
4.0 14.06471745 
4.0 12.79069015 
4.0 12.9573227 
4.0 12.3638312 
4.0 11.29898315 
4.0 10.0392082 
4.0 10.3654012 
4.0 10.4476078 
4.0 18.5595291 
4.0 19.2194429 
4.0 18.6260984 
4.0 19.9242211 
4.0 19.70009615 
4.0 19.6891954 
4.0 16.0394661 
4.0 17.01521115 
4.0 16.79750135 
4.0 15.70992745 
4.0 22.59894 
4.0 21.5045922 
4.0 14.1100435 
4.0 15.35268665 
4.0 22.59546345 
4.0 23.3149511 
4.0 21.04051845 
4.0 22.3223679 
4.0 23.1208936 
4.0 24.0852535 
4.0 24.55804015 
4.0 24.778173 
4.0 25.50229885 
4.0 25.72082555 
4.0 25.9596981 
4.0 25.3032731 
4.0 23.98650555 
4.0 22.8440401 
