# Position.Z vs. Particle Type (97 data points):
# "Particle Type" Position.Z
1.0 0.0 
1.0 0.0 
1.0 0.0 
1.0 0.0 
1.0 0.0 
1.0 0.0 
1.0 0.0 
1.0 0.0 
1.0 0.0 
1.0 2.2741768 
1.0 2.2741768 
1.0 2.2741768 
1.0 2.2741768 
1.0 2.2741768 
1.0 2.2741768 
1.0 2.2741768 
1.0 2.2741768 
1.0 2.2741768 
1.0 4.5033653 
1.0 4.7183052 
1.0 5.2562482 
1.0 4.68310045 
1.0 4.38182815 
1.0 4.40846735 
1.0 4.3902488 
1.0 4.31770045 
1.0 4.27883155 
1.0 6.45162455 
1.0 6.93655095 
1.0 7.1005697 
1.0 6.8417517 
1.0 6.9855499 
1.0 6.58170555 
1.0 8.11196995 
1.0 7.13608105 
1.0 6.8802272 
2.0 8.09725245 
2.0 12.74081725 
2.0 8.26675255 
3.0 9.2985249 
3.0 9.39788535 
3.0 12.96113805 
3.0 12.5171655 
3.0 10.0481948 
3.0 15.01794035 
3.0 31.2655469 
3.0 27.5270835 
3.0 15.9458691 
3.0 12.12657145 
3.0 24.07881035 
3.0 13.1615631 
3.0 26.86337465 
3.0 30.08727715 
3.0 19.84784865 
3.0 31.13131875 
3.0 18.1907446 
3.0 32.02404905 
3.0 28.5308758 
3.0 31.68786635 
3.0 16.99085045 
3.0 32.48061565 
4.0 10.11237675 
4.0 10.4632178 
4.0 15.28257325 
4.0 14.17008985 
4.0 31.3186328 
4.0 30.36164355 
4.0 26.59321105 
4.0 28.0312739 
4.0 16.7890016 
4.0 16.2033802 
4.0 11.7652913 
4.0 11.71340765 
4.0 25.02338335 
4.0 23.74230565 
4.0 13.0952073 
4.0 13.4071917 
4.0 26.76713585 
4.0 27.13103575 
4.0 29.62385825 
4.0 30.3385033 
4.0 20.731074 
4.0 19.2663786 
4.0 31.3761518 
4.0 31.53476095 
4.0 18.13547155 
4.0 17.4356665 
4.0 31.26134165 
4.0 32.88924905 
4.0 28.8652329 
4.0 29.27674995 
4.0 31.94068255 
4.0 32.15971465 
4.0 16.3417345 
4.0 16.905742 
4.0 32.3375045 
4.0 32.10275355 
