# Position.Z vs. Particle Type (97 data points):
# "Particle Type" Position.Z
1.0 0.0 
1.0 0.0 
1.0 0.0 
1.0 0.0 
1.0 0.0 
1.0 0.0 
1.0 0.0 
1.0 0.0 
1.0 0.0 
1.0 2.2741768 
1.0 2.2741768 
1.0 2.2741768 
1.0 2.2741768 
1.0 2.2741768 
1.0 2.2741768 
1.0 2.2741768 
1.0 2.2741768 
1.0 2.2741768 
1.0 4.50697555 
1.0 4.12357505 
1.0 5.1237438 
1.0 4.38808685 
1.0 4.6198467 
1.0 4.4748592 
1.0 4.45257365 
1.0 4.52400865 
1.0 4.6753252 
1.0 7.12143355 
1.0 6.62131015 
1.0 6.467426 
1.0 6.8352333 
1.0 7.49347375 
1.0 6.86737275 
1.0 6.42153925 
1.0 7.2488738 
1.0 6.8083141 
2.0 8.1140738 
2.0 13.41530995 
2.0 8.12598885 
3.0 9.36159595 
3.0 9.197111 
3.0 14.53519725 
3.0 12.30253115 
3.0 13.08724865 
3.0 13.32462915 
3.0 9.42810715 
3.0 9.335585 
3.0 28.91184205 
3.0 27.7958331 
3.0 24.8419703 
3.0 26.58962635 
3.0 22.6199848 
3.0 25.9973952 
3.0 12.54696415 
3.0 31.52044175 
3.0 29.73356085 
3.0 28.7935235 
3.0 32.57541455 
3.0 32.2845033 
3.0 30.30541535 
3.0 31.7656374 
4.0 12.18169505 
4.0 13.65723275 
4.0 12.4516714 
4.0 13.79007945 
4.0 9.79974695 
4.0 9.39331645 
4.0 9.5905243 
4.0 8.8488904 
4.0 29.80468925 
4.0 28.6149598 
4.0 27.9346102 
4.0 26.81804825 
4.0 24.62895505 
4.0 23.98483535 
4.0 25.992036 
4.0 26.6228802 
4.0 21.6624289 
4.0 22.8589011 
4.0 26.2894086 
4.0 26.45606005 
4.0 12.13802485 
4.0 12.03561415 
4.0 32.2679567 
4.0 31.75276755 
4.0 29.5801695 
4.0 28.85366435 
4.0 28.4459483 
4.0 28.44910355 
4.0 32.06040565 
4.0 32.66186525 
4.0 32.560703 
4.0 32.07600795 
4.0 30.10467425 
4.0 30.3103969 
4.0 32.3012298 
4.0 32.41719425 
