# Position.Z vs. Particle Type (97 data points):
# "Particle Type" Position.Z
1.0 0.0 
1.0 0.0 
1.0 0.0 
1.0 0.0 
1.0 0.0 
1.0 0.0 
1.0 0.0 
1.0 0.0 
1.0 0.0 
1.0 2.2741768 
1.0 2.2741768 
1.0 2.2741768 
1.0 2.2741768 
1.0 2.2741768 
1.0 2.2741768 
1.0 2.2741768 
1.0 2.2741768 
1.0 2.2741768 
1.0 4.67585055 
1.0 4.49292025 
1.0 4.339006 
1.0 4.26782825 
1.0 4.46824455 
1.0 4.3313543 
1.0 4.48099155 
1.0 4.47769595 
1.0 4.6023544 
1.0 6.835843 
1.0 6.89441795 
1.0 6.34906685 
1.0 6.75844645 
1.0 6.6369149 
1.0 7.4490409 
1.0 6.56125715 
1.0 7.7179473 
1.0 6.9186264 
2.0 8.87161345 
2.0 11.6208708 
2.0 8.1099081 
3.0 9.84989075 
3.0 9.2337119 
3.0 10.72668835 
3.0 12.59941305 
3.0 17.85057575 
3.0 26.40139215 
3.0 14.90027315 
3.0 9.96038155 
3.0 9.36677315 
3.0 23.81891085 
3.0 15.0310699 
3.0 22.28176475 
3.0 27.2857711 
3.0 31.6703394 
3.0 12.3761911 
3.0 19.05355655 
3.0 29.9321792 
3.0 18.9014203 
3.0 25.03985155 
3.0 30.84840115 
3.0 32.25461365 
3.0 16.98706625 
4.0 17.4643056 
4.0 18.12607545 
4.0 26.37619985 
4.0 25.67112625 
4.0 14.47389895 
4.0 15.084363 
4.0 9.55162705 
4.0 9.44680205 
4.0 9.0386079 
4.0 9.53757735 
4.0 23.1142226 
4.0 24.66749775 
4.0 15.53289605 
4.0 15.38866315 
4.0 22.61196315 
4.0 22.76370355 
4.0 28.23099755 
4.0 26.9431918 
4.0 31.3484661 
4.0 32.59633055 
4.0 13.21392975 
4.0 12.47271865 
4.0 19.96930005 
4.0 18.8101669 
4.0 29.44617025 
4.0 29.7890166 
4.0 19.1731764 
4.0 18.54898675 
4.0 24.12211445 
4.0 24.97089805 
4.0 31.22446705 
4.0 31.4646675 
4.0 32.66140185 
4.0 32.4160907 
4.0 17.6135064 
4.0 17.3691434 
