# Position.Z vs. Particle Type (97 data points):
# "Particle Type" Position.Z
1.0 0.0 
1.0 0.0 
1.0 0.0 
1.0 0.0 
1.0 0.0 
1.0 0.0 
1.0 0.0 
1.0 0.0 
1.0 0.0 
1.0 2.2741768 
1.0 2.2741768 
1.0 2.2741768 
1.0 2.2741768 
1.0 2.2741768 
1.0 2.2741768 
1.0 2.2741768 
1.0 2.2741768 
1.0 2.2741768 
1.0 5.2584413 
1.0 4.54688325 
1.0 4.25391295 
1.0 4.2556031 
1.0 4.51911495 
1.0 4.39752635 
1.0 4.7565413 
1.0 4.2009534 
1.0 4.480231 
1.0 6.90616465 
1.0 7.1302322 
1.0 6.65484995 
1.0 6.8811421 
1.0 6.61452295 
1.0 7.18016285 
1.0 6.3713713 
1.0 7.04868115 
1.0 7.81312595 
2.0 8.5042524 
2.0 11.2876099 
2.0 8.24795265 
3.0 9.65505905 
3.0 9.45087955 
3.0 11.9243936 
3.0 10.8556042 
3.0 19.0181453 
3.0 25.8626158 
3.0 17.7543296 
3.0 11.16210585 
3.0 9.0887776 
3.0 30.27520125 
3.0 21.3518641 
3.0 23.88346625 
3.0 26.57216205 
3.0 32.1534472 
3.0 13.97705575 
3.0 23.9235374 
3.0 31.9439197 
3.0 23.56834795 
3.0 27.1419421 
3.0 26.911934 
3.0 31.57663565 
3.0 16.8931161 
4.0 19.0321047 
4.0 19.626684 
4.0 26.49561005 
4.0 26.42971345 
4.0 17.47873645 
4.0 16.8984361 
4.0 11.61355475 
4.0 10.97311635 
4.0 8.60721715 
4.0 10.0101085 
4.0 30.2672216 
4.0 29.4606221 
4.0 20.957048 
4.0 22.11965385 
4.0 22.97649025 
4.0 24.0897902 
4.0 26.4993183 
4.0 25.87357535 
4.0 32.46000975 
4.0 32.23753855 
4.0 13.36680625 
4.0 14.6594574 
4.0 23.7959463 
4.0 23.63051915 
4.0 31.6224909 
4.0 31.5224686 
4.0 23.17844585 
4.0 24.4285188 
4.0 26.3088035 
4.0 26.7926645 
4.0 27.6028907 
4.0 26.8432752 
4.0 31.18555615 
4.0 32.47583535 
4.0 16.1959455 
4.0 16.79211765 
