# Position.Z vs. Particle Type (97 data points):
# "Particle Type" Position.Z
1.0 0.0 
1.0 0.0 
1.0 0.0 
1.0 0.0 
1.0 0.0 
1.0 0.0 
1.0 0.0 
1.0 0.0 
1.0 0.0 
1.0 2.2741768 
1.0 2.2741768 
1.0 2.2741768 
1.0 2.2741768 
1.0 2.2741768 
1.0 2.2741768 
1.0 2.2741768 
1.0 2.2741768 
1.0 2.2741768 
1.0 5.07776815 
1.0 4.41640185 
1.0 4.38335975 
1.0 4.29479925 
1.0 4.3662479 
1.0 4.28943935 
1.0 4.43325015 
1.0 4.65957835 
1.0 4.5267922 
1.0 6.90038755 
1.0 6.7371836 
1.0 6.66099245 
1.0 6.43710515 
1.0 6.5283288 
1.0 7.0478072 
1.0 6.39860865 
1.0 7.460425 
1.0 7.2434586 
2.0 8.50411555 
2.0 11.209429 
2.0 7.94308865 
3.0 9.6438594 
3.0 9.0453146 
3.0 11.73917815 
3.0 10.60223955 
3.0 15.9323927 
3.0 27.97858665 
3.0 18.06315595 
3.0 13.16476875 
3.0 9.6328001 
3.0 30.3228401 
3.0 20.6146892 
3.0 26.60840525 
3.0 23.4666481 
3.0 32.2499002 
3.0 18.81047175 
3.0 24.8360371 
3.0 32.24071725 
3.0 24.5413791 
3.0 29.2355175 
3.0 28.48981485 
3.0 31.1696644 
3.0 15.4683676 
4.0 15.84699025 
4.0 15.42625875 
4.0 28.1338127 
4.0 27.4347164 
4.0 18.6608604 
4.0 17.308767 
4.0 12.92455185 
4.0 12.60928795 
4.0 10.45720025 
4.0 9.9488284 
4.0 30.82821035 
4.0 29.84884315 
4.0 19.6389291 
4.0 20.854876 
4.0 26.55921065 
4.0 26.0806434 
4.0 22.7515995 
4.0 23.37596555 
4.0 31.26341225 
4.0 32.52210255 
4.0 19.4530511 
4.0 17.91599075 
4.0 24.35929615 
4.0 25.1164669 
4.0 32.252311 
4.0 31.4265693 
4.0 23.59154315 
4.0 24.8697694 
4.0 28.2875117 
4.0 29.89918855 
4.0 28.8076194 
4.0 28.84983395 
4.0 32.10130525 
4.0 31.1552843 
4.0 16.1375592 
4.0 14.8200605 
