# Position.Z vs. Particle Type (97 data points):
# "Particle Type" Position.Z
1.0 0.0 
1.0 0.0 
1.0 0.0 
1.0 0.0 
1.0 0.0 
1.0 0.0 
1.0 0.0 
1.0 0.0 
1.0 0.0 
1.0 2.2741768 
1.0 2.2741768 
1.0 2.2741768 
1.0 2.2741768 
1.0 2.2741768 
1.0 2.2741768 
1.0 2.2741768 
1.0 2.2741768 
1.0 2.2741768 
1.0 4.34558845 
1.0 4.2917497 
1.0 5.274248 
1.0 4.46217975 
1.0 4.2066591 
1.0 4.4545396 
1.0 4.5425023 
1.0 4.51975965 
1.0 4.34553315 
1.0 6.7681117 
1.0 6.9510798 
1.0 6.2786731 
1.0 6.70131595 
1.0 7.27202245 
1.0 7.49332675 
1.0 7.78481795 
1.0 6.6907547 
1.0 6.52461985 
2.0 8.35523255 
2.0 12.80761685 
2.0 8.2121263 
3.0 9.3458533 
3.0 9.3784999 
3.0 11.8261836 
3.0 13.82366405 
3.0 13.18296035 
3.0 10.3833373 
3.0 28.87126165 
3.0 26.13921765 
3.0 21.0684467 
3.0 16.73926555 
3.0 24.1670128 
3.0 9.442391 
3.0 32.00258285 
3.0 27.48088105 
3.0 21.8426215 
3.0 31.8234329 
3.0 22.55427965 
3.0 32.15934225 
3.0 25.4661911 
3.0 32.41581245 
3.0 25.240691 
3.0 28.5786284 
4.0 12.97075115 
4.0 12.89024485 
4.0 11.14321215 
4.0 10.76331935 
4.0 28.59634365 
4.0 28.83885095 
4.0 27.10990485 
4.0 26.1082241 
4.0 20.697502 
4.0 21.987938 
4.0 17.69496295 
4.0 16.3886982 
4.0 23.99578265 
4.0 23.8433818 
4.0 8.4463533 
4.0 9.4648946 
4.0 32.96739635 
4.0 31.91040545 
4.0 28.0698376 
4.0 26.77286185 
4.0 21.26553905 
4.0 22.13010205 
4.0 31.8835076 
4.0 30.9601537 
4.0 21.61332565 
4.0 22.89380345 
4.0 32.68088845 
4.0 32.10918375 
4.0 25.103757 
4.0 26.40994825 
4.0 32.3493667 
4.0 32.00935465 
4.0 24.723552 
4.0 25.33258035 
4.0 28.77533505 
4.0 29.39692315 
