# Position.Z vs. Particle Type (97 data points):
# "Particle Type" Position.Z
1.0 0.0 
1.0 0.0 
1.0 0.0 
1.0 0.0 
1.0 0.0 
1.0 0.0 
1.0 0.0 
1.0 0.0 
1.0 0.0 
1.0 2.2741768 
1.0 2.2741768 
1.0 2.2741768 
1.0 2.2741768 
1.0 2.2741768 
1.0 2.2741768 
1.0 2.2741768 
1.0 2.2741768 
1.0 2.2741768 
1.0 4.30546865 
1.0 4.43783375 
1.0 4.32358605 
1.0 4.58627365 
1.0 4.35174635 
1.0 5.12687 
1.0 4.24624655 
1.0 4.3880074 
1.0 5.23659745 
1.0 7.57127175 
1.0 7.3990385 
1.0 6.2265028 
1.0 6.89233615 
1.0 7.685629 
1.0 6.66325205 
1.0 6.56851195 
1.0 7.1961008 
1.0 7.0331723 
2.0 8.4099722 
2.0 17.1632258 
2.0 8.62042895 
3.0 9.6054539 
3.0 9.77098885 
3.0 16.90351635 
3.0 17.63303535 
3.0 10.2964393 
3.0 19.2585995 
3.0 9.9135631 
3.0 13.28296935 
3.0 24.66998205 
3.0 28.04395405 
3.0 19.30884935 
3.0 21.2365972 
3.0 14.91721385 
3.0 21.90539295 
3.0 20.7479517 
3.0 32.31078095 
3.0 27.76252955 
3.0 29.7618545 
3.0 32.4993032 
3.0 31.262049 
3.0 30.81221885 
3.0 29.46662705 
4.0 9.3085524 
4.0 10.5191044 
4.0 19.49351985 
4.0 18.3407147 
4.0 9.60093365 
4.0 10.3704139 
4.0 13.527101 
4.0 12.85547865 
4.0 24.29303485 
4.0 24.22098245 
4.0 27.785331 
4.0 28.9156077 
4.0 18.36032275 
4.0 19.68918385 
4.0 21.75173455 
4.0 20.52278305 
4.0 15.38270405 
4.0 14.18603025 
4.0 22.0663394 
4.0 21.96347895 
4.0 20.7820165 
4.0 19.91471755 
4.0 32.4922073 
4.0 32.78979095 
4.0 27.6091249 
4.0 27.8499186 
4.0 29.0925362 
4.0 29.9057661 
4.0 32.3342901 
4.0 32.34053865 
4.0 31.0199309 
4.0 30.54184315 
4.0 30.441712 
4.0 31.7481913 
4.0 28.5623779 
4.0 29.74499465 
