# Position.Z vs. Particle Type (97 data points):
# "Particle Type" Position.Z
1.0 0.0 
1.0 0.0 
1.0 0.0 
1.0 0.0 
1.0 0.0 
1.0 0.0 
1.0 0.0 
1.0 0.0 
1.0 0.0 
1.0 2.2741768 
1.0 2.2741768 
1.0 2.2741768 
1.0 2.2741768 
1.0 2.2741768 
1.0 2.2741768 
1.0 2.2741768 
1.0 2.2741768 
1.0 2.2741768 
1.0 4.37195745 
1.0 5.37828795 
1.0 4.1832161 
1.0 4.30555055 
1.0 4.78344475 
1.0 4.44016055 
1.0 4.77184365 
1.0 4.32645885 
1.0 4.67804435 
1.0 6.8876661 
1.0 7.3312673 
1.0 7.09826285 
1.0 7.7966217 
1.0 6.52596105 
1.0 6.98719175 
1.0 7.53081315 
1.0 6.20785865 
1.0 6.7114971 
2.0 8.06701455 
2.0 17.47089015 
2.0 8.45007905 
3.0 9.21399885 
3.0 9.61798845 
3.0 18.32465565 
3.0 16.61713655 
3.0 21.3890873 
3.0 13.0663729 
3.0 26.6851949 
3.0 29.2195162 
3.0 14.09544885 
3.0 25.91273195 
3.0 24.8665697 
3.0 9.5840248 
3.0 31.8585316 
3.0 31.92539455 
3.0 23.56354665 
3.0 28.22666525 
3.0 16.2867845 
3.0 32.7667634 
3.0 28.47236875 
3.0 31.60501575 
3.0 31.93997625 
3.0 29.46358065 
4.0 20.6362933 
4.0 22.1187232 
4.0 13.4493184 
4.0 12.18920535 
4.0 26.48904265 
4.0 26.58647495 
4.0 28.89968935 
4.0 28.4777444 
4.0 13.68542315 
4.0 14.6498275 
4.0 26.7743896 
4.0 25.73837245 
4.0 24.1484852 
4.0 24.64051765 
4.0 9.6838637 
4.0 10.51405355 
4.0 31.95285205 
4.0 31.01700525 
4.0 32.32385905 
4.0 30.9473101 
4.0 23.6297635 
4.0 22.59542705 
4.0 28.52134145 
4.0 27.27461835 
4.0 15.4051471 
4.0 16.08530315 
4.0 32.4033416 
4.0 32.32180875 
4.0 28.8713194 
4.0 27.59989645 
4.0 31.5795704 
4.0 32.6104569 
4.0 32.89224365 
4.0 31.509975 
4.0 30.02238295 
4.0 28.60548565 
