# Position.Z vs. Particle Type (97 data points):
# "Particle Type" Position.Z
1.0 0.0 
1.0 0.0 
1.0 0.0 
1.0 0.0 
1.0 0.0 
1.0 0.0 
1.0 0.0 
1.0 0.0 
1.0 0.0 
1.0 2.2741768 
1.0 2.2741768 
1.0 2.2741768 
1.0 2.2741768 
1.0 2.2741768 
1.0 2.2741768 
1.0 2.2741768 
1.0 2.2741768 
1.0 2.2741768 
1.0 4.31422075 
1.0 4.42844815 
1.0 4.41721245 
1.0 5.18987945 
1.0 4.3799854 
1.0 4.52963105 
1.0 4.8141128 
1.0 5.38254045 
1.0 4.47111175 
1.0 7.1054494 
1.0 7.6281807 
1.0 6.8602352 
1.0 6.6489535 
1.0 6.6975482 
1.0 7.9412116 
1.0 6.50410075 
1.0 6.85106765 
1.0 7.83258105 
2.0 8.9493887 
2.0 22.4167454 
2.0 8.41796725 
3.0 9.91440415 
3.0 9.64465635 
3.0 21.264635 
3.0 23.5745132 
3.0 12.9059182 
3.0 14.2421965 
3.0 10.52787645 
3.0 12.5635958 
3.0 10.9307191 
3.0 32.1730577 
3.0 22.4267372 
3.0 24.50237965 
3.0 14.7427609 
3.0 23.5165504 
3.0 20.75555335 
3.0 29.85230675 
3.0 32.2335216 
3.0 24.72617 
3.0 31.9261124 
3.0 26.0713173 
3.0 31.30434545 
3.0 21.5638458 
4.0 12.7130164 
4.0 12.1376045 
4.0 14.45171735 
4.0 13.2836627 
4.0 10.6686601 
4.0 11.21379105 
4.0 12.8112222 
4.0 13.15806275 
4.0 10.8865841 
4.0 11.10327925 
4.0 32.27351225 
4.0 32.7633138 
4.0 23.0370448 
4.0 21.897596 
4.0 25.1810202 
4.0 24.45604735 
4.0 15.10783855 
4.0 14.4930646 
4.0 22.74835045 
4.0 23.1453943 
4.0 21.1299067 
4.0 19.8870707 
4.0 28.8916026 
4.0 29.962037 
4.0 32.2143584 
4.0 31.63154225 
4.0 24.10938215 
4.0 25.096477 
4.0 32.90571515 
4.0 31.6168244 
4.0 25.795539 
4.0 25.344291 
4.0 30.8754019 
4.0 31.42686715 
4.0 20.8251897 
4.0 21.2044301 
