# Position.Z vs. Particle Type (97 data points):
# "Particle Type" Position.Z
1.0 0.0 
1.0 0.0 
1.0 0.0 
1.0 0.0 
1.0 0.0 
1.0 0.0 
1.0 0.0 
1.0 0.0 
1.0 0.0 
1.0 2.2741768 
1.0 2.2741768 
1.0 2.2741768 
1.0 2.2741768 
1.0 2.2741768 
1.0 2.2741768 
1.0 2.2741768 
1.0 2.2741768 
1.0 2.2741768 
1.0 4.5940748 
1.0 4.312441 
1.0 4.88980695 
1.0 4.50646105 
1.0 4.46156235 
1.0 4.3034005 
1.0 4.129202 
1.0 4.76774375 
1.0 4.86354365 
1.0 6.59125355 
1.0 7.3708285 
1.0 6.3859992 
1.0 6.6253677 
1.0 7.20044465 
1.0 7.47853505 
1.0 7.3697981 
1.0 6.93456295 
1.0 6.81066015 
2.0 8.52809895 
2.0 11.08439115 
2.0 7.99305395 
3.0 9.6367537 
3.0 9.1712103 
3.0 11.9124572 
3.0 10.3228986 
3.0 12.35584525 
3.0 12.8240126 
3.0 29.93643275 
3.0 27.73788885 
3.0 16.43765095 
3.0 10.3236959 
3.0 19.86281325 
3.0 12.4511611 
3.0 28.18328135 
3.0 26.0504972 
3.0 21.0795361 
3.0 32.3565998 
3.0 18.06032235 
3.0 31.9311097 
3.0 30.36745355 
3.0 30.6583214 
3.0 16.89260615 
3.0 32.03140955 
4.0 12.3623227 
4.0 13.11481325 
4.0 13.1764682 
4.0 12.08222365 
4.0 29.8127746 
4.0 29.1931878 
4.0 26.80670125 
4.0 27.60774975 
4.0 16.7939233 
4.0 15.56241785 
4.0 10.07286595 
4.0 10.19383085 
4.0 19.6927577 
4.0 20.11336775 
4.0 12.8252222 
4.0 11.71193485 
4.0 28.65874795 
4.0 28.07730905 
4.0 25.17586855 
4.0 26.6165501 
4.0 21.69412805 
4.0 20.39026115 
4.0 32.0643512 
4.0 32.2181762 
4.0 18.71084985 
4.0 17.58943235 
4.0 32.5778327 
4.0 32.2463974 
4.0 30.52189 
4.0 31.2342401 
4.0 31.0367442 
4.0 29.90337035 
4.0 16.32603 
4.0 17.2411274 
4.0 33.04239365 
4.0 31.6143219 
