# Position.Z vs. Particle Type (97 data points):
# "Particle Type" Position.Z
1.0 0.0 
1.0 0.0 
1.0 0.0 
1.0 0.0 
1.0 0.0 
1.0 0.0 
1.0 0.0 
1.0 0.0 
1.0 0.0 
1.0 2.2741768 
1.0 2.2741768 
1.0 2.2741768 
1.0 2.2741768 
1.0 2.2741768 
1.0 2.2741768 
1.0 2.2741768 
1.0 2.2741768 
1.0 2.2741768 
1.0 4.4134559 
1.0 4.3731954 
1.0 5.29834795 
1.0 4.77237915 
1.0 4.52812745 
1.0 4.38272695 
1.0 4.47792135 
1.0 4.3846677 
1.0 4.4060023 
1.0 6.98389475 
1.0 7.05655055 
1.0 6.76811205 
1.0 6.43132595 
1.0 8.46793745 
1.0 7.5415445 
1.0 6.66657845 
1.0 7.0832342 
1.0 7.06396915 
2.0 8.30205565 
2.0 14.0857101 
2.0 8.1614309 
3.0 9.4627386 
3.0 9.2980363 
3.0 13.98369525 
3.0 13.9793332 
3.0 13.1606202 
3.0 12.91312575 
3.0 10.73512335 
3.0 10.163587 
3.0 25.60650785 
3.0 28.257873 
3.0 24.26505585 
3.0 29.20127 
3.0 26.7383046 
3.0 29.83527365 
3.0 13.68405465 
3.0 31.58383165 
3.0 29.96977095 
3.0 30.69753225 
3.0 31.9814957 
3.0 32.1898584 
3.0 31.7909151 
3.0 32.6791759 
4.0 13.22413855 
4.0 13.985286 
4.0 12.8153851 
4.0 12.0080114 
4.0 11.33434155 
4.0 10.75729515 
4.0 9.80971285 
4.0 9.86487355 
4.0 25.6900819 
4.0 24.82600085 
4.0 28.0078393 
4.0 27.4307705 
4.0 24.9286345 
4.0 23.5693528 
4.0 29.5038233 
4.0 29.58830875 
4.0 27.34912495 
4.0 27.25249065 
4.0 29.9154527 
4.0 28.9912014 
4.0 13.25103395 
4.0 13.57671105 
4.0 31.9559856 
4.0 30.63686255 
4.0 29.0025148 
4.0 30.321781 
4.0 29.8184558 
4.0 31.1980046 
4.0 31.7712675 
4.0 32.9243502 
4.0 32.21452815 
4.0 31.8669141 
4.0 31.9993562 
4.0 32.60816825 
4.0 32.5266326 
4.0 32.10340175 
