# Position.Z vs. Particle Type (97 data points):
# "Particle Type" Position.Z
1.0 0.0 
1.0 0.0 
1.0 0.0 
1.0 0.0 
1.0 0.0 
1.0 0.0 
1.0 0.0 
1.0 0.0 
1.0 0.0 
1.0 2.2741768 
1.0 2.2741768 
1.0 2.2741768 
1.0 2.2741768 
1.0 2.2741768 
1.0 2.2741768 
1.0 2.2741768 
1.0 2.2741768 
1.0 2.2741768 
1.0 4.4610797 
1.0 4.2363062 
1.0 4.38839135 
1.0 4.25159735 
1.0 4.4786357 
1.0 4.5936898 
1.0 5.1425675 
1.0 4.632537 
1.0 4.274956 
1.0 6.68248875 
1.0 6.85462785 
1.0 6.6299793 
1.0 6.2363861 
1.0 7.8945664 
1.0 7.49627725 
1.0 6.5524333 
1.0 7.1090292 
1.0 6.39524725 
2.0 8.58773545 
2.0 11.92196005 
2.0 7.71024625 
3.0 9.75246755 
3.0 8.87067265 
3.0 12.2261048 
3.0 11.6479104 
3.0 21.8152298 
3.0 10.0991058 
3.0 32.53293645 
3.0 25.32794705 
3.0 12.2030181 
3.0 9.2618736 
3.0 17.91254885 
3.0 25.92607255 
3.0 31.67424015 
3.0 15.5283107 
3.0 29.33115815 
3.0 31.977876 
3.0 26.6522263 
3.0 31.70774075 
3.0 32.40283585 
3.0 23.63462255 
3.0 23.19658355 
3.0 28.3796856 
4.0 21.0144655 
4.0 21.9767415 
4.0 9.31159705 
4.0 10.8904446 
4.0 32.46669125 
4.0 31.7415791 
4.0 25.6041737 
4.0 24.38235275 
4.0 12.6463127 
4.0 12.7402331 
4.0 8.3445705 
4.0 9.51394395 
4.0 18.86665585 
4.0 17.65456945 
4.0 25.93135125 
4.0 26.3041002 
4.0 31.5764715 
4.0 32.64305275 
4.0 15.41091545 
4.0 14.6011572 
4.0 29.63908185 
4.0 28.4008459 
4.0 30.99499235 
4.0 32.49679405 
4.0 26.26919645 
4.0 27.30878325 
4.0 31.6375871 
4.0 32.0701801 
4.0 33.21494365 
4.0 32.52690665 
4.0 24.129742 
4.0 23.72490225 
4.0 22.822891 
4.0 23.1088515 
4.0 28.2707537 
4.0 27.7006912 
