# Position.Z vs. Particle Type (97 data points):
# "Particle Type" Position.Z
1.0 0.0 
1.0 0.0 
1.0 0.0 
1.0 0.0 
1.0 0.0 
1.0 0.0 
1.0 0.0 
1.0 0.0 
1.0 0.0 
1.0 2.2741768 
1.0 2.2741768 
1.0 2.2741768 
1.0 2.2741768 
1.0 2.2741768 
1.0 2.2741768 
1.0 2.2741768 
1.0 2.2741768 
1.0 2.2741768 
1.0 4.2209482 
1.0 4.3899933 
1.0 5.3604516 
1.0 4.1576283 
1.0 4.3512399 
1.0 4.7056016 
1.0 4.84954855 
1.0 4.9043505 
1.0 4.2735154 
1.0 7.0289415 
1.0 6.87185555 
1.0 6.45163085 
1.0 6.4460557 
1.0 7.1161342 
1.0 7.15281105 
1.0 7.75529965 
1.0 7.5251344 
1.0 6.24668485 
2.0 8.43216185 
2.0 12.19841945 
2.0 8.2460623 
3.0 9.69266445 
3.0 9.3638727 
3.0 11.6608786 
3.0 12.510498 
3.0 25.31806655 
3.0 17.39571715 
3.0 25.8733993 
3.0 18.63391285 
3.0 9.14975215 
3.0 27.18504705 
3.0 18.33257545 
3.0 10.920973 
3.0 31.9078704 
3.0 28.62188805 
3.0 26.7106686 
3.0 28.66233335 
3.0 13.3009499 
3.0 30.59059535 
3.0 21.756518 
3.0 32.289523 
3.0 32.05457745 
3.0 30.0255774 
4.0 24.51597155 
4.0 24.86421735 
4.0 18.11913285 
4.0 16.6181435 
4.0 25.08228555 
4.0 25.77857135 
4.0 18.0589801 
4.0 19.2539368 
4.0 8.87782245 
4.0 9.9678124 
4.0 27.65707035 
4.0 27.39370445 
4.0 18.63866165 
4.0 18.1701541 
4.0 10.95816505 
4.0 11.69416325 
4.0 31.86491 
4.0 31.1480645 
4.0 28.47043675 
4.0 27.86448245 
4.0 27.1871446 
4.0 25.85835735 
4.0 27.9231379 
4.0 29.4869701 
4.0 13.54312365 
4.0 12.50331075 
4.0 30.3002203 
4.0 30.1010493 
4.0 22.2507166 
4.0 21.03397135 
4.0 31.82651745 
4.0 33.0066037 
4.0 32.3104691 
4.0 32.4503046 
4.0 29.8421732 
4.0 30.59538755 
