# Position.Z vs. Particle Type (97 data points):
# "Particle Type" Position.Z
1.0 0.0 
1.0 0.0 
1.0 0.0 
1.0 0.0 
1.0 0.0 
1.0 0.0 
1.0 0.0 
1.0 0.0 
1.0 0.0 
1.0 2.2741768 
1.0 2.2741768 
1.0 2.2741768 
1.0 2.2741768 
1.0 2.2741768 
1.0 2.2741768 
1.0 2.2741768 
1.0 2.2741768 
1.0 2.2741768 
1.0 4.36430855 
1.0 4.28425445 
1.0 4.702453 
1.0 4.3054291 
1.0 4.5024714 
1.0 4.25262985 
1.0 4.8634173 
1.0 4.36466555 
1.0 4.48994735 
1.0 6.6780105 
1.0 6.76480245 
1.0 6.74111445 
1.0 6.6103065 
1.0 7.38805865 
1.0 7.2107147 
1.0 7.3015985 
1.0 6.5508828 
1.0 6.3753389 
2.0 8.3091918 
2.0 13.3245315 
2.0 8.18837145 
3.0 9.40557765 
3.0 9.37701205 
3.0 13.23148365 
3.0 13.5016196 
3.0 12.99167555 
3.0 9.8893039 
3.0 27.65275135 
3.0 27.07124665 
3.0 20.99414765 
3.0 19.14883565 
3.0 25.2482909 
3.0 9.72666275 
3.0 32.2185759 
3.0 29.6683807 
3.0 21.99041915 
3.0 30.9839523 
3.0 21.14673015 
3.0 31.6606871 
3.0 25.38256245 
3.0 32.8283543 
3.0 27.9586608 
3.0 30.70940915 
4.0 13.0047988 
4.0 13.94751505 
4.0 10.32448585 
4.0 8.9308366 
4.0 26.76984835 
4.0 28.12460455 
4.0 27.42448835 
4.0 27.61626315 
4.0 20.35977965 
4.0 21.28905905 
4.0 19.93858685 
4.0 18.43304785 
4.0 26.13793735 
4.0 24.77074215 
4.0 10.09546825 
4.0 10.1706766 
4.0 32.34848575 
4.0 32.96014995 
4.0 29.1609276 
4.0 29.69657565 
4.0 21.58302405 
4.0 21.2920099 
4.0 31.6111817 
4.0 31.2701109 
4.0 21.30790305 
4.0 21.7141624 
4.0 32.33303675 
4.0 31.12483115 
4.0 24.7223312 
4.0 24.8710553 
4.0 32.56193815 
4.0 32.6449004 
4.0 27.1608484 
4.0 27.7083408 
4.0 31.0771482 
4.0 30.30829165 
