# Position.Z vs. Particle Type (97 data points):
# "Particle Type" Position.Z
1.0 0.0 
1.0 0.0 
1.0 0.0 
1.0 0.0 
1.0 0.0 
1.0 0.0 
1.0 0.0 
1.0 0.0 
1.0 0.0 
1.0 2.2741768 
1.0 2.2741768 
1.0 2.2741768 
1.0 2.2741768 
1.0 2.2741768 
1.0 2.2741768 
1.0 2.2741768 
1.0 2.2741768 
1.0 2.2741768 
1.0 4.3669724 
1.0 4.34607285 
1.0 4.4647008 
1.0 4.3319549 
1.0 4.5804178 
1.0 4.24590145 
1.0 4.37006185 
1.0 5.18363055 
1.0 5.25001435 
1.0 7.1511293 
1.0 6.37926065 
1.0 6.7602605 
1.0 7.7230426 
1.0 7.78914745 
1.0 7.10254125 
1.0 6.5473219 
1.0 6.77103455 
1.0 6.4997093 
2.0 7.9900289 
2.0 18.28232455 
2.0 8.3943552 
3.0 9.10921655 
3.0 9.44810895 
3.0 18.02371935 
3.0 18.50713865 
3.0 9.35949105 
3.0 18.1378855 
3.0 10.3670714 
3.0 13.14221615 
3.0 19.542754 
3.0 30.6408326 
3.0 20.40224515 
3.0 22.7488891 
3.0 11.8372499 
3.0 26.53851585 
3.0 23.8673435 
3.0 31.88447815 
3.0 28.8355802 
3.0 26.8010281 
3.0 32.42857345 
3.0 32.01052505 
3.0 31.52308005 
3.0 28.06805855 
4.0 9.8305928 
4.0 9.030329 
4.0 18.7218661 
4.0 17.4955956 
4.0 10.64899465 
4.0 9.8892367 
4.0 13.30726915 
4.0 14.10900085 
4.0 19.54078735 
4.0 19.51470675 
4.0 30.89790935 
4.0 29.7737454 
4.0 21.3470866 
4.0 19.96857065 
4.0 22.7354764 
4.0 21.9659195 
4.0 12.42294725 
4.0 12.5932702 
4.0 26.4747476 
4.0 27.06048905 
4.0 23.7153308 
4.0 24.07528445 
4.0 31.9722424 
4.0 31.15257215 
4.0 29.04149605 
4.0 28.6299328 
4.0 26.12503215 
4.0 27.40918775 
4.0 32.4128679 
4.0 32.8732327 
4.0 32.38352005 
4.0 32.86578225 
4.0 31.99885115 
4.0 31.2113739 
4.0 27.16026565 
4.0 27.98168975 
