# Position.Z vs. Particle Type (97 data points):
# "Particle Type" Position.Z
1.0 0.0 
1.0 0.0 
1.0 0.0 
1.0 0.0 
1.0 0.0 
1.0 0.0 
1.0 0.0 
1.0 0.0 
1.0 0.0 
1.0 2.2741768 
1.0 2.2741768 
1.0 2.2741768 
1.0 2.2741768 
1.0 2.2741768 
1.0 2.2741768 
1.0 2.2741768 
1.0 2.2741768 
1.0 2.2741768 
1.0 4.81449045 
1.0 4.3655892 
1.0 4.0710516 
1.0 4.5796317 
1.0 4.22490145 
1.0 4.25132365 
1.0 5.4570901 
1.0 4.557959 
1.0 4.45398065 
1.0 7.09940175 
1.0 7.15442525 
1.0 8.2051277 
1.0 7.15585185 
1.0 6.48469815 
1.0 7.1549044 
1.0 6.6720283 
1.0 6.9579419 
1.0 6.5994334 
2.0 8.40717325 
2.0 13.27177635 
2.0 8.32566105 
3.0 9.60387715 
3.0 9.4541566 
3.0 13.0387915 
3.0 13.3649572 
3.0 13.1610955 
3.0 11.85305065 
3.0 9.77394565 
3.0 10.29621495 
3.0 17.2565554 
3.0 18.7383679 
3.0 17.91770505 
3.0 16.277506 
3.0 15.55656025 
3.0 20.58866285 
3.0 14.7691915 
3.0 20.7687529 
3.0 20.8348574 
3.0 23.6873805 
3.0 23.52050015 
3.0 24.69069645 
3.0 23.830457 
3.0 22.0456264 
4.0 13.16945945 
4.0 12.2432856 
4.0 12.75112055 
4.0 11.447303 
4.0 9.27007235 
4.0 9.22402425 
4.0 10.726723 
4.0 10.947041 
4.0 16.7613509 
4.0 16.6307687 
4.0 18.43197615 
4.0 17.9348911 
4.0 18.45648665 
4.0 18.56680595 
4.0 15.42353155 
4.0 16.0073088 
4.0 16.11110865 
4.0 15.22869565 
4.0 21.57761165 
4.0 20.3339738 
4.0 13.88608305 
4.0 15.34290485 
4.0 20.8497149 
4.0 19.923897 
4.0 21.2235751 
4.0 20.4938265 
4.0 23.48628485 
4.0 23.24732305 
4.0 23.6436473 
4.0 24.16859585 
4.0 25.64061325 
4.0 24.54803855 
4.0 23.04185275 
4.0 24.1516191 
4.0 21.82563635 
4.0 21.2657907 
