# Position.Z vs. Particle Type (97 data points):
# "Particle Type" Position.Z
1.0 0.0 
1.0 0.0 
1.0 0.0 
1.0 0.0 
1.0 0.0 
1.0 0.0 
1.0 0.0 
1.0 0.0 
1.0 0.0 
1.0 2.2741768 
1.0 2.2741768 
1.0 2.2741768 
1.0 2.2741768 
1.0 2.2741768 
1.0 2.2741768 
1.0 2.2741768 
1.0 2.2741768 
1.0 2.2741768 
1.0 4.94049535 
1.0 4.32047525 
1.0 5.7076257 
1.0 4.33270285 
1.0 4.40324675 
1.0 4.3012823 
1.0 4.59083415 
1.0 4.40653885 
1.0 4.84304065 
1.0 6.59450015 
1.0 7.45294165 
1.0 6.2060432 
1.0 6.7698876 
1.0 7.4009124 
1.0 7.1502963 
1.0 7.72290785 
1.0 7.56718235 
1.0 6.5409967 
2.0 8.5483587 
2.0 13.54692045 
2.0 8.28889425 
3.0 9.74157205 
3.0 9.48696 
3.0 13.4890098 
3.0 13.6720465 
3.0 10.10249975 
3.0 10.9879546 
3.0 30.62588095 
3.0 30.08323675 
3.0 18.2146776 
3.0 17.6071238 
3.0 19.7997184 
3.0 9.907653 
3.0 29.62607725 
3.0 27.9676677 
3.0 16.8093093 
3.0 32.50459135 
3.0 22.36528245 
3.0 32.1356 
3.0 25.5016804 
3.0 32.6576103 
3.0 21.88220265 
3.0 28.47371695 
4.0 10.4791344 
4.0 10.47043165 
4.0 11.8488195 
4.0 10.81831905 
4.0 29.6610503 
4.0 31.02329055 
4.0 30.3203964 
4.0 30.56414725 
4.0 18.2867944 
4.0 17.47811205 
4.0 17.1641841 
4.0 16.9526525 
4.0 20.70394865 
4.0 19.3912796 
4.0 10.1051482 
4.0 10.3945373 
4.0 30.1973112 
4.0 30.270723 
4.0 28.32415005 
4.0 28.6897667 
4.0 16.37266155 
4.0 17.4914467 
4.0 32.16944465 
4.0 32.4112166 
4.0 21.5867463 
4.0 23.02019475 
4.0 32.29451505 
4.0 32.0137678 
4.0 24.51033585 
4.0 25.5233559 
4.0 33.1599667 
4.0 31.8533047 
4.0 22.334522 
4.0 21.34801935 
4.0 27.9773361 
4.0 28.84435925 
