# Position.Z vs. Particle Type (97 data points):
# "Particle Type" Position.Z
1.0 0.0 
1.0 0.0 
1.0 0.0 
1.0 0.0 
1.0 0.0 
1.0 0.0 
1.0 0.0 
1.0 0.0 
1.0 0.0 
1.0 2.2741768 
1.0 2.2741768 
1.0 2.2741768 
1.0 2.2741768 
1.0 2.2741768 
1.0 2.2741768 
1.0 2.2741768 
1.0 2.2741768 
1.0 2.2741768 
1.0 4.437377 
1.0 4.3733438 
1.0 4.48300685 
1.0 4.44861935 
1.0 5.1639728 
1.0 5.09254725 
1.0 4.28734845 
1.0 4.3741425 
1.0 4.17266185 
1.0 7.8957879 
1.0 7.42354375 
1.0 6.925212 
1.0 6.4335572 
1.0 6.55405065 
1.0 6.8486691 
1.0 7.40214755 
1.0 7.00092785 
1.0 6.43955725 
2.0 7.92740865 
2.0 12.0553146 
2.0 8.85589005 
3.0 9.1866838 
3.0 10.0065343 
3.0 11.2231231 
3.0 12.8417835 
3.0 18.5911782 
3.0 12.20303875 
3.0 26.3895597 
3.0 28.49567525 
3.0 17.00137425 
3.0 24.0813874 
3.0 23.82902305 
3.0 9.5331138 
3.0 32.1773361 
3.0 27.16769335 
3.0 23.7722541 
3.0 29.6157883 
3.0 21.2902487 
3.0 31.3393808 
3.0 25.4544024 
3.0 31.30407385 
3.0 31.68779775 
3.0 29.70292885 
4.0 19.48501905 
4.0 18.2103005 
4.0 11.94221805 
4.0 13.1479474 
4.0 26.7036112 
4.0 25.66263805 
4.0 29.3940843 
4.0 28.1152452 
4.0 17.11825325 
4.0 17.6485176 
4.0 23.9121526 
4.0 23.72768405 
4.0 24.1594059 
4.0 24.70011075 
4.0 10.47721745 
4.0 10.1346385 
4.0 32.8567498 
4.0 32.19340145 
4.0 28.00269185 
4.0 27.26851785 
4.0 24.4083217 
4.0 24.28206935 
4.0 30.3574075 
4.0 28.83147085 
4.0 20.45855035 
4.0 21.8101121 
4.0 32.18513585 
4.0 31.12762975 
4.0 26.2281397 
4.0 24.91776455 
4.0 32.0184179 
4.0 31.93026025 
4.0 31.35789195 
4.0 30.84349905 
4.0 29.55865115 
4.0 30.5753175 
