# Position.Z vs. Particle Type (97 data points):
# "Particle Type" Position.Z
1.0 0.0 
1.0 0.0 
1.0 0.0 
1.0 0.0 
1.0 0.0 
1.0 0.0 
1.0 0.0 
1.0 0.0 
1.0 0.0 
1.0 2.2741768 
1.0 2.2741768 
1.0 2.2741768 
1.0 2.2741768 
1.0 2.2741768 
1.0 2.2741768 
1.0 2.2741768 
1.0 2.2741768 
1.0 2.2741768 
1.0 4.2403487 
1.0 4.398198 
1.0 4.2414043 
1.0 4.4180626 
1.0 4.45727485 
1.0 4.5207862 
1.0 4.62928725 
1.0 4.3778126 
1.0 5.62516675 
1.0 6.8551224 
1.0 7.0806519 
1.0 6.63696285 
1.0 6.91341875 
1.0 8.0741066 
1.0 7.01288315 
1.0 6.6037972 
1.0 6.48364745 
1.0 6.9370742 
2.0 8.0505348 
2.0 19.8155356 
2.0 8.04852055 
3.0 9.2312878 
3.0 9.26054745 
3.0 19.8816408 
3.0 19.5584746 
3.0 11.9733803 
3.0 15.1867723 
3.0 9.8440559 
3.0 10.0655541 
3.0 13.4827378 
3.0 32.0995458 
3.0 24.30797775 
3.0 29.7309768 
3.0 11.9050813 
3.0 28.990787 
3.0 27.4110998 
3.0 31.51613745 
3.0 31.6677732 
3.0 27.81054115 
3.0 29.6758833 
3.0 32.40707085 
3.0 32.4843414 
3.0 23.3759568 
4.0 12.1610566 
4.0 11.55155155 
4.0 14.42330855 
4.0 15.17409985 
4.0 9.64314155 
4.0 10.5114653 
4.0 9.4602214 
4.0 9.7199977 
4.0 12.85691995 
4.0 13.2780753 
4.0 32.6351529 
4.0 32.55128415 
4.0 24.376128 
4.0 23.7983809 
4.0 29.27381275 
4.0 30.55183005 
4.0 12.38852405 
4.0 11.5937948 
4.0 28.5215182 
4.0 28.26885005 
4.0 27.55688425 
4.0 26.6611282 
4.0 30.62108525 
4.0 31.41845735 
4.0 30.86868365 
4.0 31.832486 
4.0 27.2871403 
4.0 28.31983735 
4.0 30.34496815 
4.0 30.1515774 
4.0 32.0229742 
4.0 32.112717 
4.0 33.15880995 
4.0 32.8260121 
4.0 23.2445549 
4.0 22.54420385 
