# Position.Z vs. Particle Type (97 data points):
# "Particle Type" Position.Z
1.0 0.0 
1.0 0.0 
1.0 0.0 
1.0 0.0 
1.0 0.0 
1.0 0.0 
1.0 0.0 
1.0 0.0 
1.0 0.0 
1.0 2.2741768 
1.0 2.2741768 
1.0 2.2741768 
1.0 2.2741768 
1.0 2.2741768 
1.0 2.2741768 
1.0 2.2741768 
1.0 2.2741768 
1.0 2.2741768 
1.0 4.531569 
1.0 4.29862265 
1.0 4.14896615 
1.0 4.38258905 
1.0 5.04301805 
1.0 4.6415705 
1.0 4.6484389 
1.0 4.3703527 
1.0 4.43500645 
1.0 7.2489858 
1.0 7.06318655 
1.0 7.45596215 
1.0 6.3982989 
1.0 6.713511 
1.0 7.10570875 
1.0 7.0354389 
1.0 6.49723305 
1.0 6.44688835 
2.0 8.1780286 
2.0 13.1961893 
2.0 8.5322965 
3.0 9.3535477 
3.0 9.6711853 
3.0 13.7513614 
3.0 12.65585125 
3.0 15.8518934 
3.0 10.2103988 
3.0 27.2085135 
3.0 29.47419475 
3.0 20.9037374 
3.0 21.51284205 
3.0 23.1186263 
3.0 9.35323095 
3.0 32.53850565 
3.0 28.62183975 
3.0 22.57826095 
3.0 31.3310676 
3.0 20.78557285 
3.0 32.66777815 
3.0 25.22958375 
3.0 31.69223505 
3.0 30.89726955 
3.0 32.377464 
4.0 15.14114245 
4.0 15.62338155 
4.0 10.0896705 
4.0 10.2454975 
4.0 26.3027548 
4.0 27.5997589 
4.0 29.59819695 
4.0 28.7144914 
4.0 20.3189511 
4.0 21.11256175 
4.0 21.2379818 
4.0 20.7762338 
4.0 22.22326995 
4.0 23.2893444 
4.0 9.57365115 
4.0 9.69006955 
4.0 32.2610862 
4.0 31.9273969 
4.0 28.5678715 
4.0 29.584275 
4.0 22.1320071 
4.0 23.4641799 
4.0 31.28949355 
4.0 30.4317076 
4.0 19.9384878 
4.0 21.29662885 
4.0 32.8077099 
4.0 32.40085135 
4.0 25.94860135 
4.0 24.80334115 
4.0 32.66948895 
4.0 31.6168629 
4.0 29.9273772 
4.0 31.05050445 
4.0 33.15555355 
4.0 32.1773956 
