# Position.Z vs. Particle Type (97 data points):
# "Particle Type" Position.Z
1.0 0.0 
1.0 0.0 
1.0 0.0 
1.0 0.0 
1.0 0.0 
1.0 0.0 
1.0 0.0 
1.0 0.0 
1.0 0.0 
1.0 2.2741768 
1.0 2.2741768 
1.0 2.2741768 
1.0 2.2741768 
1.0 2.2741768 
1.0 2.2741768 
1.0 2.2741768 
1.0 2.2741768 
1.0 2.2741768 
1.0 5.5868932 
1.0 4.2145593 
1.0 5.4583431 
1.0 4.1714057 
1.0 4.42452395 
1.0 4.53544035 
1.0 4.36867305 
1.0 4.40122935 
1.0 4.3165262 
1.0 6.6106838 
1.0 6.98977475 
1.0 6.38718885 
1.0 6.54008075 
1.0 7.58049915 
1.0 7.310044 
1.0 6.7336682 
1.0 7.77842205 
1.0 8.11486935 
2.0 8.72695355 
2.0 13.1858475 
2.0 8.14117815 
3.0 9.8492135 
3.0 9.33725835 
3.0 13.14199285 
3.0 13.27273885 
3.0 28.72256695 
3.0 32.28053605 
3.0 16.50556355 
3.0 20.7749528 
3.0 9.84866155 
3.0 24.15854595 
3.0 10.505131 
3.0 21.1126965 
3.0 32.67886615 
3.0 32.10868815 
3.0 19.95482055 
3.0 31.63268885 
3.0 25.5607205 
3.0 23.2349425 
3.0 28.0684383 
3.0 27.00633215 
3.0 30.1086772 
3.0 25.61467335 
4.0 28.1527246 
4.0 28.56422205 
4.0 32.4589216 
4.0 32.44400985 
4.0 16.8633024 
4.0 17.2965492 
4.0 20.1189051 
4.0 21.62275885 
4.0 8.9410657 
4.0 10.1100706 
4.0 23.46918665 
4.0 23.93818455 
4.0 11.3133965 
4.0 10.62992945 
4.0 21.6369244 
4.0 21.2951907 
4.0 32.56422925 
4.0 32.6390085 
4.0 32.0803189 
4.0 32.8339452 
4.0 19.96228815 
4.0 19.07270155 
4.0 30.80141225 
4.0 31.7160137 
4.0 25.21650215 
4.0 26.08854815 
4.0 24.20967885 
4.0 22.929011 
4.0 28.11254705 
4.0 28.6238246 
4.0 26.22759195 
4.0 27.80874845 
4.0 30.737392 
4.0 30.16896225 
4.0 26.45696585 
4.0 25.7974717 
