# Position.Z vs. Particle Type (97 data points):
# "Particle Type" Position.Z
1.0 0.0 
1.0 0.0 
1.0 0.0 
1.0 0.0 
1.0 0.0 
1.0 0.0 
1.0 0.0 
1.0 0.0 
1.0 0.0 
1.0 2.2741768 
1.0 2.2741768 
1.0 2.2741768 
1.0 2.2741768 
1.0 2.2741768 
1.0 2.2741768 
1.0 2.2741768 
1.0 2.2741768 
1.0 2.2741768 
1.0 4.37051825 
1.0 4.4332512 
1.0 4.64967475 
1.0 4.19019475 
1.0 4.31297895 
1.0 4.6332321 
1.0 4.17045265 
1.0 4.7778094 
1.0 5.34299815 
1.0 7.4034933 
1.0 7.2460696 
1.0 6.34705155 
1.0 7.4936162 
1.0 7.82214615 
1.0 6.59424465 
1.0 6.87895285 
1.0 7.0098672 
1.0 7.033635 
2.0 8.314593 
2.0 18.04108145 
2.0 8.4815423 
3.0 9.48289055 
3.0 9.68024785 
3.0 19.0107988 
3.0 17.0108799 
3.0 9.8891219 
3.0 18.0588905 
3.0 9.5564644 
3.0 14.53605965 
3.0 17.6311555 
3.0 32.55129255 
3.0 22.5180809 
3.0 24.62282235 
3.0 12.86137195 
3.0 29.10910205 
3.0 25.5185147 
3.0 31.931207 
3.0 28.98202825 
3.0 27.85334545 
3.0 31.6026417 
3.0 32.23636045 
3.0 31.79180585 
3.0 26.74710045 
4.0 9.33311575 
4.0 10.6257781 
4.0 18.0576354 
4.0 17.094952 
4.0 10.14730115 
4.0 9.09722135 
4.0 13.9897702 
4.0 14.1156456 
4.0 17.57247205 
4.0 18.5074071 
4.0 32.33850445 
4.0 32.50930935 
4.0 21.8322601 
4.0 22.0233608 
4.0 24.63516965 
4.0 23.9807652 
4.0 12.02925395 
4.0 13.4953427 
4.0 29.7213413 
4.0 29.665608 
4.0 25.3840573 
4.0 26.48599835 
4.0 31.8757579 
4.0 31.3727785 
4.0 28.6057324 
4.0 28.56574525 
4.0 26.9090024 
4.0 28.05350205 
4.0 31.45849945 
4.0 32.4730091 
4.0 32.00203755 
4.0 32.7426225 
4.0 32.5926384 
4.0 30.9964508 
4.0 25.8318606 
4.0 27.2697964 
