# Position.Z vs. Particle Type (97 data points):
# "Particle Type" Position.Z
1.0 0.0 
1.0 0.0 
1.0 0.0 
1.0 0.0 
1.0 0.0 
1.0 0.0 
1.0 0.0 
1.0 0.0 
1.0 0.0 
1.0 2.2741768 
1.0 2.2741768 
1.0 2.2741768 
1.0 2.2741768 
1.0 2.2741768 
1.0 2.2741768 
1.0 2.2741768 
1.0 2.2741768 
1.0 2.2741768 
1.0 5.0222319 
1.0 4.4611007 
1.0 5.5176121 
1.0 4.2772408 
1.0 4.2462427 
1.0 4.3217734 
1.0 4.59879 
1.0 4.28942745 
1.0 4.48302365 
1.0 6.3232463 
1.0 6.81497495 
1.0 5.9768632 
1.0 7.03818465 
1.0 7.65147355 
1.0 7.3290084 
1.0 7.537467 
1.0 7.07822675 
1.0 6.78639605 
2.0 8.53664735 
2.0 12.7771329 
2.0 8.0987788 
3.0 9.78696495 
3.0 9.27053435 
3.0 13.40468325 
3.0 12.2422391 
3.0 10.7705913 
3.0 10.7059358 
3.0 30.87658 
3.0 30.17252945 
3.0 19.3128747 
3.0 17.73983995 
3.0 20.6342857 
3.0 9.3305737 
3.0 31.2623535 
3.0 27.40620645 
3.0 17.375309 
3.0 32.6673718 
3.0 22.79801965 
3.0 31.5285257 
3.0 24.5804167 
3.0 31.5546623 
3.0 22.9416551 
3.0 27.7764109 
4.0 11.177551 
4.0 11.6250974 
4.0 10.3619894 
4.0 10.1935372 
4.0 30.2983653 
4.0 31.81847305 
4.0 30.92297775 
4.0 29.360569 
4.0 19.20017575 
4.0 19.42379915 
4.0 17.037909 
4.0 17.43336805 
4.0 19.9260411 
4.0 21.0969955 
4.0 8.7685535 
4.0 10.2378794 
4.0 31.15005425 
4.0 30.326205 
4.0 27.1071059 
4.0 26.89156995 
4.0 16.675792 
4.0 18.20334005 
4.0 32.05186495 
4.0 32.7799122 
4.0 23.527154 
4.0 22.7906721 
4.0 31.6321852 
4.0 31.58349845 
4.0 23.99715815 
4.0 25.03712785 
4.0 32.05705615 
4.0 31.01347375 
4.0 23.28473525 
4.0 22.03050185 
4.0 27.47966865 
4.0 28.5130811 
