# Position.Z vs. Particle Type (97 data points):
# "Particle Type" Position.Z
1.0 0.0 
1.0 0.0 
1.0 0.0 
1.0 0.0 
1.0 0.0 
1.0 0.0 
1.0 0.0 
1.0 0.0 
1.0 0.0 
1.0 2.2741768 
1.0 2.2741768 
1.0 2.2741768 
1.0 2.2741768 
1.0 2.2741768 
1.0 2.2741768 
1.0 2.2741768 
1.0 2.2741768 
1.0 2.2741768 
1.0 4.556692 
1.0 4.1842444 
1.0 5.34707145 
1.0 4.3269485 
1.0 4.30553865 
1.0 4.19382915 
1.0 5.00827775 
1.0 4.41270165 
1.0 4.6364164 
1.0 6.50228005 
1.0 6.90253795 
1.0 6.2094431 
1.0 6.8125386 
1.0 7.6306258 
1.0 6.88663815 
1.0 7.82083785 
1.0 6.65932085 
1.0 6.29592635 
2.0 8.2136992 
2.0 13.03643145 
2.0 8.10866665 
3.0 9.3324539 
3.0 9.29916715 
3.0 12.6704319 
3.0 13.43194615 
3.0 9.56427395 
3.0 12.41806405 
3.0 31.8746526 
3.0 28.8703478 
3.0 17.54643485 
3.0 15.1472076 
3.0 22.8923919 
3.0 10.03496655 
3.0 28.64370145 
3.0 27.9058647 
3.0 18.26515285 
3.0 32.60391785 
3.0 19.1093959 
3.0 32.03731125 
3.0 28.8291234 
3.0 32.1108662 
3.0 18.090373 
3.0 30.2902145 
4.0 9.27787805 
4.0 9.46463 
4.0 12.63096205 
4.0 12.61633905 
4.0 31.1618384 
4.0 32.62808115 
4.0 28.71607515 
4.0 28.97794655 
4.0 17.08840245 
4.0 17.8273949 
4.0 14.436562 
4.0 15.0307486 
4.0 23.38944825 
4.0 22.67407135 
4.0 10.6747746 
4.0 9.7962361 
4.0 29.01038595 
4.0 29.2136579 
4.0 27.61456005 
4.0 27.1536839 
4.0 18.50289245 
4.0 17.4662894 
4.0 32.13791525 
4.0 32.3401239 
4.0 19.04871255 
4.0 18.9671258 
4.0 32.2833595 
4.0 32.72254825 
4.0 28.01950935 
4.0 28.7049875 
4.0 32.76661885 
4.0 31.6127455 
4.0 17.22448455 
4.0 18.3100736 
4.0 30.60328285 
4.0 30.63638375 
