# Position.Z vs. Particle Type (97 data points):
# "Particle Type" Position.Z
1.0 0.0 
1.0 0.0 
1.0 0.0 
1.0 0.0 
1.0 0.0 
1.0 0.0 
1.0 0.0 
1.0 0.0 
1.0 0.0 
1.0 2.2741768 
1.0 2.2741768 
1.0 2.2741768 
1.0 2.2741768 
1.0 2.2741768 
1.0 2.2741768 
1.0 2.2741768 
1.0 2.2741768 
1.0 2.2741768 
1.0 5.2490326 
1.0 4.3667988 
1.0 5.4517869 
1.0 4.3872458 
1.0 4.322493 
1.0 4.4416295 
1.0 4.35662325 
1.0 4.6761827 
1.0 4.22259355 
1.0 7.1187795 
1.0 6.6502226 
1.0 6.5432857 
1.0 6.33445925 
1.0 7.47866105 
1.0 7.24563945 
1.0 7.32219565 
1.0 8.18383545 
1.0 6.81023945 
2.0 8.7129336 
2.0 15.03781265 
2.0 8.4709184 
3.0 9.7501544 
3.0 9.55551275 
3.0 14.10667965 
3.0 15.7683806 
3.0 24.36802445 
3.0 22.71833515 
3.0 25.6249231 
3.0 21.31834285 
3.0 9.19896565 
3.0 27.9461791 
3.0 10.7832795 
3.0 17.85812595 
3.0 32.3448769 
3.0 29.34173655 
3.0 23.6719882 
3.0 30.72730815 
3.0 16.2019494 
3.0 29.78845695 
3.0 26.38398385 
3.0 31.85862085 
3.0 32.3084412 
3.0 32.61231645 
4.0 23.47854215 
4.0 24.7339456 
4.0 22.1306526 
4.0 23.5745503 
4.0 26.07230675 
4.0 25.14809255 
4.0 21.9237011 
4.0 21.6878606 
4.0 9.375856 
4.0 9.41625475 
4.0 27.15113765 
4.0 28.6428086 
4.0 10.1143294 
4.0 11.5120103 
4.0 18.3634962 
4.0 17.7165786 
4.0 32.27616665 
4.0 32.5558408 
4.0 30.0650868 
4.0 28.49267645 
4.0 24.49278895 
4.0 22.98328725 
4.0 30.20040975 
4.0 30.17814205 
4.0 16.43335505 
4.0 16.02739075 
4.0 29.9445412 
4.0 30.15902785 
4.0 26.8501205 
4.0 27.030318 
4.0 32.84512175 
4.0 31.82184075 
4.0 32.8861134 
4.0 32.11411175 
4.0 32.60160995 
4.0 32.59750795 
