# Position.Z vs. Particle Type (97 data points):
# "Particle Type" Position.Z
1.0 0.0 
1.0 0.0 
1.0 0.0 
1.0 0.0 
1.0 0.0 
1.0 0.0 
1.0 0.0 
1.0 0.0 
1.0 0.0 
1.0 2.2741768 
1.0 2.2741768 
1.0 2.2741768 
1.0 2.2741768 
1.0 2.2741768 
1.0 2.2741768 
1.0 2.2741768 
1.0 2.2741768 
1.0 2.2741768 
1.0 4.9275569 
1.0 4.476857 
1.0 4.8967793 
1.0 4.2823137 
1.0 4.4783984 
1.0 4.39356435 
1.0 4.29653 
1.0 4.3490174 
1.0 4.5633637 
1.0 6.4864429 
1.0 6.3061271 
1.0 6.4483678 
1.0 6.7285939 
1.0 7.456897 
1.0 7.04367755 
1.0 6.96584665 
1.0 7.312256 
1.0 7.41338045 
2.0 8.4142058 
2.0 13.46065875 
2.0 7.77736995 
3.0 9.5856845 
3.0 8.9475204 
3.0 14.44919455 
3.0 12.53151375 
3.0 11.98962695 
3.0 12.37057815 
3.0 9.52518735 
3.0 8.969877 
3.0 29.8437685 
3.0 27.8134164 
3.0 25.8796384 
3.0 27.69824225 
3.0 24.53536225 
3.0 26.6749588 
3.0 10.82357185 
3.0 31.2711784 
3.0 30.01780355 
3.0 28.9522877 
3.0 32.535188 
3.0 31.7845486 
3.0 31.32085775 
3.0 32.39911255 
4.0 11.2690606 
4.0 12.18584745 
4.0 13.31246105 
4.0 11.8523825 
4.0 8.9701913 
4.0 9.72059095 
4.0 9.61305135 
4.0 9.19806405 
4.0 30.76412325 
4.0 29.4262374 
4.0 27.66649095 
4.0 27.0306491 
4.0 26.1554265 
4.0 25.3746759 
4.0 26.80698265 
4.0 28.30948365 
4.0 23.56993975 
4.0 24.8125255 
4.0 27.45565025 
4.0 26.71285715 
4.0 10.50247695 
4.0 10.0048403 
4.0 31.8526481 
4.0 30.37905675 
4.0 30.6291517 
4.0 30.6855185 
4.0 28.3545773 
4.0 29.064308 
4.0 32.1980841 
4.0 31.9763668 
4.0 32.42400245 
4.0 31.8365257 
4.0 30.8248465 
4.0 30.7196071 
4.0 32.5256253 
4.0 32.96762525 
