# Position.Z vs. Particle Type (97 data points):
# "Particle Type" Position.Z
1.0 0.0 
1.0 0.0 
1.0 0.0 
1.0 0.0 
1.0 0.0 
1.0 0.0 
1.0 0.0 
1.0 0.0 
1.0 0.0 
1.0 2.2741768 
1.0 2.2741768 
1.0 2.2741768 
1.0 2.2741768 
1.0 2.2741768 
1.0 2.2741768 
1.0 2.2741768 
1.0 2.2741768 
1.0 2.2741768 
1.0 4.32776715 
1.0 4.26649055 
1.0 6.045725 
1.0 4.3004311 
1.0 4.3008581 
1.0 4.2171941 
1.0 4.6960613 
1.0 4.8544958 
1.0 4.78622025 
1.0 6.73259965 
1.0 7.1055712 
1.0 6.3701092 
1.0 6.74374645 
1.0 7.51482165 
1.0 7.27038795 
1.0 8.1506754 
1.0 6.63939465 
1.0 6.56953815 
2.0 8.57781015 
2.0 12.1167767 
2.0 8.0111941 
3.0 9.68844835 
3.0 9.20847165 
3.0 11.5681475 
3.0 12.72084275 
3.0 13.68057495 
3.0 10.36865375 
3.0 30.03624855 
3.0 26.1250024 
3.0 20.48495015 
3.0 17.21614615 
3.0 23.3124024 
3.0 10.12426625 
3.0 32.31093705 
3.0 26.76911335 
3.0 21.80776185 
3.0 32.051684 
3.0 22.9339341 
3.0 31.4142948 
3.0 25.67060895 
3.0 32.59359355 
3.0 23.78251295 
3.0 27.71552455 
4.0 14.1279327 
4.0 13.84333615 
4.0 11.3252503 
4.0 10.263316 
4.0 29.41249465 
4.0 30.6654404 
4.0 25.3088738 
4.0 26.28637235 
4.0 20.60805985 
4.0 21.2297729 
4.0 18.09615045 
4.0 17.18251885 
4.0 23.00866855 
4.0 24.2261292 
4.0 10.20537735 
4.0 10.4751948 
4.0 32.54389845 
4.0 32.2437654 
4.0 26.9614198 
4.0 27.59920275 
4.0 20.8303263 
4.0 21.95505375 
4.0 32.85773575 
4.0 31.60578015 
4.0 22.84250815 
4.0 23.85805205 
4.0 32.30010595 
4.0 30.95743735 
4.0 25.69633045 
4.0 24.77657805 
4.0 32.111303 
4.0 32.8803496 
4.0 23.69616095 
4.0 24.00464115 
4.0 27.16536795 
4.0 28.3842377 
