# Position.Z vs. Particle Type (97 data points):
# "Particle Type" Position.Z
1.0 0.0 
1.0 0.0 
1.0 0.0 
1.0 0.0 
1.0 0.0 
1.0 0.0 
1.0 0.0 
1.0 0.0 
1.0 0.0 
1.0 2.2741768 
1.0 2.2741768 
1.0 2.2741768 
1.0 2.2741768 
1.0 2.2741768 
1.0 2.2741768 
1.0 2.2741768 
1.0 2.2741768 
1.0 2.2741768 
1.0 5.60962815 
1.0 4.23635975 
1.0 4.69820505 
1.0 4.2511973 
1.0 4.2607803 
1.0 4.39857005 
1.0 4.6654503 
1.0 4.41010045 
1.0 4.3547728 
1.0 6.4616503 
1.0 6.8316962 
1.0 6.26916745 
1.0 6.65638085 
1.0 7.0886473 
1.0 8.0117891 
1.0 6.6083906 
1.0 7.39212705 
1.0 7.769454 
2.0 8.6129484 
2.0 14.98585165 
2.0 7.88130315 
3.0 9.7054188 
3.0 9.06376415 
3.0 14.73278695 
3.0 15.2053979 
3.0 28.9841237 
3.0 31.5550417 
3.0 20.4454635 
3.0 18.36424275 
3.0 9.5099011 
3.0 26.0365063 
3.0 10.52374015 
3.0 21.03281215 
3.0 31.4723626 
3.0 32.8822452 
3.0 19.00500035 
3.0 31.44983625 
3.0 23.8979559 
3.0 25.2439257 
3.0 27.15557145 
3.0 28.4323816 
3.0 31.44022455 
3.0 28.3799355 
4.0 29.75439915 
4.0 29.50303895 
4.0 30.84732875 
4.0 32.35680945 
4.0 20.6430882 
4.0 19.46491435 
4.0 18.10957505 
4.0 17.6419432 
4.0 10.3444628 
4.0 9.3274489 
4.0 25.21494675 
4.0 26.7034453 
4.0 11.35915795 
4.0 10.07496525 
4.0 20.4036273 
4.0 20.9491982 
4.0 31.3478382 
4.0 30.98071445 
4.0 32.12696585 
4.0 32.6407711 
4.0 19.96667575 
4.0 18.7186377 
4.0 32.3573901 
4.0 31.67086685 
4.0 23.167256 
4.0 24.18950975 
4.0 26.126737 
4.0 25.0984384 
4.0 26.85366775 
4.0 28.1295427 
4.0 27.6602809 
4.0 28.7999138 
4.0 31.10397885 
4.0 30.96776865 
4.0 28.1176693 
4.0 27.5097067 
