# Position.Z vs. Particle Type (97 data points):
# "Particle Type" Position.Z
1.0 0.0 
1.0 0.0 
1.0 0.0 
1.0 0.0 
1.0 0.0 
1.0 0.0 
1.0 0.0 
1.0 0.0 
1.0 0.0 
1.0 2.2741768 
1.0 2.2741768 
1.0 2.2741768 
1.0 2.2741768 
1.0 2.2741768 
1.0 2.2741768 
1.0 2.2741768 
1.0 2.2741768 
1.0 2.2741768 
1.0 4.18833625 
1.0 5.01576145 
1.0 4.85685025 
1.0 4.502925 
1.0 4.21934485 
1.0 4.6541376 
1.0 4.54756295 
1.0 4.29202655 
1.0 4.3185142 
1.0 6.8680507 
1.0 7.1778308 
1.0 7.0973371 
1.0 6.58029085 
1.0 6.4878912 
1.0 7.12845455 
1.0 7.8503768 
1.0 7.098651 
1.0 6.55331845 
2.0 8.0539802 
2.0 14.15395975 
2.0 8.00130485 
3.0 9.26923025 
3.0 9.24276465 
3.0 14.377874 
3.0 14.0419468 
3.0 18.8069854 
3.0 11.21063125 
3.0 27.42935265 
3.0 28.1904938 
3.0 15.00556295 
3.0 25.85025695 
3.0 24.68713135 
3.0 9.535358 
3.0 31.73618665 
3.0 29.2713078 
3.0 24.37602615 
3.0 30.9836821 
3.0 20.0001669 
3.0 32.09931935 
3.0 27.27480455 
3.0 32.58419745 
3.0 31.8434998 
3.0 28.90622875 
4.0 17.81639265 
4.0 19.15294255 
4.0 11.3295504 
4.0 11.01320535 
4.0 26.94725005 
4.0 28.1882335 
4.0 28.2974573 
4.0 27.3686812 
4.0 14.38600345 
4.0 15.40911015 
4.0 26.2896319 
4.0 26.4506011 
4.0 24.23691795 
4.0 24.2114607 
4.0 9.801274 
4.0 10.00697285 
4.0 32.4625091 
4.0 31.84830915 
4.0 29.92348765 
4.0 29.21939475 
4.0 23.45028175 
4.0 24.7123625 
4.0 30.1909972 
4.0 31.46344565 
4.0 19.4531183 
4.0 19.38626025 
4.0 31.5577003 
4.0 31.69481455 
4.0 26.4129334 
4.0 27.7948475 
4.0 31.80630915 
4.0 32.2736078 
4.0 32.71885505 
4.0 31.89893525 
4.0 28.2674679 
4.0 28.7594342 
