# Position.Z vs. Particle Type (97 data points):
# "Particle Type" Position.Z
1.0 0.0 
1.0 0.0 
1.0 0.0 
1.0 0.0 
1.0 0.0 
1.0 0.0 
1.0 0.0 
1.0 0.0 
1.0 0.0 
1.0 2.2741768 
1.0 2.2741768 
1.0 2.2741768 
1.0 2.2741768 
1.0 2.2741768 
1.0 2.2741768 
1.0 2.2741768 
1.0 2.2741768 
1.0 2.2741768 
1.0 4.55451115 
1.0 4.37841985 
1.0 4.4045694 
1.0 5.1205154 
1.0 4.42556345 
1.0 4.3682233 
1.0 4.2557613 
1.0 5.27581705 
1.0 4.5450853 
1.0 7.2210621 
1.0 7.6254934 
1.0 6.5023924 
1.0 7.7475783 
1.0 6.32036475 
1.0 7.388003 
1.0 6.51393015 
1.0 6.46101925 
1.0 7.4736494 
2.0 8.6763761 
2.0 18.07442035 
2.0 8.69926785 
3.0 9.76382225 
3.0 9.8933835 
3.0 18.9349748 
3.0 17.2547928 
3.0 13.12456845 
3.0 15.2648552 
3.0 14.46879105 
3.0 13.4709547 
3.0 10.14619305 
3.0 32.58694775 
3.0 21.15557675 
3.0 24.10219035 
3.0 14.4171545 
3.0 22.8328744 
3.0 20.8661894 
3.0 27.43442695 
3.0 31.30992725 
3.0 23.4196074 
3.0 31.2838064 
3.0 29.3565741 
3.0 30.03866145 
3.0 22.6613107 
4.0 12.8785937 
4.0 12.60448 
4.0 14.9494072 
4.0 15.11317955 
4.0 13.7095476 
4.0 14.36947715 
4.0 13.8038033 
4.0 14.24277295 
4.0 10.5067214 
4.0 10.572527 
4.0 32.16078495 
4.0 32.12313825 
4.0 21.9235716 
4.0 21.5237155 
4.0 23.7355503 
4.0 23.7105526 
4.0 13.98655055 
4.0 15.35061955 
4.0 22.7477033 
4.0 23.475515 
4.0 20.92058815 
4.0 20.4944173 
4.0 26.85478495 
4.0 27.27643205 
4.0 32.27321685 
4.0 31.0404661 
4.0 23.8258622 
4.0 23.82948505 
4.0 32.0434485 
4.0 31.0281629 
4.0 30.2214248 
4.0 29.1206062 
4.0 29.7607177 
4.0 30.5922267 
4.0 21.9542708 
4.0 22.17988115 
