# Position.Z vs. Particle Type (97 data points):
# "Particle Type" Position.Z
1.0 0.0 
1.0 0.0 
1.0 0.0 
1.0 0.0 
1.0 0.0 
1.0 0.0 
1.0 0.0 
1.0 0.0 
1.0 0.0 
1.0 2.2741768 
1.0 2.2741768 
1.0 2.2741768 
1.0 2.2741768 
1.0 2.2741768 
1.0 2.2741768 
1.0 2.2741768 
1.0 2.2741768 
1.0 2.2741768 
1.0 4.36229745 
1.0 4.1854673 
1.0 4.4041746 
1.0 4.5772447 
1.0 4.43213225 
1.0 4.3595055 
1.0 4.50162195 
1.0 4.9876414 
1.0 4.5070606 
1.0 6.7333042 
1.0 6.74807805 
1.0 6.63479705 
1.0 7.16026605 
1.0 6.4515913 
1.0 7.0263193 
1.0 6.26067155 
1.0 6.97465055 
1.0 6.5882831 
2.0 8.1974578 
2.0 12.0976632 
2.0 8.1830889 
3.0 9.32264515 
3.0 9.39480955 
3.0 10.932502 
3.0 13.2517098 
3.0 16.5784752 
3.0 26.0304996 
3.0 14.07126105 
3.0 9.3495927 
3.0 9.57052845 
3.0 21.33758235 
3.0 14.04935735 
3.0 20.9469834 
3.0 27.673751 
3.0 31.70181455 
3.0 11.9071659 
3.0 20.7948447 
3.0 28.7734076 
3.0 19.04494445 
3.0 25.7645773 
3.0 28.3949169 
3.0 32.0373914 
3.0 15.4744583 
4.0 15.89689955 
4.0 17.4426336 
4.0 25.4929899 
4.0 26.7971494 
4.0 13.98441905 
4.0 14.018039 
4.0 9.65845615 
4.0 9.55736705 
4.0 9.9965502 
4.0 9.76079125 
4.0 21.1995581 
4.0 22.294468 
4.0 13.5851786 
4.0 14.8262527 
4.0 21.26108285 
4.0 20.15946905 
4.0 27.90472405 
4.0 28.2650116 
4.0 32.23094035 
4.0 31.7904195 
4.0 12.349624 
4.0 12.6888727 
4.0 19.9830351 
4.0 21.4746553 
4.0 29.3796125 
4.0 28.7304668 
4.0 18.5441795 
4.0 19.9039512 
4.0 25.81392205 
4.0 26.67175035 
4.0 28.187943 
4.0 28.48659625 
4.0 31.4594595 
4.0 32.5392501 
4.0 15.9121928 
4.0 15.2354174 
