# Position.Z vs. Particle Type (97 data points):
# "Particle Type" Position.Z
1.0 0.0 
1.0 0.0 
1.0 0.0 
1.0 0.0 
1.0 0.0 
1.0 0.0 
1.0 0.0 
1.0 0.0 
1.0 0.0 
1.0 2.2741768 
1.0 2.2741768 
1.0 2.2741768 
1.0 2.2741768 
1.0 2.2741768 
1.0 2.2741768 
1.0 2.2741768 
1.0 2.2741768 
1.0 2.2741768 
1.0 5.09772235 
1.0 4.34403305 
1.0 4.26836095 
1.0 4.3316161 
1.0 4.29643725 
1.0 4.8185949 
1.0 4.2816284 
1.0 4.7475127 
1.0 4.21239945 
1.0 7.2496998 
1.0 6.84384435 
1.0 6.4953378 
1.0 6.5551353 
1.0 6.5859381 
1.0 7.59424855 
1.0 6.46281475 
1.0 7.00730905 
1.0 7.6382642 
2.0 8.4518574 
2.0 11.94207665 
2.0 8.2831637 
3.0 9.56220615 
3.0 9.46980615 
3.0 12.15144805 
3.0 11.56638175 
3.0 11.00920555 
3.0 26.71931185 
3.0 16.84201155 
3.0 10.7075136 
3.0 9.5274914 
3.0 29.307712 
3.0 19.1821084 
3.0 25.86708985 
3.0 20.93744065 
3.0 32.5645726 
3.0 17.662435 
3.0 29.1758397 
3.0 32.1514319 
3.0 22.3400268 
3.0 32.4650039 
3.0 30.04945265 
3.0 31.6653029 
3.0 16.63503345 
4.0 10.1387874 
4.0 11.3691543 
4.0 26.58347965 
4.0 27.3316309 
4.0 16.1271733 
4.0 17.3456997 
4.0 11.2410781 
4.0 10.4532183 
4.0 10.21151145 
4.0 9.58775475 
4.0 28.8734068 
4.0 29.6160018 
4.0 19.53906815 
4.0 18.638137 
4.0 24.9540697 
4.0 26.3064109 
4.0 20.6396393 
4.0 21.10327345 
4.0 32.7143208 
4.0 32.2557305 
4.0 17.679053 
4.0 18.4877917 
4.0 29.55968505 
4.0 28.2902179 
4.0 33.0155049 
4.0 31.8857126 
4.0 21.856772 
4.0 21.9924565 
4.0 32.37768765 
4.0 31.9386256 
4.0 30.3503417 
4.0 29.2048869 
4.0 32.1037437 
4.0 32.4617727 
4.0 16.0964713 
4.0 16.47266985 
