# Position.Z vs. Particle Type (97 data points):
# "Particle Type" Position.Z
1.0 0.0 
1.0 0.0 
1.0 0.0 
1.0 0.0 
1.0 0.0 
1.0 0.0 
1.0 0.0 
1.0 0.0 
1.0 0.0 
1.0 2.2741768 
1.0 2.2741768 
1.0 2.2741768 
1.0 2.2741768 
1.0 2.2741768 
1.0 2.2741768 
1.0 2.2741768 
1.0 2.2741768 
1.0 2.2741768 
1.0 5.24632745 
1.0 4.3232259 
1.0 4.91597295 
1.0 4.0731614 
1.0 4.2991123 
1.0 4.26619935 
1.0 4.66928455 
1.0 4.48645855 
1.0 4.595374 
1.0 7.1147839 
1.0 6.48702355 
1.0 6.39174025 
1.0 6.61457895 
1.0 7.2713123 
1.0 7.24736495 
1.0 6.82249785 
1.0 7.3093188 
1.0 7.96480965 
2.0 8.44690245 
2.0 13.87809325 
2.0 8.10376105 
3.0 9.65595295 
3.0 9.2774374 
3.0 13.8227166 
3.0 13.96673915 
3.0 30.04636495 
3.0 30.7934494 
3.0 17.644725 
3.0 20.29415255 
3.0 9.9942724 
3.0 25.0598019 
3.0 10.4159615 
3.0 21.81638585 
3.0 31.4543187 
3.0 32.63691865 
3.0 19.3564063 
3.0 32.7748309 
3.0 25.0151181 
3.0 23.3041949 
3.0 27.0216695 
3.0 27.55829685 
3.0 30.33349515 
3.0 26.83369815 
4.0 29.2471613 
4.0 30.18971235 
4.0 31.7757958 
4.0 30.6712154 
4.0 17.76085885 
4.0 16.73090125 
4.0 19.51531575 
4.0 20.11422175 
4.0 9.6661817 
4.0 10.78195475 
4.0 25.0003411 
4.0 25.6395825 
4.0 10.3277153 
4.0 10.09979495 
4.0 21.6641033 
4.0 21.17463215 
4.0 30.6457802 
4.0 32.08884 
4.0 32.75034735 
4.0 32.2687904 
4.0 19.57742605 
4.0 20.21790925 
4.0 32.03472055 
4.0 32.27769545 
4.0 25.30967565 
4.0 25.01121035 
4.0 22.3438201 
4.0 23.4526306 
4.0 26.41079875 
4.0 27.82420445 
4.0 27.4293691 
4.0 26.9197852 
4.0 30.3447452 
4.0 30.2090866 
4.0 26.5517098 
4.0 27.315862 
