# Position.Z vs. Particle Type (97 data points):
# "Particle Type" Position.Z
1.0 0.0 
1.0 0.0 
1.0 0.0 
1.0 0.0 
1.0 0.0 
1.0 0.0 
1.0 0.0 
1.0 0.0 
1.0 0.0 
1.0 2.2741768 
1.0 2.2741768 
1.0 2.2741768 
1.0 2.2741768 
1.0 2.2741768 
1.0 2.2741768 
1.0 2.2741768 
1.0 2.2741768 
1.0 2.2741768 
1.0 4.6251688 
1.0 4.86874885 
1.0 4.4123856 
1.0 4.208281 
1.0 5.0131305 
1.0 5.0213296 
1.0 4.8125532 
1.0 4.3599276 
1.0 4.1867042 
1.0 8.12850885 
1.0 7.75732895 
1.0 6.9771744 
1.0 6.87240715 
1.0 7.21802025 
1.0 6.88759295 
1.0 7.3856748 
1.0 6.9068489 
1.0 6.364106 
2.0 8.2822621 
2.0 19.2060701 
2.0 8.708833 
3.0 9.4097024 
3.0 9.78416075 
3.0 19.5182512 
3.0 18.966906 
3.0 22.1746427 
3.0 16.84975845 
3.0 23.48191475 
3.0 25.2931336 
3.0 9.37634145 
3.0 25.9330281 
3.0 18.7221783 
3.0 9.69730965 
3.0 31.7678788 
3.0 30.9603245 
3.0 25.2964817 
3.0 32.29750335 
3.0 11.6374573 
3.0 29.7754919 
3.0 23.2035083 
3.0 32.130504 
3.0 32.52616955 
3.0 25.8586293 
4.0 22.8274501 
4.0 22.56125305 
4.0 17.81000865 
4.0 16.5636198 
4.0 22.5735916 
4.0 24.0175663 
4.0 25.9962227 
4.0 25.3242283 
4.0 10.10403625 
4.0 8.81120555 
4.0 26.51310515 
4.0 25.3224594 
4.0 19.3986527 
4.0 18.07511965 
4.0 10.1009069 
4.0 10.2145281 
4.0 31.7517207 
4.0 32.27818545 
4.0 30.66990325 
4.0 31.91565895 
4.0 25.5519306 
4.0 24.61099725 
4.0 32.61875505 
4.0 32.5503262 
4.0 12.0353821 
4.0 10.95741465 
4.0 29.3660878 
4.0 30.6194609 
4.0 23.85096 
4.0 22.75567875 
4.0 31.455627 
4.0 32.24870635 
4.0 32.8495293 
4.0 32.32109405 
4.0 25.96339095 
4.0 24.9659879 
