# Position.Z vs. Particle Type (97 data points):
# "Particle Type" Position.Z
1.0 0.0 
1.0 0.0 
1.0 0.0 
1.0 0.0 
1.0 0.0 
1.0 0.0 
1.0 0.0 
1.0 0.0 
1.0 0.0 
1.0 2.2741768 
1.0 2.2741768 
1.0 2.2741768 
1.0 2.2741768 
1.0 2.2741768 
1.0 2.2741768 
1.0 2.2741768 
1.0 2.2741768 
1.0 2.2741768 
1.0 4.47652695 
1.0 4.43631895 
1.0 4.31475905 
1.0 4.76194355 
1.0 4.69281785 
1.0 5.2505446 
1.0 4.3049055 
1.0 4.3848133 
1.0 4.26039005 
1.0 7.40612215 
1.0 7.4877187 
1.0 6.7325503 
1.0 6.52002645 
1.0 6.4114141 
1.0 6.4399125 
1.0 6.6398269 
1.0 7.00417655 
1.0 6.86339465 
2.0 8.0426115 
2.0 22.23149215 
2.0 8.1891964 
3.0 9.16282325 
3.0 9.22174645 
3.0 21.4503093 
3.0 22.9613083 
3.0 13.2152293 
3.0 11.6672773 
3.0 9.86559945 
3.0 13.4082963 
3.0 9.52591815 
3.0 32.4730406 
3.0 23.90871945 
3.0 26.07264135 
3.0 10.9126612 
3.0 25.0304313 
3.0 22.3084274 
3.0 32.59400165 
3.0 31.6906191 
3.0 28.83064695 
3.0 31.9844014 
3.0 31.12231815 
3.0 29.98968105 
3.0 20.66363985 
4.0 13.75575005 
4.0 12.26718605 
4.0 11.2832391 
4.0 12.6219744 
4.0 10.01816935 
4.0 9.50862325 
4.0 13.2476736 
4.0 12.73059375 
4.0 9.9148728 
4.0 9.43454295 
4.0 32.57564135 
4.0 32.731426 
4.0 24.5588903 
4.0 23.18337945 
4.0 26.53036785 
4.0 26.6580713 
4.0 11.0016942 
4.0 11.5147655 
4.0 25.0229098 
4.0 25.1604752 
4.0 22.4219933 
4.0 22.76308545 
4.0 31.7817983 
4.0 32.1283711 
4.0 32.70032815 
4.0 31.6175111 
4.0 29.45386115 
4.0 28.0463771 
4.0 32.81674235 
4.0 31.24278745 
4.0 30.8700679 
4.0 31.5235277 
4.0 29.54329595 
4.0 30.49037215 
4.0 21.54177165 
4.0 20.27461415 
