# Position.Z vs. Particle Type (97 data points):
# "Particle Type" Position.Z
1.0 0.0 
1.0 0.0 
1.0 0.0 
1.0 0.0 
1.0 0.0 
1.0 0.0 
1.0 0.0 
1.0 0.0 
1.0 0.0 
1.0 2.2741768 
1.0 2.2741768 
1.0 2.2741768 
1.0 2.2741768 
1.0 2.2741768 
1.0 2.2741768 
1.0 2.2741768 
1.0 2.2741768 
1.0 2.2741768 
1.0 4.66538135 
1.0 4.39150565 
1.0 6.0061092 
1.0 4.43939335 
1.0 4.47515915 
1.0 4.35292305 
1.0 4.91841665 
1.0 4.44739505 
1.0 4.7296417 
1.0 6.87404445 
1.0 7.088431 
1.0 6.8427674 
1.0 6.87351735 
1.0 7.86254105 
1.0 6.90380775 
1.0 8.38110665 
1.0 7.42711655 
1.0 6.55743585 
2.0 8.5298654 
2.0 14.19837615 
2.0 8.31557195 
3.0 9.63649715 
3.0 9.49812255 
3.0 13.51609665 
3.0 14.90866685 
3.0 10.71088375 
3.0 12.2094434 
3.0 31.00779815 
3.0 30.3531886 
3.0 17.19692625 
3.0 15.31868415 
3.0 20.19395805 
3.0 9.8032074 
3.0 28.71966895 
3.0 27.89883285 
3.0 16.98729585 
3.0 32.64257535 
3.0 21.3219405 
3.0 31.83989095 
3.0 25.98763965 
3.0 31.19123385 
3.0 21.1138116 
3.0 29.17983845 
4.0 11.150209 
4.0 10.6448055 
4.0 12.21374105 
4.0 12.9167332 
4.0 31.6079953 
4.0 31.4529971 
4.0 29.78527685 
4.0 30.4814608 
4.0 17.175452 
4.0 16.7797581 
4.0 15.5820504 
4.0 16.08852735 
4.0 20.5021306 
4.0 19.71840535 
4.0 9.33950815 
4.0 9.98009215 
4.0 28.87888255 
4.0 28.9599317 
4.0 27.7021164 
4.0 27.621909 
4.0 17.5819168 
4.0 16.6071367 
4.0 31.93552635 
4.0 32.26475875 
4.0 21.8366029 
4.0 20.6707368 
4.0 31.4748644 
4.0 32.70056615 
4.0 25.41072345 
4.0 25.6941363 
4.0 31.03961875 
4.0 30.39197525 
4.0 20.3252602 
4.0 21.6009836 
4.0 29.9426883 
4.0 28.4774721 
