# Position.Z vs. Particle Type (97 data points):
# "Particle Type" Position.Z
1.0 0.0 
1.0 0.0 
1.0 0.0 
1.0 0.0 
1.0 0.0 
1.0 0.0 
1.0 0.0 
1.0 0.0 
1.0 0.0 
1.0 2.2741768 
1.0 2.2741768 
1.0 2.2741768 
1.0 2.2741768 
1.0 2.2741768 
1.0 2.2741768 
1.0 2.2741768 
1.0 2.2741768 
1.0 2.2741768 
1.0 4.67212305 
1.0 4.44558835 
1.0 5.3762597 
1.0 4.6435361 
1.0 4.277609 
1.0 4.58710945 
1.0 4.62139475 
1.0 4.40875575 
1.0 4.3789228 
1.0 6.59132005 
1.0 6.973288 
1.0 6.9101697 
1.0 6.6334961 
1.0 7.13670965 
1.0 6.92778555 
1.0 7.9032555 
1.0 7.90538945 
1.0 6.8267353 
2.0 8.4666568 
2.0 12.98985205 
2.0 8.10894525 
3.0 9.53523515 
3.0 9.30134555 
3.0 12.7607256 
3.0 13.3873425 
3.0 9.997162 
3.0 14.1306963 
3.0 32.2348061 
3.0 26.9999303 
3.0 16.5152792 
3.0 13.1522398 
3.0 25.6804233 
3.0 12.84392375 
3.0 26.77672515 
3.0 28.69889855 
3.0 19.55524865 
3.0 31.35542445 
3.0 17.02248765 
3.0 31.91861365 
3.0 29.0172323 
3.0 32.0897353 
3.0 17.6329839 
3.0 32.74988605 
4.0 10.88861095 
4.0 10.062031 
4.0 14.5190451 
4.0 14.19726315 
4.0 31.4918457 
4.0 32.9108906 
4.0 26.2365992 
4.0 26.7259755 
4.0 16.07739315 
4.0 15.82943635 
4.0 12.53736645 
4.0 13.8959268 
4.0 25.6322892 
4.0 24.77971475 
4.0 11.9101311 
4.0 12.8782325 
4.0 26.4480601 
4.0 27.63259205 
4.0 28.28678895 
4.0 29.66482645 
4.0 20.3578578 
4.0 19.0706236 
4.0 31.21690495 
4.0 30.4795603 
4.0 17.05471845 
4.0 16.26312765 
4.0 31.92414575 
4.0 32.8069406 
4.0 28.617435 
4.0 28.85623895 
4.0 32.63078175 
4.0 32.4383402 
4.0 17.4812414 
4.0 18.57805075 
4.0 32.4753842 
4.0 32.16271485 
