# Position.Z vs. Particle Type (97 data points):
# "Particle Type" Position.Z
1.0 0.0 
1.0 0.0 
1.0 0.0 
1.0 0.0 
1.0 0.0 
1.0 0.0 
1.0 0.0 
1.0 0.0 
1.0 0.0 
1.0 2.2741768 
1.0 2.2741768 
1.0 2.2741768 
1.0 2.2741768 
1.0 2.2741768 
1.0 2.2741768 
1.0 2.2741768 
1.0 2.2741768 
1.0 2.2741768 
1.0 4.3729028 
1.0 4.3001728 
1.0 5.1037133 
1.0 4.5499944 
1.0 4.6362414 
1.0 4.4024722 
1.0 4.24101475 
1.0 4.67570005 
1.0 4.56177925 
1.0 6.69722865 
1.0 7.0291333 
1.0 6.6285793 
1.0 6.78918345 
1.0 6.90656785 
1.0 7.32224885 
1.0 7.33304075 
1.0 7.28376775 
1.0 6.42002795 
2.0 8.33678685 
2.0 13.30655655 
2.0 8.22461045 
3.0 9.47477055 
3.0 9.3851968 
3.0 12.8072721 
3.0 13.60772105 
3.0 24.77647375 
3.0 19.6167307 
3.0 26.10969095 
3.0 18.3179913 
3.0 9.49722725 
3.0 28.1205043 
3.0 9.95644195 
3.0 16.0255984 
3.0 32.22199785 
3.0 28.36111215 
3.0 24.9943596 
3.0 28.2761325 
3.0 17.40775995 
3.0 29.57050775 
3.0 23.6835606 
3.0 32.3621872 
3.0 32.07214255 
3.0 30.42635505 
4.0 24.41178285 
4.0 25.6507601 
4.0 19.3163187 
4.0 20.57287015 
4.0 26.46852145 
4.0 26.1200198 
4.0 17.45982735 
4.0 18.1996563 
4.0 9.3856532 
4.0 8.92380475 
4.0 27.34408355 
4.0 28.84791525 
4.0 10.3970034 
4.0 10.3314477 
4.0 15.9524022 
4.0 16.5332083 
4.0 32.3545992 
4.0 32.0680374 
4.0 28.2796171 
4.0 28.4043431 
4.0 24.5832587 
4.0 25.3003156 
4.0 27.8040819 
4.0 28.17617285 
4.0 17.472483 
4.0 18.26760425 
4.0 29.8051908 
4.0 29.5334746 
4.0 24.5662956 
4.0 23.55552115 
4.0 33.21514 
4.0 32.36362955 
4.0 31.4574603 
4.0 32.3860747 
4.0 30.21657695 
4.0 31.34372815 
