# Position.Z vs. Particle Type (97 data points):
# "Particle Type" Position.Z
1.0 0.0 
1.0 0.0 
1.0 0.0 
1.0 0.0 
1.0 0.0 
1.0 0.0 
1.0 0.0 
1.0 0.0 
1.0 0.0 
1.0 2.2741768 
1.0 2.2741768 
1.0 2.2741768 
1.0 2.2741768 
1.0 2.2741768 
1.0 2.2741768 
1.0 2.2741768 
1.0 2.2741768 
1.0 2.2741768 
1.0 5.3339489 
1.0 4.23040555 
1.0 5.001605 
1.0 4.35927625 
1.0 4.33739075 
1.0 4.43579255 
1.0 4.517723 
1.0 4.70200885 
1.0 4.4648401 
1.0 6.9899445 
1.0 6.3717122 
1.0 6.34027205 
1.0 6.76702145 
1.0 7.5132785 
1.0 7.62692875 
1.0 6.48818625 
1.0 7.2014313 
1.0 7.42367185 
2.0 8.6869202 
2.0 15.9475806 
2.0 8.2341084 
3.0 9.7567274 
3.0 9.3030357 
3.0 14.89286505 
3.0 16.91454625 
3.0 25.3814141 
3.0 27.3084098 
3.0 25.9678328 
3.0 19.99368035 
3.0 9.36619635 
3.0 28.15479485 
3.0 12.83514855 
3.0 19.3468254 
3.0 31.92291165 
3.0 28.31326925 
3.0 23.28380845 
3.0 31.14686085 
3.0 15.26467985 
3.0 28.7082019 
3.0 27.49312195 
3.0 32.4595761 
3.0 32.22444785 
3.0 30.32988315 
4.0 25.26876205 
4.0 24.71719005 
4.0 28.06210855 
4.0 27.71455855 
4.0 26.4766523 
4.0 26.029843 
4.0 20.79037345 
4.0 19.8218741 
4.0 9.6895491 
4.0 9.4920399 
4.0 27.58631225 
4.0 27.97374335 
4.0 12.09615505 
4.0 12.12960035 
4.0 19.51431475 
4.0 18.4483222 
4.0 32.4160662 
4.0 32.50263065 
4.0 28.93023455 
4.0 27.4351707 
4.0 23.3548021 
4.0 22.6038603 
4.0 31.4646745 
4.0 30.18713145 
4.0 15.3488111 
4.0 14.88697735 
4.0 29.5121386 
4.0 28.8953441 
4.0 27.74205875 
4.0 26.62566725 
4.0 31.75254775 
4.0 32.08726815 
4.0 31.70315015 
4.0 32.8486165 
4.0 30.4762094 
4.0 29.59472915 
