# Position.Z vs. Particle Type (97 data points):
# "Particle Type" Position.Z
1.0 0.0 
1.0 0.0 
1.0 0.0 
1.0 0.0 
1.0 0.0 
1.0 0.0 
1.0 0.0 
1.0 0.0 
1.0 0.0 
1.0 2.2741768 
1.0 2.2741768 
1.0 2.2741768 
1.0 2.2741768 
1.0 2.2741768 
1.0 2.2741768 
1.0 2.2741768 
1.0 2.2741768 
1.0 2.2741768 
1.0 4.51491705 
1.0 4.3541365 
1.0 5.07814265 
1.0 4.24958765 
1.0 4.3433383 
1.0 4.5400789 
1.0 4.82966855 
1.0 4.22257185 
1.0 4.5449992 
1.0 6.32747815 
1.0 7.1781178 
1.0 6.4241541 
1.0 6.5154432 
1.0 7.7294378 
1.0 7.22209075 
1.0 7.0942221 
1.0 6.98223015 
1.0 6.7325783 
2.0 8.369935 
2.0 10.38292955 
2.0 8.01244045 
3.0 9.5024286 
3.0 9.17004235 
3.0 10.75441185 
3.0 10.0158226 
3.0 13.7291504 
3.0 11.3192856 
3.0 29.2616149 
3.0 27.7018189 
3.0 16.46109395 
3.0 10.18852135 
3.0 18.824169 
3.0 12.30857005 
3.0 27.6631369 
3.0 24.4737612 
3.0 20.5877532 
3.0 32.66987255 
3.0 18.8758605 
3.0 31.8914932 
3.0 31.62559225 
3.0 31.0080323 
3.0 16.80194775 
3.0 32.6274956 
4.0 13.55865385 
4.0 12.8493407 
4.0 10.98546715 
4.0 10.96275215 
4.0 28.85807715 
4.0 28.5681144 
4.0 27.0957099 
4.0 27.3352779 
4.0 16.6032895 
4.0 15.5233841 
4.0 10.89716075 
4.0 9.8915992 
4.0 19.53642355 
4.0 18.50151695 
4.0 12.75233925 
4.0 13.08750485 
4.0 28.0237895 
4.0 26.96117935 
4.0 23.809051 
4.0 24.2369799 
4.0 20.2098687 
4.0 20.7671317 
4.0 31.95607135 
4.0 32.5199889 
4.0 18.3775116 
4.0 18.24307765 
4.0 32.557728 
4.0 32.22420215 
4.0 32.2396459 
4.0 30.82099615 
4.0 30.9098986 
4.0 30.72130355 
4.0 15.98130485 
4.0 17.01150465 
4.0 32.80012575 
4.0 32.5779062 
