# Position.Z vs. Particle Type (97 data points):
# "Particle Type" Position.Z
1.0 0.0 
1.0 0.0 
1.0 0.0 
1.0 0.0 
1.0 0.0 
1.0 0.0 
1.0 0.0 
1.0 0.0 
1.0 0.0 
1.0 2.2741768 
1.0 2.2741768 
1.0 2.2741768 
1.0 2.2741768 
1.0 2.2741768 
1.0 2.2741768 
1.0 2.2741768 
1.0 2.2741768 
1.0 2.2741768 
1.0 5.65020995 
1.0 4.3128372 
1.0 4.94499565 
1.0 4.44385935 
1.0 4.3802612 
1.0 4.29758525 
1.0 4.87517135 
1.0 4.42095745 
1.0 4.48510195 
1.0 6.8973009 
1.0 6.68378935 
1.0 6.26352615 
1.0 6.7285323 
1.0 7.06976515 
1.0 7.45560725 
1.0 6.5093497 
1.0 7.32491165 
1.0 8.09943645 
2.0 8.3838972 
2.0 16.11296855 
2.0 8.0228953 
3.0 9.62237535 
3.0 9.15670245 
3.0 16.82615235 
3.0 15.3517574 
3.0 27.1836943 
3.0 29.7559913 
3.0 25.36430925 
3.0 18.4057531 
3.0 9.25525405 
3.0 26.76264255 
3.0 12.3117197 
3.0 19.83220225 
3.0 31.94093805 
3.0 31.1507847 
3.0 21.8218175 
3.0 32.1904142 
3.0 20.2901195 
3.0 27.48795665 
3.0 26.362602 
3.0 32.2799435 
3.0 32.82944245 
3.0 30.4704701 
4.0 28.0466438 
4.0 27.10872675 
4.0 30.329019 
4.0 30.25755145 
4.0 25.23708355 
4.0 24.51440495 
4.0 17.7599324 
4.0 18.0774146 
4.0 9.0130831 
4.0 8.72938675 
4.0 26.0516697 
4.0 27.49352865 
4.0 11.4110927 
4.0 12.9853297 
4.0 19.680976 
4.0 20.42655055 
4.0 31.5706706 
4.0 32.1303472 
4.0 31.5127918 
4.0 30.21150615 
4.0 21.02382555 
4.0 22.2058634 
4.0 32.80680795 
4.0 32.8326747 
4.0 21.2285157 
4.0 20.04160235 
4.0 26.75049195 
4.0 27.3365267 
4.0 26.9820943 
4.0 27.0843209 
4.0 32.21283625 
4.0 33.16407605 
4.0 32.63082305 
4.0 33.0966321 
4.0 30.10564515 
4.0 29.81869485 
