# Position.Z vs. Particle Type (97 data points):
# "Particle Type" Position.Z
1.0 0.0 
1.0 0.0 
1.0 0.0 
1.0 0.0 
1.0 0.0 
1.0 0.0 
1.0 0.0 
1.0 0.0 
1.0 0.0 
1.0 2.2741768 
1.0 2.2741768 
1.0 2.2741768 
1.0 2.2741768 
1.0 2.2741768 
1.0 2.2741768 
1.0 2.2741768 
1.0 2.2741768 
1.0 2.2741768 
1.0 4.5457601 
1.0 4.2323708 
1.0 4.7679324 
1.0 4.6218809 
1.0 4.30029355 
1.0 4.73224815 
1.0 4.3504475 
1.0 4.45228105 
1.0 4.57653665 
1.0 7.06530335 
1.0 6.9737052 
1.0 6.5757657 
1.0 6.3462091 
1.0 7.67469675 
1.0 6.706518 
1.0 6.50498765 
1.0 7.36597505 
1.0 7.0398335 
2.0 8.3334874 
2.0 14.28020615 
2.0 8.43476865 
3.0 9.4477425 
3.0 9.6293883 
3.0 13.9660458 
3.0 14.7928837 
3.0 13.04745855 
3.0 12.90168985 
3.0 9.52054005 
3.0 10.73548035 
3.0 23.0109551 
3.0 27.0669952 
3.0 23.5188051 
3.0 24.77278825 
3.0 24.60186155 
3.0 27.4934044 
3.0 15.64406515 
3.0 28.39854675 
3.0 27.3445389 
3.0 29.0328521 
3.0 31.2368224 
3.0 29.68242655 
3.0 32.4668897 
3.0 30.62356395 
4.0 13.95232545 
4.0 13.21016375 
4.0 12.9062283 
4.0 12.00595165 
4.0 9.2440859 
4.0 9.14263245 
4.0 11.4006067 
4.0 10.5671692 
4.0 23.41045595 
4.0 23.0854596 
4.0 26.82383515 
4.0 26.96601285 
4.0 23.61817885 
4.0 22.72123385 
4.0 25.65251535 
4.0 24.11211775 
4.0 24.8725463 
4.0 24.1541167 
4.0 28.0901866 
4.0 27.16463785 
4.0 15.0588536 
4.0 15.17247585 
4.0 28.483413 
4.0 28.79452555 
4.0 26.3888345 
4.0 27.69835775 
4.0 28.34306125 
4.0 29.48484735 
4.0 30.98952605 
4.0 32.17329465 
4.0 30.22803245 
4.0 28.90259645 
4.0 31.7877238 
4.0 32.46644275 
4.0 31.44255555 
4.0 30.33246895 
