# Position.Z vs. Particle Type (97 data points):
# "Particle Type" Position.Z
1.0 0.0 
1.0 0.0 
1.0 0.0 
1.0 0.0 
1.0 0.0 
1.0 0.0 
1.0 0.0 
1.0 0.0 
1.0 0.0 
1.0 2.2741768 
1.0 2.2741768 
1.0 2.2741768 
1.0 2.2741768 
1.0 2.2741768 
1.0 2.2741768 
1.0 2.2741768 
1.0 2.2741768 
1.0 2.2741768 
1.0 5.11345625 
1.0 4.2811972 
1.0 5.2720829 
1.0 4.5147858 
1.0 4.3796312 
1.0 4.3593053 
1.0 4.2589099 
1.0 4.3154174 
1.0 4.2720118 
1.0 6.4125586 
1.0 6.53904475 
1.0 6.23584815 
1.0 6.7373201 
1.0 7.73297665 
1.0 7.36428385 
1.0 6.55553885 
1.0 7.3869971 
1.0 7.44423365 
2.0 8.6508387 
2.0 13.4803074 
2.0 7.7691299 
3.0 9.86294715 
3.0 8.97647835 
3.0 14.1435056 
3.0 12.93154275 
3.0 12.1124339 
3.0 12.0226953 
3.0 9.5712582 
3.0 10.3747063 
3.0 28.272447 
3.0 28.7041433 
3.0 26.3953676 
3.0 28.775649 
3.0 26.5397531 
3.0 27.8592223 
3.0 10.30696205 
3.0 31.5891443 
3.0 29.97977955 
3.0 28.899675 
3.0 31.58233365 
3.0 32.0079235 
3.0 31.9395167 
3.0 31.9545156 
4.0 11.226607 
4.0 12.4408739 
4.0 12.32160475 
4.0 11.2522928 
4.0 9.10216405 
4.0 9.59072415 
4.0 10.298575 
4.0 11.37558695 
4.0 28.726656 
4.0 27.3562814 
4.0 28.42882805 
4.0 28.08263605 
4.0 25.4307704 
4.0 26.5248662 
4.0 28.7976465 
4.0 29.72424 
4.0 27.14006155 
4.0 26.9084165 
4.0 27.8477066 
4.0 28.0695142 
4.0 10.37257655 
4.0 11.26062035 
4.0 30.86185445 
4.0 32.19528165 
4.0 29.5265145 
4.0 30.49370415 
4.0 28.75368965 
4.0 29.86085025 
4.0 32.5464657 
4.0 31.4810125 
4.0 31.81417015 
4.0 31.1810569 
4.0 32.05816145 
4.0 32.7854646 
4.0 31.96445035 
4.0 31.97450795 
