# Position.Z vs. Particle Type (97 data points):
# "Particle Type" Position.Z
1.0 0.0 
1.0 0.0 
1.0 0.0 
1.0 0.0 
1.0 0.0 
1.0 0.0 
1.0 0.0 
1.0 0.0 
1.0 0.0 
1.0 2.2741768 
1.0 2.2741768 
1.0 2.2741768 
1.0 2.2741768 
1.0 2.2741768 
1.0 2.2741768 
1.0 2.2741768 
1.0 2.2741768 
1.0 2.2741768 
1.0 4.49219925 
1.0 4.91503005 
1.0 4.2749833 
1.0 4.2809242 
1.0 4.94058845 
1.0 4.48137935 
1.0 5.0084265 
1.0 4.3510271 
1.0 4.42957795 
1.0 6.6894814 
1.0 6.63804155 
1.0 6.92765955 
1.0 7.3684198 
1.0 7.01645735 
1.0 7.3885098 
1.0 7.8985676 
1.0 6.8861016 
1.0 6.55648315 
2.0 8.1686423 
2.0 18.1872453 
2.0 8.0261909 
3.0 9.39893185 
3.0 9.14512375 
3.0 18.5070228 
3.0 17.8003735 
3.0 21.5518142 
3.0 12.6487543 
3.0 25.92069095 
3.0 29.24482575 
3.0 10.31572955 
3.0 26.9696763 
3.0 25.48084035 
3.0 9.9617868 
3.0 32.2673015 
3.0 32.17875955 
3.0 24.63925625 
3.0 29.227023 
3.0 16.0442744 
3.0 32.64659335 
3.0 28.18147955 
3.0 32.11351955 
3.0 32.0042268 
3.0 29.7526845 
4.0 20.64128815 
4.0 22.2831217 
4.0 13.10514485 
4.0 11.94228665 
4.0 26.43815685 
4.0 25.8556704 
4.0 29.46226395 
4.0 28.2739863 
4.0 10.37752205 
4.0 10.90404 
4.0 26.49016755 
4.0 26.821214 
4.0 24.5228151 
4.0 25.75998215 
4.0 10.1879197 
4.0 9.68577505 
4.0 32.10167905 
4.0 32.23315375 
4.0 32.66899755 
4.0 32.73718385 
4.0 24.1410519 
4.0 25.41593285 
4.0 29.3305215 
4.0 28.96607035 
4.0 16.0655068 
4.0 15.1764249 
4.0 32.458398 
4.0 32.11966835 
4.0 27.4722679 
4.0 28.9037945 
4.0 32.54763995 
4.0 32.63398985 
4.0 32.885223 
4.0 31.2652452 
4.0 30.252446 
4.0 29.37081525 
