# Position.Z vs. Particle Type (97 data points):
# "Particle Type" Position.Z
1.0 0.0 
1.0 0.0 
1.0 0.0 
1.0 0.0 
1.0 0.0 
1.0 0.0 
1.0 0.0 
1.0 0.0 
1.0 0.0 
1.0 2.2741768 
1.0 2.2741768 
1.0 2.2741768 
1.0 2.2741768 
1.0 2.2741768 
1.0 2.2741768 
1.0 2.2741768 
1.0 2.2741768 
1.0 2.2741768 
1.0 4.37705695 
1.0 4.31348225 
1.0 4.65122875 
1.0 4.34537985 
1.0 4.2485821 
1.0 4.50372545 
1.0 4.32334035 
1.0 4.4349788 
1.0 5.1981573 
1.0 6.84931135 
1.0 7.55252505 
1.0 6.62180995 
1.0 6.67019535 
1.0 7.97565895 
1.0 6.7252976 
1.0 6.4815758 
1.0 7.07627865 
1.0 7.21393855 
2.0 8.3730661 
2.0 15.1610494 
2.0 8.6700019 
3.0 9.5241251 
3.0 9.7809271 
3.0 15.07286655 
3.0 15.28641275 
3.0 11.59892055 
3.0 14.70439075 
3.0 9.85991755 
3.0 12.0607557 
3.0 29.5628494 
3.0 25.7373641 
3.0 21.7613809 
3.0 24.31295755 
3.0 17.1593814 
3.0 24.0906708 
3.0 17.932285 
3.0 32.54674115 
3.0 27.95068605 
3.0 28.12628455 
3.0 32.0453308 
3.0 31.8181822 
3.0 28.8834448 
3.0 32.07864835 
4.0 11.6515658 
4.0 10.70452215 
4.0 14.4109798 
4.0 14.8579711 
4.0 9.86079325 
4.0 10.69208315 
4.0 12.03297865 
4.0 13.05225565 
4.0 29.240701 
4.0 28.9795576 
4.0 25.32245625 
4.0 26.60079625 
4.0 22.5639582 
4.0 21.53138785 
4.0 24.1334625 
4.0 24.50409325 
4.0 17.4520381 
4.0 17.0339617 
4.0 23.53843625 
4.0 24.2049864 
4.0 17.9537848 
4.0 17.094938 
4.0 32.45253375 
4.0 32.3246924 
4.0 28.21458045 
4.0 26.9798025 
4.0 27.8483394 
4.0 28.02318925 
4.0 31.9630276 
4.0 32.6485208 
4.0 30.9355424 
4.0 32.3893976 
4.0 29.66493985 
4.0 28.28434315 
4.0 32.5829273 
4.0 31.1670793 
