# Position.Z vs. Particle Type (97 data points):
# "Particle Type" Position.Z
1.0 0.0 
1.0 0.0 
1.0 0.0 
1.0 0.0 
1.0 0.0 
1.0 0.0 
1.0 0.0 
1.0 0.0 
1.0 0.0 
1.0 2.2741768 
1.0 2.2741768 
1.0 2.2741768 
1.0 2.2741768 
1.0 2.2741768 
1.0 2.2741768 
1.0 2.2741768 
1.0 2.2741768 
1.0 2.2741768 
1.0 4.3068144 
1.0 4.6935056 
1.0 4.40385365 
1.0 4.91485715 
1.0 4.3371167 
1.0 4.45983545 
1.0 4.4209641 
1.0 5.06034725 
1.0 4.5611251 
1.0 6.9234242 
1.0 7.32396665 
1.0 6.776658 
1.0 7.23438135 
1.0 6.44790545 
1.0 7.5293036 
1.0 6.493732 
1.0 6.3873894 
1.0 7.64967385 
2.0 8.8254334 
2.0 18.57007985 
2.0 8.34599815 
3.0 9.89045295 
3.0 9.47658075 
3.0 18.86341205 
3.0 18.163215 
3.0 13.99452355 
3.0 16.3169699 
3.0 13.67343985 
3.0 12.98400635 
3.0 9.6563194 
3.0 31.8562111 
3.0 21.455672 
3.0 25.0673276 
3.0 14.4693416 
3.0 23.3090319 
3.0 19.98877335 
3.0 27.7603326 
3.0 32.46530245 
3.0 24.1532249 
3.0 31.73673615 
3.0 29.4269108 
3.0 30.2918539 
3.0 22.2212151 
4.0 13.49935895 
4.0 13.12662155 
4.0 15.88543985 
4.0 15.6676611 
4.0 13.2418314 
4.0 14.6305838 
4.0 13.39833145 
4.0 12.13708755 
4.0 10.51769425 
4.0 9.9584219 
4.0 31.343375 
4.0 31.18412885 
4.0 22.0360014 
4.0 21.32539885 
4.0 24.5626038 
4.0 24.59076375 
4.0 15.22217725 
4.0 14.78041495 
4.0 22.43759245 
4.0 23.0763946 
4.0 19.7003471 
4.0 19.1653931 
4.0 28.1757931 
4.0 26.86438265 
4.0 32.09318665 
4.0 33.1085573 
4.0 23.92908875 
4.0 24.7912329 
4.0 31.53467765 
4.0 31.51432095 
4.0 29.26260855 
4.0 28.7279818 
4.0 29.94496295 
4.0 30.95852935 
4.0 21.49314265 
4.0 22.81066515 
