# Position.Z vs. Particle Type (97 data points):
# "Particle Type" Position.Z
1.0 0.0 
1.0 0.0 
1.0 0.0 
1.0 0.0 
1.0 0.0 
1.0 0.0 
1.0 0.0 
1.0 0.0 
1.0 0.0 
1.0 2.2741768 
1.0 2.2741768 
1.0 2.2741768 
1.0 2.2741768 
1.0 2.2741768 
1.0 2.2741768 
1.0 2.2741768 
1.0 2.2741768 
1.0 2.2741768 
1.0 4.3404354 
1.0 4.25581905 
1.0 4.4647463 
1.0 4.6166386 
1.0 4.18817945 
1.0 4.44947615 
1.0 5.12786925 
1.0 5.1795499 
1.0 4.2300202 
1.0 7.7589519 
1.0 7.3650157 
1.0 7.28584535 
1.0 6.58243005 
1.0 6.6053267 
1.0 6.9522754 
1.0 6.3514465 
1.0 6.8094775 
1.0 6.513101 
2.0 8.3082895 
2.0 12.12177085 
2.0 7.9901878 
3.0 9.469719 
3.0 9.14360125 
3.0 11.14868755 
3.0 13.06578945 
3.0 11.1681563 
3.0 10.9373992 
3.0 10.18873065 
3.0 9.7718054 
3.0 13.70401235 
3.0 15.80954165 
3.0 17.24348885 
3.0 15.34050945 
3.0 13.88265025 
3.0 18.37878525 
3.0 13.48676665 
3.0 16.1662809 
3.0 18.50792055 
3.0 22.512539 
3.0 21.28220255 
3.0 22.2286554 
3.0 21.4809497 
3.0 18.8739285 
4.0 10.44692005 
4.0 11.01779315 
4.0 11.90377545 
4.0 10.704309 
4.0 9.34156335 
4.0 10.78346885 
4.0 10.1451931 
4.0 10.4361558 
4.0 13.3215775 
4.0 14.4888996 
4.0 15.20869175 
4.0 15.5376739 
4.0 17.8831548 
4.0 17.61925445 
4.0 14.5766607 
4.0 15.5005886 
4.0 13.49619215 
4.0 13.633466 
4.0 18.8830593 
4.0 17.5975492 
4.0 12.90556015 
4.0 14.26243035 
4.0 15.4880229 
4.0 16.2666686 
4.0 17.59545025 
4.0 18.7625137 
4.0 22.8416076 
4.0 21.8317085 
4.0 21.08552565 
4.0 21.4006016 
4.0 21.7202608 
4.0 22.35896005 
4.0 21.62817685 
4.0 20.50499675 
4.0 18.96070435 
4.0 17.9381797 
