# Position.Z vs. Particle Type (97 data points):
# "Particle Type" Position.Z
1.0 0.0 
1.0 0.0 
1.0 0.0 
1.0 0.0 
1.0 0.0 
1.0 0.0 
1.0 0.0 
1.0 0.0 
1.0 0.0 
1.0 2.2741768 
1.0 2.2741768 
1.0 2.2741768 
1.0 2.2741768 
1.0 2.2741768 
1.0 2.2741768 
1.0 2.2741768 
1.0 2.2741768 
1.0 2.2741768 
1.0 4.31495085 
1.0 4.56846635 
1.0 4.27657755 
1.0 5.2632013 
1.0 4.2933695 
1.0 4.4396779 
1.0 4.2147749 
1.0 5.29331705 
1.0 4.4685872 
1.0 7.2237431 
1.0 7.5647152 
1.0 6.6397219 
1.0 6.8491885 
1.0 6.76034905 
1.0 7.952973 
1.0 6.4880655 
1.0 6.99127905 
1.0 7.8648871 
2.0 9.08225325 
2.0 21.2851058 
2.0 8.19908565 
3.0 10.2421641 
3.0 9.36855955 
3.0 20.48011595 
3.0 22.15412675 
3.0 13.9842129 
3.0 14.8119811 
3.0 10.85365505 
3.0 12.41141475 
3.0 10.22422625 
3.0 32.0639487 
3.0 22.15866625 
3.0 24.42507305 
3.0 14.8657264 
3.0 22.433439 
3.0 20.63486915 
3.0 29.11536285 
3.0 32.4144471 
3.0 24.5857787 
3.0 31.61005295 
3.0 27.20103295 
3.0 30.61994915 
3.0 21.81983895 
4.0 14.6778072 
4.0 13.10703135 
4.0 14.48166825 
4.0 14.0660093 
4.0 11.24668475 
4.0 11.57381015 
4.0 11.713058 
4.0 13.31912855 
4.0 10.7284884 
4.0 10.1360147 
4.0 32.29465085 
4.0 32.79613645 
4.0 22.9792976 
4.0 21.92661765 
4.0 23.78800515 
4.0 24.6358175 
4.0 14.58956135 
4.0 15.58426695 
4.0 22.4658574 
4.0 22.23245185 
4.0 21.12058305 
4.0 19.7071553 
4.0 28.0954457 
4.0 29.34768235 
4.0 32.19699035 
4.0 32.16434375 
4.0 23.71864565 
4.0 25.00516515 
4.0 32.05339025 
4.0 30.91261145 
4.0 28.1790782 
4.0 26.77827915 
4.0 31.10173675 
4.0 31.05207035 
4.0 21.6133029 
4.0 22.03952205 
