# Position.Z vs. Particle Type (97 data points):
# "Particle Type" Position.Z
1.0 0.0 
1.0 0.0 
1.0 0.0 
1.0 0.0 
1.0 0.0 
1.0 0.0 
1.0 0.0 
1.0 0.0 
1.0 0.0 
1.0 2.2741768 
1.0 2.2741768 
1.0 2.2741768 
1.0 2.2741768 
1.0 2.2741768 
1.0 2.2741768 
1.0 2.2741768 
1.0 2.2741768 
1.0 2.2741768 
1.0 4.7645332 
1.0 4.22090235 
1.0 5.94662985 
1.0 4.25803385 
1.0 4.43597805 
1.0 4.5450139 
1.0 4.66528825 
1.0 4.26047195 
1.0 4.5073574 
1.0 6.8267913 
1.0 6.436206 
1.0 6.21466685 
1.0 6.76843615 
1.0 7.93292255 
1.0 7.31825885 
1.0 8.04575485 
1.0 7.17005765 
1.0 6.6583951 
2.0 8.67981415 
2.0 11.80257995 
2.0 7.96564475 
3.0 9.7670608 
3.0 9.17803775 
3.0 12.84581795 
3.0 10.8226076 
3.0 12.15327085 
3.0 10.1382799 
3.0 31.34586595 
3.0 29.00072945 
3.0 20.5286809 
3.0 17.67335885 
3.0 21.10265045 
3.0 9.6880063 
3.0 32.6180526 
3.0 26.8422945 
3.0 18.3700636 
3.0 32.03238045 
3.0 22.32076385 
3.0 31.68976125 
3.0 25.1760747 
3.0 31.0646168 
3.0 23.8822234 
3.0 26.70294865 
4.0 12.960563 
4.0 11.57483215 
4.0 10.83203695 
4.0 10.49308435 
4.0 30.4506468 
4.0 31.80520245 
4.0 29.76269555 
4.0 28.9031582 
4.0 20.40534755 
4.0 20.72701785 
4.0 18.28837535 
4.0 18.1459782 
4.0 20.85646675 
4.0 20.848149 
4.0 9.3130233 
4.0 9.75021775 
4.0 32.4822547 
4.0 32.2078337 
4.0 27.29732495 
4.0 26.9826032 
4.0 17.69264105 
4.0 18.99836225 
4.0 31.83271 
4.0 32.2534646 
4.0 22.83926365 
4.0 22.6286641 
4.0 31.3875849 
4.0 32.61386415 
4.0 24.36446355 
4.0 25.08411675 
4.0 31.9678352 
4.0 31.0749047 
4.0 24.7207646 
4.0 23.1261758 
4.0 26.96156435 
4.0 26.92061155 
