# Position.Z vs. Particle Type (97 data points):
# "Particle Type" Position.Z
1.0 0.0 
1.0 0.0 
1.0 0.0 
1.0 0.0 
1.0 0.0 
1.0 0.0 
1.0 0.0 
1.0 0.0 
1.0 0.0 
1.0 2.2741768 
1.0 2.2741768 
1.0 2.2741768 
1.0 2.2741768 
1.0 2.2741768 
1.0 2.2741768 
1.0 2.2741768 
1.0 2.2741768 
1.0 2.2741768 
1.0 5.62183685 
1.0 4.7783134 
1.0 5.1649787 
1.0 4.5002755 
1.0 4.32981675 
1.0 4.27988435 
1.0 4.4449608 
1.0 4.2987658 
1.0 4.63887095 
1.0 6.55160975 
1.0 7.1801688 
1.0 6.58604835 
1.0 6.8861527 
1.0 7.5097218 
1.0 7.15108765 
1.0 6.8228083 
1.0 7.97802635 
1.0 8.0374147 
2.0 8.60055455 
2.0 12.5377525 
2.0 8.11374655 
3.0 9.7132742 
3.0 9.3043419 
3.0 12.769638 
3.0 12.30161765 
3.0 27.77195225 
3.0 31.5179018 
3.0 15.63585765 
3.0 20.01378295 
3.0 9.4872778 
3.0 23.20369345 
3.0 10.4234578 
3.0 20.2139497 
3.0 31.54644185 
3.0 31.79090845 
3.0 20.980883 
3.0 30.4417099 
3.0 26.34005185 
3.0 22.955653 
3.0 29.1514125 
3.0 26.33033445 
3.0 30.49888065 
3.0 25.63740725 
4.0 27.85537405 
4.0 28.5552554 
4.0 31.41364065 
4.0 31.16471645 
4.0 15.84386965 
4.0 15.94349155 
4.0 19.968011 
4.0 19.6505155 
4.0 9.48634785 
4.0 9.519335 
4.0 22.474431 
4.0 23.5606175 
4.0 10.79344 
4.0 11.03191075 
4.0 20.69627455 
4.0 20.7212271 
4.0 32.1344576 
4.0 30.8073612 
4.0 32.4781331 
4.0 32.1264706 
4.0 20.99287365 
4.0 20.4117893 
4.0 30.3707887 
4.0 29.54272755 
4.0 25.6840297 
4.0 26.95043365 
4.0 23.73308175 
4.0 23.22682845 
4.0 28.4342254 
4.0 29.9100165 
4.0 26.18247415 
4.0 26.30595625 
4.0 30.62331475 
4.0 30.67805825 
4.0 26.4491913 
4.0 25.0653522 
