# Position.Z vs. Particle Type (97 data points):
# "Particle Type" Position.Z
1.0 0.0 
1.0 0.0 
1.0 0.0 
1.0 0.0 
1.0 0.0 
1.0 0.0 
1.0 0.0 
1.0 0.0 
1.0 0.0 
1.0 2.2741768 
1.0 2.2741768 
1.0 2.2741768 
1.0 2.2741768 
1.0 2.2741768 
1.0 2.2741768 
1.0 2.2741768 
1.0 2.2741768 
1.0 2.2741768 
1.0 4.2455924 
1.0 4.93889165 
1.0 4.45131995 
1.0 4.1627901 
1.0 4.5954202 
1.0 4.9645925 
1.0 4.6940887 
1.0 4.1202448 
1.0 4.40331325 
1.0 7.39159225 
1.0 7.32590915 
1.0 6.4115891 
1.0 6.4114204 
1.0 6.7459469 
1.0 6.86202965 
1.0 7.52061135 
1.0 6.897093 
1.0 6.56368195 
2.0 7.7045367 
2.0 12.8154495 
2.0 8.3597521 
3.0 8.9350212 
3.0 9.56722585 
3.0 12.706393 
3.0 13.0052062 
3.0 18.54585915 
3.0 9.265431 
3.0 27.49783085 
3.0 28.72228275 
3.0 14.919492 
3.0 24.9812766 
3.0 22.6064951 
3.0 10.05759125 
3.0 32.18202505 
3.0 28.9117479 
3.0 25.2116515 
3.0 29.8376498 
3.0 22.478491 
3.0 31.3446042 
3.0 26.6245035 
3.0 31.69957805 
3.0 32.5760295 
3.0 30.1457807 
4.0 18.97630385 
4.0 17.97519955 
4.0 9.70616815 
4.0 9.228716 
4.0 28.18759335 
4.0 27.8387158 
4.0 29.0529085 
4.0 27.7775512 
4.0 14.5352662 
4.0 15.105454 
4.0 24.56535865 
4.0 25.57546705 
4.0 23.03870555 
4.0 23.2455265 
4.0 10.75122685 
4.0 9.7519765 
4.0 32.7834003 
4.0 31.96017125 
4.0 29.56860725 
4.0 28.4239144 
4.0 24.8222534 
4.0 25.055779 
4.0 30.21819955 
4.0 30.3842203 
4.0 21.87534895 
4.0 22.37256665 
4.0 32.08263205 
4.0 30.782724 
4.0 27.14108915 
4.0 26.8738729 
4.0 31.9387061 
4.0 32.3170351 
4.0 32.1384532 
4.0 32.60854975 
4.0 29.95251245 
4.0 29.25896085 
