# Position.Z vs. Particle Type (97 data points):
# "Particle Type" Position.Z
1.0 0.0 
1.0 0.0 
1.0 0.0 
1.0 0.0 
1.0 0.0 
1.0 0.0 
1.0 0.0 
1.0 0.0 
1.0 0.0 
1.0 2.2741768 
1.0 2.2741768 
1.0 2.2741768 
1.0 2.2741768 
1.0 2.2741768 
1.0 2.2741768 
1.0 2.2741768 
1.0 2.2741768 
1.0 2.2741768 
1.0 4.16903585 
1.0 4.8570172 
1.0 4.31018245 
1.0 5.0943823 
1.0 4.3856085 
1.0 4.29382695 
1.0 4.4692865 
1.0 4.9801318 
1.0 4.3065897 
1.0 6.9335231 
1.0 7.2736874 
1.0 6.83164125 
1.0 6.69404785 
1.0 6.5051343 
1.0 7.8382619 
1.0 6.3845474 
1.0 6.62382 
1.0 7.7198219 
2.0 9.15488595 
2.0 19.9084564 
2.0 8.16742325 
3.0 10.26658535 
3.0 9.3914548 
3.0 19.58245975 
3.0 20.04047815 
3.0 14.4686178 
3.0 15.3751633 
3.0 12.52768895 
3.0 12.4026518 
3.0 9.69190845 
3.0 31.88827215 
3.0 21.6805708 
3.0 24.6268428 
3.0 14.57841595 
3.0 22.80268655 
3.0 20.0966283 
3.0 28.66468885 
3.0 31.56473845 
3.0 24.57720615 
3.0 32.5981957 
3.0 28.60676455 
3.0 30.14119465 
3.0 22.1443488 
4.0 14.6260884 
4.0 13.5342858 
4.0 16.3531326 
4.0 15.1199335 
4.0 12.4382069 
4.0 11.794293 
4.0 12.95347165 
4.0 12.16092255 
4.0 10.14213795 
4.0 10.4523125 
4.0 31.1293752 
4.0 31.90958225 
4.0 22.2780306 
4.0 21.4834424 
4.0 24.66894885 
4.0 25.22965165 
4.0 15.14134615 
4.0 14.6877878 
4.0 22.95941235 
4.0 22.8262734 
4.0 20.834317 
4.0 19.8587081 
4.0 28.66908065 
4.0 29.01017805 
4.0 32.3173795 
4.0 31.8854676 
4.0 23.6574541 
4.0 24.6253945 
4.0 31.9237128 
4.0 32.35279075 
4.0 27.7139856 
4.0 28.88243995 
4.0 29.57034885 
4.0 30.54089465 
4.0 21.29000685 
4.0 22.430415 
