# Position.Z vs. Particle Type (97 data points):
# "Particle Type" Position.Z
1.0 0.0 
1.0 0.0 
1.0 0.0 
1.0 0.0 
1.0 0.0 
1.0 0.0 
1.0 0.0 
1.0 0.0 
1.0 0.0 
1.0 2.2741768 
1.0 2.2741768 
1.0 2.2741768 
1.0 2.2741768 
1.0 2.2741768 
1.0 2.2741768 
1.0 2.2741768 
1.0 2.2741768 
1.0 2.2741768 
1.0 4.4356389 
1.0 4.54186285 
1.0 4.1817055 
1.0 4.39178145 
1.0 4.4035754 
1.0 4.78493925 
1.0 4.71238425 
1.0 4.3996498 
1.0 4.38573625 
1.0 6.6678507 
1.0 6.96278975 
1.0 6.5827818 
1.0 6.85240745 
1.0 6.97629905 
1.0 6.61550715 
1.0 6.42469905 
1.0 7.0710682 
1.0 6.7402216 
2.0 8.1444685 
2.0 13.07494055 
2.0 7.8617455 
3.0 9.25491665 
3.0 9.02227865 
3.0 14.09268105 
3.0 11.9925407 
3.0 25.83915985 
3.0 27.0766993 
3.0 16.2040326 
3.0 17.1276896 
3.0 9.21350115 
3.0 19.89265355 
3.0 9.74482355 
3.0 21.09804095 
3.0 30.62938375 
3.0 32.40985965 
3.0 23.57535635 
3.0 26.31363455 
3.0 26.7691326 
3.0 23.09996605 
3.0 29.27841875 
3.0 25.4863469 
3.0 32.3413755 
3.0 25.54544965 
4.0 25.72973025 
4.0 25.46485095 
4.0 26.34814735 
4.0 27.6075674 
4.0 15.7415181 
4.0 17.003931 
4.0 16.4538591 
4.0 17.659124 
4.0 8.68580125 
4.0 9.7684111 
4.0 19.92436145 
4.0 20.8412456 
4.0 10.4828591 
4.0 9.42775505 
4.0 20.56655895 
4.0 20.5948267 
4.0 30.9506295 
4.0 29.91820615 
4.0 32.6892398 
4.0 32.3954652 
4.0 24.42188385 
4.0 23.65297935 
4.0 25.39172265 
4.0 26.85274025 
4.0 26.88529515 
4.0 26.87663125 
4.0 22.5070265 
4.0 23.2901473 
4.0 29.9618235 
4.0 28.57931825 
4.0 25.06658735 
4.0 25.87690665 
4.0 31.99266455 
4.0 33.11697025 
4.0 26.44956195 
4.0 25.35042685 
