# Position.Z vs. Particle Type (97 data points):
# "Particle Type" Position.Z
1.0 0.0 
1.0 0.0 
1.0 0.0 
1.0 0.0 
1.0 0.0 
1.0 0.0 
1.0 0.0 
1.0 0.0 
1.0 0.0 
1.0 2.2741768 
1.0 2.2741768 
1.0 2.2741768 
1.0 2.2741768 
1.0 2.2741768 
1.0 2.2741768 
1.0 2.2741768 
1.0 2.2741768 
1.0 2.2741768 
1.0 5.03148625 
1.0 4.3721104 
1.0 4.3365371 
1.0 4.2898058 
1.0 4.4707047 
1.0 4.94404575 
1.0 4.32836635 
1.0 4.3208291 
1.0 5.0309875 
1.0 6.76960235 
1.0 7.1951572 
1.0 6.4237929 
1.0 6.97481995 
1.0 7.20413715 
1.0 7.29163505 
1.0 6.19898685 
1.0 7.17306835 
1.0 6.6540383 
2.0 8.5405663 
2.0 14.1524663 
2.0 8.12928865 
3.0 9.70559765 
3.0 9.31861665 
3.0 13.07783505 
3.0 15.1943015 
3.0 23.5349604 
3.0 27.00147905 
3.0 15.63386825 
3.0 16.13417575 
3.0 9.24174755 
3.0 18.9042847 
3.0 10.9823035 
3.0 19.97040815 
3.0 30.99129355 
3.0 32.16294585 
3.0 21.84669235 
3.0 24.85067865 
3.0 30.27188395 
3.0 22.14545865 
3.0 31.1461794 
3.0 25.46648965 
3.0 32.1386359 
3.0 22.7263372 
4.0 23.64498255 
4.0 22.57977155 
4.0 26.16126275 
4.0 27.4650208 
4.0 16.0805498 
4.0 14.73499965 
4.0 15.8210759 
4.0 15.86171405 
4.0 9.67070545 
4.0 9.9295945 
4.0 19.02366445 
4.0 17.9649295 
4.0 10.66638895 
4.0 10.18021095 
4.0 19.98298855 
4.0 19.06784145 
4.0 31.2129573 
4.0 31.0491741 
4.0 31.45035635 
4.0 32.2628761 
4.0 22.20176105 
4.0 20.8752481 
4.0 25.23963295 
4.0 25.09443475 
4.0 30.24624855 
4.0 29.35263835 
4.0 21.82704125 
4.0 21.4732063 
4.0 30.28398555 
4.0 31.74212195 
4.0 24.51569505 
4.0 25.8181903 
4.0 32.42512035 
4.0 31.57280665 
4.0 23.07697035 
4.0 22.6104291 
