# Position.Z vs. Particle Type (97 data points):
# "Particle Type" Position.Z
1.0 0.0 
1.0 0.0 
1.0 0.0 
1.0 0.0 
1.0 0.0 
1.0 0.0 
1.0 0.0 
1.0 0.0 
1.0 0.0 
1.0 2.2741768 
1.0 2.2741768 
1.0 2.2741768 
1.0 2.2741768 
1.0 2.2741768 
1.0 2.2741768 
1.0 2.2741768 
1.0 2.2741768 
1.0 2.2741768 
1.0 4.3934618 
1.0 4.2335265 
1.0 5.28213105 
1.0 4.3532062 
1.0 4.38351025 
1.0 4.5273081 
1.0 4.5980025 
1.0 4.84517285 
1.0 4.36125095 
1.0 6.7534915 
1.0 6.66272915 
1.0 6.59638385 
1.0 6.4528009 
1.0 7.72695875 
1.0 7.2940609 
1.0 7.17440675 
1.0 7.38095785 
1.0 6.3465423 
2.0 8.5976639 
2.0 12.13308705 
2.0 8.19415695 
3.0 9.782143 
3.0 9.4015943 
3.0 12.84898265 
3.0 11.67119065 
3.0 25.04883745 
3.0 19.86762785 
3.0 26.8606373 
3.0 16.983372 
3.0 9.59143955 
3.0 27.6310636 
3.0 14.8126265 
3.0 13.2037073 
3.0 32.26077085 
3.0 28.81308465 
3.0 26.5060859 
3.0 28.7155463 
3.0 16.4543267 
3.0 29.6228128 
3.0 21.62625465 
3.0 32.11901945 
3.0 32.72034465 
3.0 29.54498995 
4.0 24.2571427 
4.0 24.85827575 
4.0 20.19781995 
4.0 19.03357435 
4.0 27.33458665 
4.0 27.17923565 
4.0 16.71621105 
4.0 17.845254 
4.0 10.1979507 
4.0 9.2918714 
4.0 26.73794095 
4.0 27.6654175 
4.0 15.09716635 
4.0 15.09253095 
4.0 13.19292835 
4.0 12.95221795 
4.0 32.310054 
4.0 31.7601977 
4.0 28.92793015 
4.0 29.35022965 
4.0 26.15914175 
4.0 27.22536285 
4.0 28.0303975 
4.0 28.1737253 
4.0 16.2448482 
4.0 15.57503465 
4.0 29.7402518 
4.0 29.3493823 
4.0 21.26623275 
4.0 21.7683837 
4.0 32.58599085 
4.0 32.78529975 
4.0 32.9821492 
4.0 32.00626625 
4.0 29.56242625 
4.0 29.58732735 
