# Position.Z vs. Particle Type (97 data points):
# "Particle Type" Position.Z
1.0 0.0 
1.0 0.0 
1.0 0.0 
1.0 0.0 
1.0 0.0 
1.0 0.0 
1.0 0.0 
1.0 0.0 
1.0 0.0 
1.0 2.2741768 
1.0 2.2741768 
1.0 2.2741768 
1.0 2.2741768 
1.0 2.2741768 
1.0 2.2741768 
1.0 2.2741768 
1.0 2.2741768 
1.0 2.2741768 
1.0 4.35518545 
1.0 4.2301525 
1.0 4.7629645 
1.0 4.5852492 
1.0 4.23860465 
1.0 4.20948605 
1.0 4.34320845 
1.0 4.44077795 
1.0 4.5501008 
1.0 6.6366545 
1.0 7.0116907 
1.0 6.423613 
1.0 6.13521335 
1.0 7.58969015 
1.0 6.99070015 
1.0 6.5872429 
1.0 6.75714375 
1.0 6.6730041 
2.0 8.41754375 
2.0 13.2529642 
2.0 8.0727087 
3.0 9.60401435 
3.0 9.29239325 
3.0 12.21526355 
3.0 14.2461578 
3.0 26.0115387 
3.0 13.16555135 
3.0 24.5620865 
3.0 23.90496955 
3.0 9.52262325 
3.0 28.4770829 
3.0 18.5924872 
3.0 8.8112556 
3.0 32.1194783 
3.0 32.33157305 
3.0 26.18411495 
3.0 29.27481165 
3.0 10.87329845 
3.0 29.3843459 
3.0 21.5545057 
3.0 31.7431891 
3.0 32.4134839 
3.0 28.80083745 
4.0 25.64427355 
4.0 25.27263025 
4.0 13.09067725 
4.0 12.64675755 
4.0 23.7618031 
4.0 25.27888335 
4.0 24.66751805 
4.0 23.1497889 
4.0 10.09704885 
4.0 9.28921665 
4.0 28.70010325 
4.0 27.51912065 
4.0 18.22390535 
4.0 19.4080208 
4.0 9.55227665 
4.0 9.0215629 
4.0 32.82714785 
4.0 31.34473965 
4.0 31.8513678 
4.0 31.5929831 
4.0 26.64324495 
4.0 26.8232706 
4.0 30.0510182 
4.0 29.06546335 
4.0 11.25007135 
4.0 10.08229985 
4.0 29.2299483 
4.0 28.54228265 
4.0 21.61128865 
4.0 21.0889434 
4.0 32.4134755 
4.0 31.8537352 
4.0 31.94955155 
4.0 32.695313 
4.0 29.19358715 
4.0 27.95229255 
