# Position.Z vs. Particle Type (97 data points):
# "Particle Type" Position.Z
1.0 0.0 
1.0 0.0 
1.0 0.0 
1.0 0.0 
1.0 0.0 
1.0 0.0 
1.0 0.0 
1.0 0.0 
1.0 0.0 
1.0 2.2741768 
1.0 2.2741768 
1.0 2.2741768 
1.0 2.2741768 
1.0 2.2741768 
1.0 2.2741768 
1.0 2.2741768 
1.0 2.2741768 
1.0 2.2741768 
1.0 4.34794185 
1.0 4.2866117 
1.0 4.73405765 
1.0 4.3327284 
1.0 4.71071825 
1.0 4.2733306 
1.0 4.35069915 
1.0 4.46413135 
1.0 4.59584475 
1.0 7.6172824 
1.0 6.8675656 
1.0 6.88756005 
1.0 6.61862985 
1.0 6.809824 
1.0 6.4672958 
1.0 6.43544615 
1.0 6.88842875 
1.0 6.50423235 
2.0 7.8056139 
2.0 14.97946485 
2.0 8.57456355 
3.0 8.9476037 
3.0 9.74397165 
3.0 15.0474863 
3.0 14.86546495 
3.0 24.5820673 
3.0 12.41953615 
3.0 23.869412 
3.0 25.1482245 
3.0 9.5825968 
3.0 29.82968625 
3.0 18.1461882 
3.0 9.24266455 
3.0 31.65636985 
3.0 31.8858267 
3.0 25.82417845 
3.0 28.54353985 
3.0 11.72996825 
3.0 28.6969515 
3.0 22.1845967 
3.0 31.7948393 
3.0 32.5934238 
3.0 27.6954034 
4.0 23.8171367 
4.0 24.3303305 
4.0 12.80599985 
4.0 11.73286135 
4.0 22.9563334 
4.0 24.0733521 
4.0 25.17611845 
4.0 25.33779395 
4.0 10.3033371 
4.0 8.74215195 
4.0 29.53739985 
4.0 30.4879771 
4.0 17.4403082 
4.0 18.8243804 
4.0 9.66203525 
4.0 8.6009819 
4.0 31.03486225 
4.0 31.33734975 
4.0 32.74396755 
4.0 31.81469865 
4.0 26.1231271 
4.0 26.7609748 
4.0 29.1536623 
4.0 28.45170405 
4.0 11.47158215 
4.0 10.988656 
4.0 29.5723631 
4.0 28.04869515 
4.0 21.36343335 
4.0 22.85042305 
4.0 32.71891245 
4.0 31.19453995 
4.0 32.6185629 
4.0 32.4250164 
4.0 27.5493645 
4.0 26.7925259 
