# Position.Z vs. Particle Type (97 data points):
# "Particle Type" Position.Z
1.0 0.0 
1.0 0.0 
1.0 0.0 
1.0 0.0 
1.0 0.0 
1.0 0.0 
1.0 0.0 
1.0 0.0 
1.0 0.0 
1.0 2.2741768 
1.0 2.2741768 
1.0 2.2741768 
1.0 2.2741768 
1.0 2.2741768 
1.0 2.2741768 
1.0 2.2741768 
1.0 2.2741768 
1.0 2.2741768 
1.0 4.3632085 
1.0 4.78767625 
1.0 4.3323343 
1.0 4.41936145 
1.0 4.4267454 
1.0 4.3286131 
1.0 4.56273265 
1.0 4.2713748 
1.0 4.42439725 
1.0 6.2779241 
1.0 6.97802175 
1.0 6.7440401 
1.0 7.2649003 
1.0 6.613152 
1.0 6.6150721 
1.0 7.4060973 
1.0 6.49718125 
1.0 6.3240716 
2.0 7.84252175 
2.0 16.43281325 
2.0 8.48351 
3.0 9.06695825 
3.0 9.5396203 
3.0 16.15404455 
3.0 16.8044135 
3.0 19.67682045 
3.0 13.1134185 
3.0 25.53477255 
3.0 29.1116392 
3.0 15.19885395 
3.0 26.03735645 
3.0 25.0937309 
3.0 9.6752033 
3.0 31.9048632 
3.0 31.87418745 
3.0 24.63358835 
3.0 27.8733903 
3.0 17.2497465 
3.0 32.56826405 
3.0 26.54321845 
3.0 31.973529 
3.0 31.9733071 
3.0 29.43138205 
4.0 20.36951525 
4.0 19.89350895 
4.0 12.4065039 
4.0 13.2951924 
4.0 24.88336935 
4.0 25.98946245 
4.0 28.65948785 
4.0 30.06565905 
4.0 14.97309975 
4.0 15.0227714 
4.0 26.21545675 
4.0 26.84774575 
4.0 25.0275949 
4.0 24.81654315 
4.0 10.30708665 
4.0 10.0914597 
4.0 31.42029205 
4.0 32.78293375 
4.0 31.9517058 
4.0 30.8700504 
4.0 24.09049405 
4.0 25.2667247 
4.0 26.9255903 
4.0 27.7909814 
4.0 16.5948447 
4.0 17.0269078 
4.0 32.8711075 
4.0 32.44524325 
4.0 26.78540725 
4.0 26.42571575 
4.0 32.60984055 
4.0 32.624914 
4.0 31.84760425 
4.0 32.0504758 
4.0 28.9194997 
4.0 29.7674412 
