# Position.Z vs. Particle Type (97 data points):
# "Particle Type" Position.Z
1.0 0.0 
1.0 0.0 
1.0 0.0 
1.0 0.0 
1.0 0.0 
1.0 0.0 
1.0 0.0 
1.0 0.0 
1.0 0.0 
1.0 2.2741768 
1.0 2.2741768 
1.0 2.2741768 
1.0 2.2741768 
1.0 2.2741768 
1.0 2.2741768 
1.0 2.2741768 
1.0 2.2741768 
1.0 2.2741768 
1.0 4.3192079 
1.0 4.688957 
1.0 4.31032805 
1.0 4.263504 
1.0 5.0143695 
1.0 5.12099 
1.0 4.58245865 
1.0 4.23808665 
1.0 4.1344114 
1.0 7.80584875 
1.0 7.55217995 
1.0 6.8290817 
1.0 6.5260391 
1.0 6.4151843 
1.0 7.0514612 
1.0 7.27966155 
1.0 6.9845629 
1.0 6.59546195 
2.0 7.73473435 
2.0 11.62753095 
2.0 8.59371065 
3.0 8.8904249 
3.0 9.73711725 
3.0 11.45647615 
3.0 11.70227065 
3.0 18.8183625 
3.0 11.10627525 
3.0 26.08475835 
3.0 27.70385975 
3.0 15.0701768 
3.0 24.4125756 
3.0 23.4017371 
3.0 9.73264775 
3.0 31.7993578 
3.0 27.58655795 
3.0 24.5487592 
3.0 29.2234586 
3.0 23.01362315 
3.0 31.09757735 
3.0 25.5056004 
3.0 32.27502145 
3.0 32.0155808 
3.0 29.47106435 
4.0 18.63865605 
4.0 19.57320855 
4.0 11.33141275 
4.0 10.98840365 
4.0 25.3489355 
4.0 25.7537308 
4.0 28.4274739 
4.0 27.4226092 
4.0 14.9165709 
4.0 15.9921076 
4.0 25.3692929 
4.0 24.3870872 
4.0 23.11934625 
4.0 23.4352139 
4.0 10.1588774 
4.0 9.34988705 
4.0 32.56798265 
4.0 31.974796 
4.0 27.59501955 
4.0 28.406231 
4.0 24.7614633 
4.0 25.13593495 
4.0 29.85384675 
4.0 28.3800419 
4.0 22.87704265 
4.0 22.1998189 
4.0 32.0065592 
4.0 31.11538535 
4.0 25.52826395 
4.0 25.14050945 
4.0 32.500965 
4.0 31.86780695 
4.0 32.13938805 
4.0 31.48996655 
4.0 29.65077255 
4.0 28.6593734 
