# Position.Z vs. Particle Type (97 data points):
# "Particle Type" Position.Z
1.0 0.0 
1.0 0.0 
1.0 0.0 
1.0 0.0 
1.0 0.0 
1.0 0.0 
1.0 0.0 
1.0 0.0 
1.0 0.0 
1.0 2.2741768 
1.0 2.2741768 
1.0 2.2741768 
1.0 2.2741768 
1.0 2.2741768 
1.0 2.2741768 
1.0 2.2741768 
1.0 2.2741768 
1.0 2.2741768 
1.0 4.8146798 
1.0 4.45989005 
1.0 4.4280278 
1.0 4.3459003 
1.0 4.37610355 
1.0 4.89133715 
1.0 4.3147405 
1.0 4.19903575 
1.0 4.93018015 
1.0 6.43334965 
1.0 7.26266625 
1.0 6.34205355 
1.0 6.6245158 
1.0 7.35456785 
1.0 7.76799415 
1.0 6.60971885 
1.0 7.5392814 
1.0 6.5527511 
2.0 8.6766624 
2.0 14.44979585 
2.0 8.01930885 
3.0 9.891574 
3.0 9.24366345 
3.0 13.3640241 
3.0 15.58914525 
3.0 24.2344837 
3.0 27.52238335 
3.0 15.3268493 
3.0 15.22796135 
3.0 9.34070235 
3.0 18.4957269 
3.0 12.12845445 
3.0 18.06107975 
3.0 32.82388095 
3.0 31.84787305 
3.0 20.42013785 
3.0 24.25173135 
3.0 30.55495065 
3.0 21.47394795 
3.0 32.6027499 
3.0 26.57894715 
3.0 32.2432649 
3.0 21.4509351 
4.0 24.595214 
4.0 23.5266899 
4.0 28.22373015 
4.0 28.0171696 
4.0 15.8999344 
4.0 16.04118775 
4.0 15.7433724 
4.0 14.3465973 
4.0 9.51662845 
4.0 10.140844 
4.0 18.88302535 
4.0 17.5421589 
4.0 12.3397582 
4.0 11.28405425 
4.0 17.9100313 
4.0 18.0970664 
4.0 32.1544524 
4.0 32.8231414 
4.0 31.11448375 
4.0 32.3877379 
4.0 19.4558875 
4.0 20.8267955 
4.0 24.5999817 
4.0 24.7430288 
4.0 31.4817559 
4.0 29.9957889 
4.0 22.33435435 
4.0 20.90342625 
4.0 31.9116581 
4.0 32.583208 
4.0 25.84083495 
4.0 26.25087395 
4.0 32.6408656 
4.0 31.43535815 
4.0 21.39218235 
4.0 22.32005755 
