# Position.Z vs. Particle Type (97 data points):
# "Particle Type" Position.Z
1.0 0.0 
1.0 0.0 
1.0 0.0 
1.0 0.0 
1.0 0.0 
1.0 0.0 
1.0 0.0 
1.0 0.0 
1.0 0.0 
1.0 2.2741768 
1.0 2.2741768 
1.0 2.2741768 
1.0 2.2741768 
1.0 2.2741768 
1.0 2.2741768 
1.0 2.2741768 
1.0 2.2741768 
1.0 2.2741768 
1.0 5.5102411 
1.0 4.2737807 
1.0 4.68293 
1.0 4.4565157 
1.0 4.23378725 
1.0 4.53582605 
1.0 4.60574975 
1.0 4.25974185 
1.0 4.43983435 
1.0 7.1255352 
1.0 6.72907305 
1.0 6.192396 
1.0 6.65414995 
1.0 6.9316828 
1.0 7.2314837 
1.0 6.5700208 
1.0 7.0380576 
1.0 7.93241645 
2.0 8.2155892 
2.0 16.12564135 
2.0 8.12461545 
3.0 9.4296055 
3.0 9.27238655 
3.0 15.370705 
3.0 16.965697 
3.0 25.73157895 
3.0 29.06237845 
3.0 25.7499256 
3.0 19.3970903 
3.0 9.4802246 
3.0 28.1630181 
3.0 12.5673758 
3.0 19.70546025 
3.0 32.0907195 
3.0 29.568833 
3.0 22.1070535 
3.0 30.60629915 
3.0 16.39427055 
3.0 29.1857853 
3.0 27.30976325 
3.0 32.74021905 
3.0 31.74955175 
3.0 30.5654349 
4.0 26.51669825 
4.0 25.95843005 
4.0 28.9088058 
4.0 29.963339 
4.0 24.88123855 
4.0 25.87220055 
4.0 18.79434095 
4.0 20.09920675 
4.0 9.78674305 
4.0 8.80218045 
4.0 27.27197025 
4.0 28.1226869 
4.0 13.2018152 
4.0 12.3841914 
4.0 19.6171542 
4.0 20.5992143 
4.0 32.9997773 
4.0 31.9060329 
4.0 30.40568125 
4.0 29.5265215 
4.0 21.13175435 
4.0 22.41213695 
4.0 31.00342455 
4.0 29.79291175 
4.0 16.7268381 
4.0 17.02694595 
4.0 29.3623995 
4.0 29.2976509 
4.0 27.7803106 
4.0 27.6781484 
4.0 32.80974305 
4.0 32.6380992 
4.0 31.96424665 
4.0 30.90205545 
4.0 30.7522607 
4.0 29.72589795 
