# Position.Z vs. Particle Type (97 data points):
# "Particle Type" Position.Z
1.0 0.0 
1.0 0.0 
1.0 0.0 
1.0 0.0 
1.0 0.0 
1.0 0.0 
1.0 0.0 
1.0 0.0 
1.0 0.0 
1.0 2.2741768 
1.0 2.2741768 
1.0 2.2741768 
1.0 2.2741768 
1.0 2.2741768 
1.0 2.2741768 
1.0 2.2741768 
1.0 2.2741768 
1.0 2.2741768 
1.0 4.73634525 
1.0 4.2221501 
1.0 4.30210165 
1.0 4.2358519 
1.0 4.4025996 
1.0 4.3970031 
1.0 4.4313899 
1.0 5.3197039 
1.0 5.05591975 
1.0 7.0372869 
1.0 6.9579454 
1.0 6.53892435 
1.0 7.6546701 
1.0 6.8436473 
1.0 8.04802075 
1.0 6.5416428 
1.0 7.4244989 
1.0 6.681227 
2.0 8.4925785 
2.0 13.5981636 
2.0 8.381583 
3.0 9.66043225 
3.0 9.5802763 
3.0 12.63948665 
3.0 14.58576945 
3.0 18.61855625 
3.0 25.9195629 
3.0 13.8180931 
3.0 10.08235865 
3.0 9.9983653 
3.0 18.9028322 
3.0 12.6209832 
3.0 21.78531145 
3.0 28.664328 
3.0 31.88296195 
3.0 12.58135515 
3.0 21.66678745 
3.0 29.0203515 
3.0 17.14489945 
3.0 25.8086318 
3.0 26.76500295 
3.0 32.44205615 
3.0 16.136687 
4.0 18.1047699 
4.0 19.2086461 
4.0 25.79090115 
4.0 25.575466 
4.0 13.5601242 
4.0 14.72690275 
4.0 10.6805328 
4.0 10.24525565 
4.0 10.43745675 
4.0 9.92172965 
4.0 18.61059795 
4.0 19.12120805 
4.0 12.9796107 
4.0 11.975425 
4.0 21.1092448 
4.0 22.0259284 
4.0 27.74547825 
4.0 29.2160323 
4.0 31.8467394 
4.0 32.30065125 
4.0 12.849256 
4.0 11.75754405 
4.0 21.74983545 
4.0 21.9766064 
4.0 29.68601335 
4.0 28.9852626 
4.0 17.64065415 
4.0 16.9072127 
4.0 26.23202365 
4.0 26.58607665 
4.0 26.5946212 
4.0 27.69324775 
4.0 32.68400835 
4.0 32.26459215 
4.0 16.1146909 
4.0 15.1980129 
