# Position.Z vs. Particle Type (97 data points):
# "Particle Type" Position.Z
1.0 0.0 
1.0 0.0 
1.0 0.0 
1.0 0.0 
1.0 0.0 
1.0 0.0 
1.0 0.0 
1.0 0.0 
1.0 0.0 
1.0 2.2741768 
1.0 2.2741768 
1.0 2.2741768 
1.0 2.2741768 
1.0 2.2741768 
1.0 2.2741768 
1.0 2.2741768 
1.0 2.2741768 
1.0 2.2741768 
1.0 4.47021715 
1.0 4.2782026 
1.0 4.7788503 
1.0 4.4849728 
1.0 4.27707595 
1.0 4.3965278 
1.0 4.1782559 
1.0 4.63554665 
1.0 4.82240255 
1.0 6.84207475 
1.0 7.40175415 
1.0 6.607783 
1.0 6.95124535 
1.0 7.7064498 
1.0 6.3287714 
1.0 6.2704264 
1.0 7.0934318 
1.0 6.76488015 
2.0 8.11711775 
2.0 16.63302935 
2.0 8.2551791 
3.0 9.32206205 
3.0 9.4609935 
3.0 16.01659325 
3.0 17.14037955 
3.0 9.95411445 
3.0 17.43783685 
3.0 9.76969595 
3.0 12.84368365 
3.0 27.236314 
3.0 26.6950068 
3.0 19.8745085 
3.0 22.3922979 
3.0 14.59123855 
3.0 22.31222385 
3.0 19.4677168 
3.0 32.36408595 
3.0 27.78235145 
3.0 28.95651325 
3.0 32.2083265 
3.0 31.631873 
3.0 30.22196485 
3.0 29.60391665 
4.0 9.0632458 
4.0 9.96954735 
4.0 17.96732035 
4.0 17.1375309 
4.0 10.0126376 
4.0 9.67926155 
4.0 12.7728293 
4.0 13.6896067 
4.0 26.5932786 
4.0 27.44420315 
4.0 25.9923846 
4.0 27.42297775 
4.0 19.604291 
4.0 20.1816496 
4.0 22.59771605 
4.0 21.944013 
4.0 14.3050355 
4.0 14.51937655 
4.0 21.95383925 
4.0 23.27473365 
4.0 19.09011615 
4.0 20.4330658 
4.0 32.0218318 
4.0 32.61493235 
4.0 27.1867113 
4.0 27.3820561 
4.0 28.70599725 
4.0 28.4291735 
4.0 31.78479255 
4.0 32.7787642 
4.0 32.1913487 
4.0 31.17966705 
4.0 29.4109242 
4.0 30.82499665 
4.0 30.0979336 
4.0 28.88199685 
