# Position.Z vs. Particle Type (97 data points):
# "Particle Type" Position.Z
1.0 0.0 
1.0 0.0 
1.0 0.0 
1.0 0.0 
1.0 0.0 
1.0 0.0 
1.0 0.0 
1.0 0.0 
1.0 0.0 
1.0 2.2741768 
1.0 2.2741768 
1.0 2.2741768 
1.0 2.2741768 
1.0 2.2741768 
1.0 2.2741768 
1.0 2.2741768 
1.0 2.2741768 
1.0 2.2741768 
1.0 4.42924545 
1.0 4.2887649 
1.0 4.4831136 
1.0 4.3227016 
1.0 4.4518733 
1.0 5.12208445 
1.0 5.14369905 
1.0 4.69526225 
1.0 4.46556005 
1.0 6.8555067 
1.0 7.2149973 
1.0 7.29584135 
1.0 6.52552635 
1.0 7.1134378 
1.0 7.03907715 
1.0 6.4585577 
1.0 7.46551365 
1.0 6.64462715 
2.0 8.2476821 
2.0 11.5495002 
2.0 8.37439715 
3.0 9.3973474 
3.0 9.5496961 
3.0 12.1981811 
3.0 10.93755005 
3.0 16.3710708 
3.0 11.79769115 
3.0 30.95953945 
3.0 26.9562146 
3.0 13.92803755 
3.0 9.56123805 
3.0 15.6185554 
3.0 15.48163925 
3.0 29.8662952 
3.0 17.6326108 
3.0 20.49723165 
3.0 29.7868613 
3.0 21.7867874 
3.0 31.8753512 
3.0 31.50775285 
3.0 24.65084475 
3.0 19.49249855 
3.0 32.28399195 
4.0 16.3380294 
4.0 16.36337185 
4.0 11.13585165 
4.0 12.2578981 
4.0 30.5016796 
4.0 31.8854767 
4.0 27.2708849 
4.0 26.25862575 
4.0 14.2918608 
4.0 14.5105744 
4.0 8.96661955 
4.0 10.02814015 
4.0 14.72700425 
4.0 16.15077835 
4.0 15.8546458 
4.0 14.8909537 
4.0 29.7134649 
4.0 29.0730762 
4.0 17.62137685 
4.0 16.7553631 
4.0 19.9726422 
4.0 20.0833738 
4.0 28.91749595 
4.0 30.11587145 
4.0 21.75080285 
4.0 22.5943172 
4.0 31.7084817 
4.0 30.982287 
4.0 32.3186535 
4.0 30.96375275 
4.0 25.09610635 
4.0 23.82011625 
4.0 20.4172955 
4.0 19.57498305 
4.0 32.1006889 
4.0 32.3922214 
