# Position.Z vs. Particle Type (97 data points):
# "Particle Type" Position.Z
1.0 0.0 
1.0 0.0 
1.0 0.0 
1.0 0.0 
1.0 0.0 
1.0 0.0 
1.0 0.0 
1.0 0.0 
1.0 0.0 
1.0 2.2741768 
1.0 2.2741768 
1.0 2.2741768 
1.0 2.2741768 
1.0 2.2741768 
1.0 2.2741768 
1.0 2.2741768 
1.0 2.2741768 
1.0 2.2741768 
1.0 4.40612795 
1.0 4.35619345 
1.0 4.42743315 
1.0 4.317138 
1.0 4.3235374 
1.0 5.02524645 
1.0 4.49340465 
1.0 4.2233478 
1.0 4.63040515 
1.0 6.7673452 
1.0 7.2138808 
1.0 6.94797915 
1.0 6.3829311 
1.0 7.19046615 
1.0 6.7735745 
1.0 6.61432205 
1.0 7.36144395 
1.0 6.87775935 
2.0 8.2144825 
2.0 11.3713474 
2.0 8.23533235 
3.0 9.3567376 
3.0 9.43609695 
3.0 12.2877475 
3.0 10.41685015 
3.0 15.39632465 
3.0 13.018096 
3.0 29.32512345 
3.0 27.53583945 
3.0 16.35431035 
3.0 9.7255487 
3.0 14.541478 
3.0 12.6548828 
3.0 28.2608277 
3.0 16.9977535 
3.0 20.5930025 
3.0 30.98735465 
3.0 19.92226635 
3.0 32.3441139 
3.0 31.58235815 
3.0 26.4590466 
3.0 16.968091 
3.0 32.4073806 
4.0 15.03513865 
4.0 14.68150075 
4.0 12.46055685 
4.0 13.43314245 
4.0 28.4936463 
4.0 29.87965365 
4.0 26.96852655 
4.0 27.28438895 
4.0 16.7173909 
4.0 16.5948902 
4.0 9.6324669 
4.0 10.23600025 
4.0 14.64319675 
4.0 15.3145489 
4.0 13.06491165 
4.0 11.7563341 
4.0 29.1264862 
4.0 28.7242844 
4.0 16.91873785 
4.0 17.84273085 
4.0 21.54625025 
4.0 20.30321335 
4.0 30.5717699 
4.0 30.2310463 
4.0 19.7570079 
4.0 19.18440195 
4.0 32.6969895 
4.0 32.1096342 
4.0 31.1023692 
4.0 32.47690425 
4.0 26.978889 
4.0 25.9095823 
4.0 16.3812992 
4.0 16.39340745 
4.0 31.5692818 
4.0 32.2852607 
