# Position.Z vs. Particle Type (97 data points):
# "Particle Type" Position.Z
1.0 0.0 
1.0 0.0 
1.0 0.0 
1.0 0.0 
1.0 0.0 
1.0 0.0 
1.0 0.0 
1.0 0.0 
1.0 0.0 
1.0 2.2741768 
1.0 2.2741768 
1.0 2.2741768 
1.0 2.2741768 
1.0 2.2741768 
1.0 2.2741768 
1.0 2.2741768 
1.0 2.2741768 
1.0 2.2741768 
1.0 4.42728615 
1.0 4.33550705 
1.0 4.1651757 
1.0 4.49073695 
1.0 4.42790985 
1.0 4.79393775 
1.0 4.3300656 
1.0 4.25880385 
1.0 4.88462345 
1.0 6.730556 
1.0 7.4394733 
1.0 6.46234715 
1.0 6.7533466 
1.0 7.6246016 
1.0 7.17562685 
1.0 6.4073569 
1.0 6.757107 
1.0 6.83197165 
2.0 8.1211907 
2.0 20.2442212 
2.0 8.2185817 
3.0 9.35472265 
3.0 9.39337665 
3.0 20.1034638 
3.0 20.2715583 
3.0 13.08266995 
3.0 14.30641345 
3.0 9.93176205 
3.0 9.62168655 
3.0 10.9740456 
3.0 32.5472329 
3.0 25.0435129 
3.0 29.7091865 
3.0 12.37906845 
3.0 28.9930669 
3.0 26.67084945 
3.0 31.95834915 
3.0 31.9038699 
3.0 27.9942628 
3.0 28.67765005 
3.0 32.3400847 
3.0 31.84053355 
3.0 22.29086615 
4.0 12.95404565 
4.0 12.8544626 
4.0 15.0582054 
4.0 14.55872425 
4.0 10.31010085 
4.0 10.2256567 
4.0 9.4527447 
4.0 9.18625365 
4.0 11.8452474 
4.0 11.16713605 
4.0 32.29081765 
4.0 32.4133642 
4.0 24.80864575 
4.0 25.23836595 
4.0 29.1233271 
4.0 30.5406885 
4.0 11.52204375 
4.0 13.10332485 
4.0 29.15643465 
4.0 29.220037 
4.0 27.5831619 
4.0 26.71543805 
4.0 32.63345715 
4.0 31.4011698 
4.0 31.25574445 
4.0 31.62690825 
4.0 27.2168533 
4.0 27.7879 
4.0 29.46933815 
4.0 29.0465483 
4.0 32.7562662 
4.0 32.36660875 
4.0 32.42402275 
4.0 31.9288214 
4.0 22.62517775 
4.0 22.6597042 
