# Position.Z vs. Particle Type (97 data points):
# "Particle Type" Position.Z
1.0 0.0 
1.0 0.0 
1.0 0.0 
1.0 0.0 
1.0 0.0 
1.0 0.0 
1.0 0.0 
1.0 0.0 
1.0 0.0 
1.0 2.2741768 
1.0 2.2741768 
1.0 2.2741768 
1.0 2.2741768 
1.0 2.2741768 
1.0 2.2741768 
1.0 2.2741768 
1.0 2.2741768 
1.0 2.2741768 
1.0 4.6003797 
1.0 4.613532 
1.0 4.2662102 
1.0 4.2669991 
1.0 4.4516003 
1.0 4.43943815 
1.0 4.5239376 
1.0 4.26702185 
1.0 4.2291011 
1.0 7.0988029 
1.0 6.7110463 
1.0 6.3730135 
1.0 6.28955285 
1.0 6.88631055 
1.0 6.6374294 
1.0 6.32202025 
1.0 7.56847245 
1.0 7.13362335 
2.0 8.11400205 
2.0 12.79610885 
2.0 7.92338715 
3.0 9.29593595 
3.0 9.0846735 
3.0 13.79976255 
3.0 11.8210666 
3.0 26.89719865 
3.0 28.54019175 
3.0 15.3610702 
3.0 17.76549985 
3.0 9.69521455 
3.0 21.72213575 
3.0 10.34803595 
3.0 20.34973255 
3.0 31.34986435 
3.0 32.29991485 
3.0 22.71575705 
3.0 27.09932995 
3.0 26.31689585 
3.0 22.80300645 
3.0 29.25673485 
3.0 25.82292755 
3.0 31.75711735 
3.0 26.2932866 
4.0 26.4160974 
4.0 26.98210865 
4.0 28.7931595 
4.0 28.45045315 
4.0 16.0929244 
4.0 14.53021745 
4.0 18.2132671 
4.0 16.83211215 
4.0 10.1500546 
4.0 9.0767803 
4.0 20.8575654 
4.0 21.5320819 
4.0 10.08901985 
4.0 10.94420285 
4.0 20.89656065 
4.0 20.47777025 
4.0 31.72286495 
4.0 31.85786275 
4.0 31.83252975 
4.0 32.1808291 
4.0 23.54717295 
4.0 22.90060465 
4.0 27.3333739 
4.0 26.62485875 
4.0 26.4274507 
4.0 26.6473781 
4.0 23.2909523 
4.0 22.56578905 
4.0 29.27151535 
4.0 29.4892269 
4.0 26.44984195 
4.0 24.94777005 
4.0 30.90975895 
4.0 31.6596406 
4.0 26.11884835 
4.0 25.39643715 
