# Position.Z vs. Particle Type (97 data points):
# "Particle Type" Position.Z
1.0 0.0 
1.0 0.0 
1.0 0.0 
1.0 0.0 
1.0 0.0 
1.0 0.0 
1.0 0.0 
1.0 0.0 
1.0 0.0 
1.0 2.2741768 
1.0 2.2741768 
1.0 2.2741768 
1.0 2.2741768 
1.0 2.2741768 
1.0 2.2741768 
1.0 2.2741768 
1.0 2.2741768 
1.0 2.2741768 
1.0 4.36732205 
1.0 4.30918005 
1.0 5.47569645 
1.0 4.23165785 
1.0 4.46734155 
1.0 4.4660805 
1.0 4.3579459 
1.0 4.4384949 
1.0 4.59325825 
1.0 6.5842952 
1.0 6.3729267 
1.0 6.9371484 
1.0 6.48187925 
1.0 7.721161 
1.0 6.53702665 
1.0 7.5928265 
1.0 7.5220698 
1.0 6.4656942 
2.0 8.37816455 
2.0 11.5285681 
2.0 7.73715705 
3.0 9.3976176 
3.0 8.8935504 
3.0 12.39450905 
3.0 10.6323595 
3.0 13.58219415 
3.0 10.45373035 
3.0 29.2587176 
3.0 27.9280757 
3.0 18.23683435 
3.0 10.48731355 
3.0 14.59070165 
3.0 11.70432235 
3.0 27.41468695 
3.0 16.27248105 
3.0 21.3486329 
3.0 31.9944219 
3.0 19.7098853 
3.0 31.7720088 
3.0 31.09344875 
3.0 29.44464075 
3.0 15.4483441 
3.0 32.5929485 
4.0 12.7955674 
4.0 13.40137225 
4.0 10.54903955 
4.0 10.18802715 
4.0 28.81610025 
4.0 28.6331486 
4.0 28.4707444 
4.0 28.3019352 
4.0 17.3465544 
4.0 18.24896885 
4.0 9.92178565 
4.0 10.2744985 
4.0 15.4382683 
4.0 14.3708985 
4.0 12.38982955 
4.0 11.6207287 
4.0 26.44581065 
4.0 27.3989471 
4.0 16.3319926 
4.0 17.1229821 
4.0 20.77400465 
4.0 21.6011964 
4.0 31.1287116 
4.0 32.38024265 
4.0 18.99674945 
4.0 20.421499 
4.0 32.6129223 
4.0 32.1340299 
4.0 31.35967765 
4.0 31.0278983 
4.0 28.96730235 
4.0 28.9529653 
4.0 15.52307225 
4.0 14.7487529 
4.0 32.43006165 
4.0 32.1252197 
