# Position.Z vs. Particle Type (97 data points):
# "Particle Type" Position.Z
1.0 0.0 
1.0 0.0 
1.0 0.0 
1.0 0.0 
1.0 0.0 
1.0 0.0 
1.0 0.0 
1.0 0.0 
1.0 0.0 
1.0 2.2741768 
1.0 2.2741768 
1.0 2.2741768 
1.0 2.2741768 
1.0 2.2741768 
1.0 2.2741768 
1.0 2.2741768 
1.0 2.2741768 
1.0 2.2741768 
1.0 4.2315973 
1.0 5.05347255 
1.0 4.68686855 
1.0 4.30089905 
1.0 4.2302736 
1.0 4.7946164 
1.0 4.81439315 
1.0 4.4875831 
1.0 4.2423626 
1.0 6.3871843 
1.0 7.22331715 
1.0 6.7542412 
1.0 6.76854815 
1.0 6.64379135 
1.0 7.08902775 
1.0 7.67699065 
1.0 7.16730315 
1.0 6.6192112 
2.0 8.02614575 
2.0 15.0595263 
2.0 8.11878795 
3.0 9.21017265 
3.0 9.26040955 
3.0 15.52546625 
3.0 14.65192295 
3.0 17.78523495 
3.0 11.73163775 
3.0 26.40707335 
3.0 27.22587735 
3.0 16.2406818 
3.0 24.9142005 
3.0 26.22980185 
3.0 10.48638535 
3.0 32.6794069 
3.0 31.78512505 
3.0 23.5816161 
3.0 30.49436985 
3.0 18.76565145 
3.0 31.9415026 
3.0 27.70886545 
3.0 31.7837114 
3.0 32.2528668 
3.0 28.97808445 
4.0 17.69681095 
4.0 18.5378179 
4.0 12.0075396 
4.0 12.07644585 
4.0 26.91733625 
4.0 25.4381078 
4.0 27.11324665 
4.0 28.0685608 
4.0 15.42140145 
4.0 15.87747945 
4.0 24.02809395 
4.0 25.19617555 
4.0 25.6394565 
4.0 26.3680039 
4.0 10.31141545 
4.0 11.31876865 
4.0 32.6663365 
4.0 32.49614795 
4.0 32.08795275 
4.0 32.54747335 
4.0 24.1417519 
4.0 22.86561865 
4.0 30.3126131 
4.0 29.5516298 
4.0 18.97461265 
4.0 17.8134698 
4.0 32.0200965 
4.0 32.64157155 
4.0 27.5349872 
4.0 27.65343875 
4.0 32.3235822 
4.0 31.50065345 
4.0 31.755801 
4.0 31.74410295 
4.0 28.5624101 
4.0 28.853685 
