# Position.Z vs. Particle Type (97 data points):
# "Particle Type" Position.Z
1.0 0.0 
1.0 0.0 
1.0 0.0 
1.0 0.0 
1.0 0.0 
1.0 0.0 
1.0 0.0 
1.0 0.0 
1.0 0.0 
1.0 2.2741768 
1.0 2.2741768 
1.0 2.2741768 
1.0 2.2741768 
1.0 2.2741768 
1.0 2.2741768 
1.0 2.2741768 
1.0 2.2741768 
1.0 2.2741768 
1.0 4.2781949 
1.0 4.30989755 
1.0 5.51655055 
1.0 4.47433945 
1.0 4.5796632 
1.0 4.56385825 
1.0 4.3201998 
1.0 4.78248715 
1.0 4.6513859 
1.0 7.0963998 
1.0 7.6882932 
1.0 6.72599865 
1.0 6.7332769 
1.0 8.0285583 
1.0 6.35384855 
1.0 6.61787175 
1.0 6.95856 
1.0 6.8423698 
2.0 8.31237575 
2.0 14.323575 
2.0 8.76041145 
3.0 9.4451665 
3.0 9.85092115 
3.0 15.0447983 
3.0 13.8224247 
3.0 12.85620735 
3.0 14.3291428 
3.0 10.1609956 
3.0 10.6310064 
3.0 28.7514675 
3.0 26.66505275 
3.0 22.6039849 
3.0 24.93719305 
3.0 18.95560625 
3.0 25.2176687 
3.0 16.73024185 
3.0 32.60899285 
3.0 27.9926717 
3.0 27.9227515 
3.0 32.04691 
3.0 32.14058225 
3.0 29.34024065 
3.0 31.91986245 
4.0 12.4952191 
4.0 12.00102785 
4.0 14.67468695 
4.0 14.7686945 
4.0 10.46625475 
4.0 10.45378845 
4.0 10.41892075 
4.0 11.55788445 
4.0 28.5707667 
4.0 28.6587532 
4.0 26.4421549 
4.0 26.7000811 
4.0 22.85263435 
4.0 21.8449462 
4.0 25.4549834 
4.0 25.3870666 
4.0 18.4406838 
4.0 18.9845579 
4.0 24.5152173 
4.0 25.01005185 
4.0 15.8864972 
4.0 16.4175935 
4.0 32.13772345 
4.0 32.0564559 
4.0 28.0158095 
4.0 27.1016452 
4.0 28.2459667 
4.0 27.05285975 
4.0 32.0426512 
4.0 32.8822354 
4.0 32.9228606 
4.0 31.5880677 
4.0 30.2596322 
4.0 29.08546305 
4.0 32.00225105 
4.0 30.9574307 
