# Position.Z vs. Particle Type (97 data points):
# "Particle Type" Position.Z
1.0 0.0 
1.0 0.0 
1.0 0.0 
1.0 0.0 
1.0 0.0 
1.0 0.0 
1.0 0.0 
1.0 0.0 
1.0 0.0 
1.0 2.2741768 
1.0 2.2741768 
1.0 2.2741768 
1.0 2.2741768 
1.0 2.2741768 
1.0 2.2741768 
1.0 2.2741768 
1.0 2.2741768 
1.0 2.2741768 
1.0 4.35086365 
1.0 4.43860515 
1.0 4.9605234 
1.0 4.2669816 
1.0 4.581395 
1.0 4.1825623 
1.0 4.25748505 
1.0 4.33123425 
1.0 4.64855195 
1.0 6.2744402 
1.0 6.85849185 
1.0 6.74802275 
1.0 6.57021505 
1.0 7.8618799 
1.0 6.6634393 
1.0 7.1306319 
1.0 7.40397175 
1.0 6.5557975 
2.0 8.7181654 
2.0 11.81771465 
2.0 7.8045317 
3.0 9.8220402 
3.0 8.9843824 
3.0 12.7353884 
3.0 10.90947095 
3.0 13.0946613 
3.0 11.54013595 
3.0 29.37059755 
3.0 27.9093899 
3.0 17.61774525 
3.0 9.37827835 
3.0 14.3181213 
3.0 12.36617375 
3.0 27.8595065 
3.0 15.056223 
3.0 21.69909105 
3.0 32.55521535 
3.0 19.4114963 
3.0 31.674587 
3.0 30.45201845 
3.0 28.949529 
3.0 15.29530275 
3.0 32.74953885 
4.0 13.03407245 
4.0 13.5101806 
4.0 12.55656955 
4.0 11.34285705 
4.0 30.14794125 
4.0 28.62412105 
4.0 27.2378568 
4.0 27.8099514 
4.0 16.91289985 
4.0 18.24975775 
4.0 10.01346325 
4.0 9.7001982 
4.0 14.88348225 
4.0 14.7583058 
4.0 12.18656845 
4.0 11.63364615 
4.0 27.7578182 
4.0 28.3372642 
4.0 15.1378731 
4.0 14.58790865 
4.0 21.8363642 
4.0 22.60538805 
4.0 32.99008055 
4.0 32.25033595 
4.0 19.56975405 
4.0 18.4973908 
4.0 31.83424405 
4.0 32.4898532 
4.0 29.5866186 
4.0 30.72569885 
4.0 29.25969025 
4.0 28.86860375 
4.0 16.1552531 
4.0 14.83172705 
4.0 31.959816 
4.0 32.3928619 
