# Position.Z vs. Particle Type (97 data points):
# "Particle Type" Position.Z
1.0 0.0 
1.0 0.0 
1.0 0.0 
1.0 0.0 
1.0 0.0 
1.0 0.0 
1.0 0.0 
1.0 0.0 
1.0 0.0 
1.0 2.2741768 
1.0 2.2741768 
1.0 2.2741768 
1.0 2.2741768 
1.0 2.2741768 
1.0 2.2741768 
1.0 2.2741768 
1.0 2.2741768 
1.0 2.2741768 
1.0 4.5342241 
1.0 4.4063502 
1.0 4.60395635 
1.0 4.2742609 
1.0 4.51041255 
1.0 4.511892 
1.0 4.467351 
1.0 4.63599185 
1.0 5.2176341 
1.0 7.09567285 
1.0 7.1330707 
1.0 6.4133916 
1.0 6.8543587 
1.0 8.04853385 
1.0 7.030597 
1.0 6.83734205 
1.0 6.46981895 
1.0 6.98723655 
2.0 8.20211385 
2.0 18.75599565 
2.0 8.206163 
3.0 9.3591372 
3.0 9.3827993 
3.0 19.6162477 
3.0 18.06175665 
3.0 9.81125705 
3.0 16.5534271 
3.0 10.648575 
3.0 13.13007185 
3.0 16.29025825 
3.0 32.5143042 
3.0 24.46803485 
3.0 26.8446038 
3.0 13.3800653 
3.0 28.6083672 
3.0 27.7761806 
3.0 31.82857685 
3.0 29.3952232 
3.0 27.64502405 
3.0 29.75061915 
3.0 32.42558935 
3.0 31.94334395 
3.0 25.6551568 
4.0 10.41340265 
4.0 9.84188345 
4.0 15.7732715 
4.0 17.328164 
4.0 10.86449595 
4.0 11.04504275 
4.0 12.60878325 
4.0 13.2229419 
4.0 15.88207355 
4.0 15.7859569 
4.0 33.0149575 
4.0 32.5708299 
4.0 23.8980147 
4.0 24.185287 
4.0 26.41065385 
4.0 26.10110755 
4.0 12.4701843 
4.0 14.01921815 
4.0 28.7157451 
4.0 29.3863003 
4.0 27.32519895 
4.0 27.23825195 
4.0 30.960314 
4.0 31.86106245 
4.0 28.56006755 
4.0 29.6928226 
4.0 28.17752665 
4.0 28.34362265 
4.0 29.62032255 
4.0 30.4353903 
4.0 32.30730265 
4.0 31.82419345 
4.0 32.88332075 
4.0 31.53126935 
4.0 24.7251914 
4.0 26.09253955 
