# Position.Z vs. Particle Type (97 data points):
# "Particle Type" Position.Z
1.0 0.0 
1.0 0.0 
1.0 0.0 
1.0 0.0 
1.0 0.0 
1.0 0.0 
1.0 0.0 
1.0 0.0 
1.0 0.0 
1.0 2.2741768 
1.0 2.2741768 
1.0 2.2741768 
1.0 2.2741768 
1.0 2.2741768 
1.0 2.2741768 
1.0 2.2741768 
1.0 2.2741768 
1.0 2.2741768 
1.0 4.2356377 
1.0 4.421844 
1.0 4.53692715 
1.0 4.41576905 
1.0 4.85411325 
1.0 4.2704172 
1.0 4.86362905 
1.0 4.3759212 
1.0 4.2426244 
1.0 6.8933144 
1.0 6.95684675 
1.0 7.10470145 
1.0 6.5591218 
1.0 6.6825059 
1.0 7.28931385 
1.0 7.01110515 
1.0 6.51755265 
1.0 6.27348365 
2.0 8.25298775 
2.0 13.36981065 
2.0 7.84239435 
3.0 9.483768 
3.0 9.00186595 
3.0 13.97337725 
3.0 12.79926445 
3.0 14.47857075 
3.0 9.6683601 
3.0 27.517924 
3.0 28.16277275 
3.0 20.9610191 
3.0 20.0377429 
3.0 24.51939665 
3.0 10.1496836 
3.0 31.5607957 
3.0 29.6164323 
3.0 22.1159407 
3.0 30.9596329 
3.0 21.18682615 
3.0 32.63726585 
3.0 25.25416285 
3.0 32.4117402 
3.0 29.8470949 
3.0 31.21847435 
4.0 15.0325021 
4.0 14.4149481 
4.0 9.74945195 
4.0 8.91073785 
4.0 26.6781823 
4.0 27.45412355 
4.0 28.74681635 
4.0 28.55723465 
4.0 21.096817 
4.0 21.15439445 
4.0 19.69962715 
4.0 20.01793045 
4.0 24.9620427 
4.0 23.9364104 
4.0 10.50195685 
4.0 10.64789565 
4.0 32.36469495 
4.0 31.82647895 
4.0 29.1694718 
4.0 29.88315995 
4.0 21.64376375 
4.0 23.0172894 
4.0 31.81753085 
4.0 30.46764315 
4.0 20.34382315 
4.0 21.68692715 
4.0 33.15141795 
4.0 32.7112149 
4.0 24.9912075 
4.0 25.97590555 
4.0 31.8477019 
4.0 31.91430305 
4.0 29.82993895 
4.0 29.0403232 
4.0 31.8476851 
4.0 30.82514435 
