# Position.Z vs. Particle Type (97 data points):
# "Particle Type" Position.Z
1.0 0.0 
1.0 0.0 
1.0 0.0 
1.0 0.0 
1.0 0.0 
1.0 0.0 
1.0 0.0 
1.0 0.0 
1.0 0.0 
1.0 2.2741768 
1.0 2.2741768 
1.0 2.2741768 
1.0 2.2741768 
1.0 2.2741768 
1.0 2.2741768 
1.0 2.2741768 
1.0 2.2741768 
1.0 2.2741768 
1.0 4.85876965 
1.0 4.35290205 
1.0 4.2540694 
1.0 4.2931469 
1.0 4.4592079 
1.0 4.6456032 
1.0 5.21934245 
1.0 4.1925534 
1.0 4.59531905 
1.0 6.52084895 
1.0 6.6286682 
1.0 7.26344955 
1.0 6.63828655 
1.0 7.5105772 
1.0 7.22156435 
1.0 6.5364691 
1.0 7.3672592 
1.0 6.48582585 
2.0 8.6545305 
2.0 12.9514028 
2.0 8.0790304 
3.0 9.80772625 
3.0 9.2281329 
3.0 13.1229056 
3.0 12.78163845 
3.0 16.71379815 
3.0 11.3201613 
3.0 32.1010032 
3.0 26.55189635 
3.0 16.3407804 
3.0 9.4203963 
3.0 16.50472915 
3.0 19.52078695 
3.0 32.6160569 
3.0 17.1334163 
3.0 23.28495295 
3.0 29.65426205 
3.0 23.6856879 
3.0 31.69065165 
3.0 32.0200881 
3.0 23.53155 
3.0 18.4116198 
3.0 31.07268535 
4.0 16.27801385 
4.0 17.27624185 
4.0 11.42557255 
4.0 12.1882313 
4.0 32.232984 
4.0 32.4074044 
4.0 26.2640483 
4.0 26.2044867 
4.0 15.8198971 
4.0 15.69508955 
4.0 9.86879215 
4.0 9.36184095 
4.0 16.7648642 
4.0 16.47339995 
4.0 18.88573085 
4.0 19.4925248 
4.0 31.7265655 
4.0 33.28661245 
4.0 16.36694745 
4.0 17.87326485 
4.0 22.5983233 
4.0 23.80630595 
4.0 29.26966455 
4.0 29.0119081 
4.0 23.9781458 
4.0 24.60185945 
4.0 31.1625419 
4.0 31.36533645 
4.0 32.7407017 
4.0 32.2825993 
4.0 23.9024261 
4.0 22.6011478 
4.0 19.36487245 
4.0 17.9869501 
4.0 31.2168472 
4.0 30.87755055 
