# Position.Z vs. Particle Type (97 data points):
# "Particle Type" Position.Z
1.0 0.0 
1.0 0.0 
1.0 0.0 
1.0 0.0 
1.0 0.0 
1.0 0.0 
1.0 0.0 
1.0 0.0 
1.0 0.0 
1.0 2.2741768 
1.0 2.2741768 
1.0 2.2741768 
1.0 2.2741768 
1.0 2.2741768 
1.0 2.2741768 
1.0 2.2741768 
1.0 2.2741768 
1.0 2.2741768 
1.0 5.28382225 
1.0 4.8705524 
1.0 4.7642427 
1.0 4.2051954 
1.0 4.4275497 
1.0 4.5698191 
1.0 4.31425995 
1.0 4.5485104 
1.0 4.6580254 
1.0 6.91646095 
1.0 6.7705883 
1.0 6.30069755 
1.0 6.60252915 
1.0 7.0959371 
1.0 6.6399858 
1.0 6.85503245 
1.0 7.83749365 
1.0 7.69429115 
2.0 8.40134505 
2.0 12.34610475 
2.0 7.89245625 
3.0 9.3470405 
3.0 9.1575449 
3.0 12.95775985 
3.0 11.77053815 
3.0 27.5175026 
3.0 30.0990382 
3.0 15.52037795 
3.0 18.72553095 
3.0 9.73325115 
3.0 22.47571865 
3.0 9.93076805 
3.0 19.95138915 
3.0 32.6408019 
3.0 32.02024735 
3.0 22.0946537 
3.0 28.77116025 
3.0 26.3861143 
3.0 22.9087677 
3.0 29.24322765 
3.0 25.8968465 
3.0 30.71096735 
3.0 25.9476301 
4.0 26.83116625 
4.0 28.0005019 
4.0 30.1226793 
4.0 31.0335354 
4.0 14.85983905 
4.0 15.4411348 
4.0 18.2079646 
4.0 18.33947535 
4.0 9.2002323 
4.0 9.88021895 
4.0 22.94069645 
4.0 21.8097558 
4.0 9.77153625 
4.0 10.0004359 
4.0 19.85884495 
4.0 20.4762733 
4.0 32.46385695 
4.0 32.3230425 
4.0 32.81902225 
4.0 32.1937959 
4.0 22.00246825 
4.0 22.81274905 
4.0 28.08968715 
4.0 29.08664885 
4.0 26.2888997 
4.0 26.55611105 
4.0 22.2109209 
4.0 22.8628981 
4.0 28.50901375 
4.0 28.81690385 
4.0 26.19700965 
4.0 24.9621932 
4.0 30.5606266 
4.0 30.21629135 
4.0 25.97383425 
4.0 26.25386365 
