# Position.Z vs. Particle Type (97 data points):
# "Particle Type" Position.Z
1.0 0.0 
1.0 0.0 
1.0 0.0 
1.0 0.0 
1.0 0.0 
1.0 0.0 
1.0 0.0 
1.0 0.0 
1.0 0.0 
1.0 2.2741768 
1.0 2.2741768 
1.0 2.2741768 
1.0 2.2741768 
1.0 2.2741768 
1.0 2.2741768 
1.0 2.2741768 
1.0 2.2741768 
1.0 2.2741768 
1.0 4.63573705 
1.0 4.48765135 
1.0 4.7865314 
1.0 4.38123945 
1.0 4.6060182 
1.0 4.58675315 
1.0 4.5016118 
1.0 4.19324675 
1.0 5.1201003 
1.0 6.9376853 
1.0 8.03244785 
1.0 6.863528 
1.0 6.59241625 
1.0 7.18181345 
1.0 7.2055459 
1.0 6.70660095 
1.0 7.23504005 
1.0 6.86740285 
2.0 8.3077995 
2.0 14.44238985 
2.0 8.56088415 
3.0 9.4584154 
3.0 9.80899255 
3.0 13.8699323 
3.0 14.796145 
3.0 12.4024271 
3.0 12.3223114 
3.0 9.61611385 
3.0 10.3407269 
3.0 21.40962425 
3.0 23.54242835 
3.0 23.2913758 
3.0 21.7625506 
3.0 20.95522625 
3.0 24.5138376 
3.0 15.48317295 
3.0 26.4055281 
3.0 23.88600865 
3.0 26.6789852 
3.0 27.8265057 
3.0 29.40722435 
3.0 31.1079629 
3.0 27.68324265 
4.0 11.56547175 
4.0 12.5673429 
4.0 12.7009869 
4.0 11.80450425 
4.0 10.2716929 
4.0 9.14535545 
4.0 10.9963938 
4.0 10.25509205 
4.0 20.84446385 
4.0 21.7852509 
4.0 23.8097706 
4.0 22.588503 
4.0 23.8993034 
4.0 22.61827715 
4.0 21.4109945 
4.0 22.7366146 
4.0 21.3393264 
4.0 20.30206045 
4.0 24.5146209 
4.0 25.4609152 
4.0 16.0887993 
4.0 14.8482418 
4.0 26.6925477 
4.0 26.2956127 
4.0 22.9146001 
4.0 24.08050575 
4.0 25.79455795 
4.0 27.35281185 
4.0 27.6119522 
4.0 27.54997035 
4.0 29.17958225 
4.0 30.0066368 
4.0 30.84171825 
4.0 31.10187395 
4.0 27.17475845 
4.0 28.14789565 
