# Position.Z vs. Particle Type (97 data points):
# "Particle Type" Position.Z
1.0 0.0 
1.0 0.0 
1.0 0.0 
1.0 0.0 
1.0 0.0 
1.0 0.0 
1.0 0.0 
1.0 0.0 
1.0 0.0 
1.0 2.2741768 
1.0 2.2741768 
1.0 2.2741768 
1.0 2.2741768 
1.0 2.2741768 
1.0 2.2741768 
1.0 2.2741768 
1.0 2.2741768 
1.0 2.2741768 
1.0 4.4088163 
1.0 4.4652265 
1.0 4.33707575 
1.0 4.38958485 
1.0 4.4255484 
1.0 5.13304295 
1.0 4.4999836 
1.0 4.52614715 
1.0 4.3477602 
1.0 7.32606945 
1.0 7.2421139 
1.0 6.50354355 
1.0 7.4899475 
1.0 6.98579385 
1.0 6.90335905 
1.0 6.46916795 
1.0 7.2554874 
1.0 6.5586892 
2.0 8.19601895 
2.0 21.3030797 
2.0 8.4859215 
3.0 9.30050275 
3.0 9.7270411 
3.0 20.88422385 
3.0 21.80665305 
3.0 13.696753 
3.0 12.1948302 
3.0 9.476782 
3.0 11.78919665 
3.0 10.08064995 
3.0 32.14523305 
3.0 24.91736975 
3.0 28.6746068 
3.0 12.7473913 
3.0 27.32017715 
3.0 24.21203925 
3.0 32.49140545 
3.0 31.366209 
3.0 28.50688855 
3.0 30.41229555 
3.0 30.50532345 
3.0 30.6837853 
3.0 20.91768315 
4.0 13.29665295 
4.0 13.3977921 
4.0 11.3714776 
4.0 11.95364625 
4.0 9.8488376 
4.0 10.11631005 
4.0 11.75401325 
4.0 12.4395138 
4.0 9.590483 
4.0 10.91147015 
4.0 33.01490675 
4.0 32.3080688 
4.0 25.0517659 
4.0 24.9640622 
4.0 27.9134044 
4.0 29.22996405 
4.0 12.42478405 
4.0 13.50351905 
4.0 27.57830705 
4.0 27.6912146 
4.0 24.16349145 
4.0 25.066776 
4.0 31.6407805 
4.0 32.2477267 
4.0 30.5256588 
4.0 31.34914195 
4.0 29.39259295 
4.0 28.4437356 
4.0 30.80485205 
4.0 29.6195914 
4.0 31.07347775 
4.0 31.0919448 
4.0 30.6605586 
4.0 30.9856176 
4.0 20.74307935 
4.0 21.4137924 
