# Position.Z vs. Particle Type (97 data points):
# "Particle Type" Position.Z
1.0 0.0 
1.0 0.0 
1.0 0.0 
1.0 0.0 
1.0 0.0 
1.0 0.0 
1.0 0.0 
1.0 0.0 
1.0 0.0 
1.0 2.2741768 
1.0 2.2741768 
1.0 2.2741768 
1.0 2.2741768 
1.0 2.2741768 
1.0 2.2741768 
1.0 2.2741768 
1.0 2.2741768 
1.0 2.2741768 
1.0 4.37899595 
1.0 4.4111179 
1.0 4.4905581 
1.0 4.3629397 
1.0 4.53660025 
1.0 4.33774775 
1.0 4.203472 
1.0 4.78690765 
1.0 4.4722573 
1.0 7.06612445 
1.0 6.4401505 
1.0 6.24646155 
1.0 7.24641855 
1.0 6.5541756 
1.0 7.22412075 
1.0 6.58427805 
1.0 6.7668762 
1.0 6.84891235 
2.0 8.51922365 
2.0 16.50712945 
2.0 8.3423935 
3.0 9.71755295 
3.0 9.50480685 
3.0 17.2475464 
3.0 15.7018631 
3.0 11.34851655 
3.0 14.4149915 
3.0 17.3979897 
3.0 12.4011307 
3.0 9.67930915 
3.0 32.8274702 
3.0 20.3845803 
3.0 23.41548405 
3.0 13.2188392 
3.0 23.07551785 
3.0 20.2761601 
3.0 27.3223993 
3.0 32.13952945 
3.0 21.49191415 
3.0 31.53867535 
3.0 30.5872637 
3.0 31.8569776 
3.0 21.26963825 
4.0 11.2796152 
4.0 11.15189845 
4.0 13.6246026 
4.0 14.03217515 
4.0 17.0829519 
4.0 16.6122236 
4.0 12.1537759 
4.0 11.6817379 
4.0 9.0290186 
4.0 9.6120591 
4.0 32.50293025 
4.0 32.0972904 
4.0 20.5202235 
4.0 19.9357613 
4.0 22.8782659 
4.0 22.96975765 
4.0 12.96400595 
4.0 14.20653185 
4.0 22.9398736 
4.0 22.14329215 
4.0 20.11267685 
4.0 19.39864115 
4.0 26.80703935 
4.0 26.8162048 
4.0 32.7240046 
4.0 32.3861426 
4.0 21.56000735 
4.0 22.3143886 
4.0 30.87741125 
4.0 32.4214919 
4.0 30.9566768 
4.0 29.64316495 
4.0 31.57632835 
4.0 32.5847781 
4.0 21.867328 
4.0 20.3166187 
