# Position.Z vs. Particle Type (97 data points):
# "Particle Type" Position.Z
1.0 0.0 
1.0 0.0 
1.0 0.0 
1.0 0.0 
1.0 0.0 
1.0 0.0 
1.0 0.0 
1.0 0.0 
1.0 0.0 
1.0 2.2741768 
1.0 2.2741768 
1.0 2.2741768 
1.0 2.2741768 
1.0 2.2741768 
1.0 2.2741768 
1.0 2.2741768 
1.0 2.2741768 
1.0 2.2741768 
1.0 4.8388627 
1.0 4.205082 
1.0 5.55562875 
1.0 4.2062888 
1.0 4.32417335 
1.0 4.55336175 
1.0 4.4135847 
1.0 4.47221775 
1.0 4.4970142 
1.0 6.44546 
1.0 6.9824804 
1.0 6.46058035 
1.0 6.3991123 
1.0 7.12128795 
1.0 7.16799195 
1.0 8.11073095 
1.0 7.55714785 
1.0 6.4231062 
2.0 8.4121072 
2.0 13.5496627 
2.0 7.87828615 
3.0 9.52927185 
3.0 8.84099965 
3.0 12.91086125 
3.0 14.30716385 
3.0 10.3618165 
3.0 12.646039 
3.0 32.59744635 
3.0 26.6776986 
3.0 16.39386875 
3.0 13.2165033 
3.0 26.10044815 
3.0 12.2312806 
3.0 26.95000175 
3.0 28.43504825 
3.0 18.93505285 
3.0 31.4463576 
3.0 16.2247477 
3.0 31.6484574 
3.0 29.1718378 
3.0 31.9311041 
3.0 18.37322935 
3.0 32.3892233 
4.0 10.969399 
4.0 10.0930872 
4.0 11.6483913 
4.0 12.90872625 
4.0 32.22725345 
4.0 32.66872595 
4.0 26.46750295 
4.0 27.6456327 
4.0 16.27253985 
4.0 15.4975352 
4.0 13.34574885 
4.0 14.1261519 
4.0 26.31901965 
4.0 26.20433725 
4.0 11.6628211 
4.0 12.8826474 
4.0 26.94507025 
4.0 27.68129945 
4.0 27.8968459 
4.0 29.31647075 
4.0 19.471214 
4.0 19.0346317 
4.0 30.6167617 
4.0 31.93708035 
4.0 16.6860295 
4.0 16.8841596 
4.0 31.0408966 
4.0 32.5972675 
4.0 29.4661598 
4.0 29.5577646 
4.0 32.68720525 
4.0 31.94595845 
4.0 17.85527135 
4.0 18.08208815 
4.0 32.1559777 
4.0 31.94161285 
