# Position.Z vs. Particle Type (97 data points):
# "Particle Type" Position.Z
1.0 0.0 
1.0 0.0 
1.0 0.0 
1.0 0.0 
1.0 0.0 
1.0 0.0 
1.0 0.0 
1.0 0.0 
1.0 0.0 
1.0 2.2741768 
1.0 2.2741768 
1.0 2.2741768 
1.0 2.2741768 
1.0 2.2741768 
1.0 2.2741768 
1.0 2.2741768 
1.0 2.2741768 
1.0 2.2741768 
1.0 4.4258949 
1.0 4.27451395 
1.0 4.40288835 
1.0 4.393235 
1.0 4.324768 
1.0 4.9888069 
1.0 4.30711505 
1.0 4.41446915 
1.0 4.7746545 
1.0 6.6142223 
1.0 7.3176292 
1.0 6.6383072 
1.0 6.5786973 
1.0 7.18300625 
1.0 6.57593685 
1.0 6.23524265 
1.0 7.1931678 
1.0 7.1291983 
2.0 8.10055855 
2.0 11.40651155 
2.0 8.12317835 
3.0 9.1552699 
3.0 9.25383935 
3.0 12.4232038 
3.0 10.47546675 
3.0 14.59629535 
3.0 13.4918497 
3.0 29.0108217 
3.0 27.9961885 
3.0 16.77704175 
3.0 9.60928255 
3.0 14.6304389 
3.0 12.33288 
3.0 27.921103 
3.0 16.19127405 
3.0 21.1726795 
3.0 30.0415339 
3.0 19.08514405 
3.0 32.4452394 
3.0 30.68011415 
3.0 27.9264475 
3.0 15.8213769 
3.0 31.6666112 
4.0 13.8506088 
4.0 15.2773054 
4.0 14.15962275 
4.0 13.89947195 
4.0 28.65924425 
4.0 29.98015055 
4.0 28.443443 
4.0 27.03821015 
4.0 16.67061795 
4.0 16.22339495 
4.0 9.3482571 
4.0 10.61719015 
4.0 13.8881204 
4.0 15.0578799 
4.0 12.92335555 
4.0 11.5587017 
4.0 27.97397575 
4.0 28.06269935 
4.0 15.69212575 
4.0 17.1527979 
4.0 21.7244972 
4.0 21.7933499 
4.0 30.6275788 
4.0 29.24153575 
4.0 18.67184585 
4.0 19.9989328 
4.0 32.4171981 
4.0 32.6813074 
4.0 30.21522315 
4.0 29.9519584 
4.0 28.460411 
4.0 27.27338495 
4.0 16.44823915 
4.0 15.6045232 
4.0 32.52010475 
4.0 31.2284301 
