# Position.Z vs. Particle Type (97 data points):
# "Particle Type" Position.Z
1.0 0.0 
1.0 0.0 
1.0 0.0 
1.0 0.0 
1.0 0.0 
1.0 0.0 
1.0 0.0 
1.0 0.0 
1.0 0.0 
1.0 2.2741768 
1.0 2.2741768 
1.0 2.2741768 
1.0 2.2741768 
1.0 2.2741768 
1.0 2.2741768 
1.0 2.2741768 
1.0 2.2741768 
1.0 2.2741768 
1.0 4.4830842 
1.0 4.8421793 
1.0 4.19509125 
1.0 4.2604184 
1.0 4.30743915 
1.0 4.42537165 
1.0 4.70302035 
1.0 5.3423832 
1.0 4.3433285 
1.0 7.57955905 
1.0 7.3012086 
1.0 7.4325615 
1.0 6.63049905 
1.0 6.6061968 
1.0 7.16025205 
1.0 6.68797675 
1.0 6.71334195 
1.0 6.4130997 
2.0 8.4299488 
2.0 11.2611317 
2.0 8.17297705 
3.0 9.41079615 
3.0 9.40016875 
3.0 10.1733674 
3.0 12.3563237 
3.0 9.83478195 
3.0 10.03527665 
3.0 10.3116559 
3.0 10.27193685 
3.0 12.4371625 
3.0 14.7475944 
3.0 15.6732464 
3.0 15.0652222 
3.0 13.04470195 
3.0 16.87841715 
3.0 13.709024 
3.0 15.1311888 
3.0 18.02003035 
3.0 21.24164385 
3.0 19.82079575 
3.0 21.1310701 
3.0 20.61130785 
3.0 17.68429215 
4.0 8.91886205 
4.0 9.7662824 
4.0 10.87218895 
4.0 10.323068 
4.0 9.5085613 
4.0 9.94001505 
4.0 10.50811615 
4.0 9.9840433 
4.0 12.4926816 
4.0 13.3293363 
4.0 15.02768715 
4.0 14.1556681 
4.0 16.61656885 
4.0 15.50294585 
4.0 14.19032965 
4.0 14.93590595 
4.0 13.62931465 
4.0 13.1118421 
4.0 17.6491301 
4.0 16.39389395 
4.0 13.401864 
4.0 14.36466675 
4.0 14.78301055 
4.0 15.5345834 
4.0 18.62579005 
4.0 18.138463 
4.0 21.11789995 
4.0 20.9174161 
4.0 19.0829065 
4.0 20.3427763 
4.0 20.9041455 
4.0 21.28641305 
4.0 21.00340935 
4.0 19.68732605 
4.0 17.840228 
4.0 17.0061668 
