# Position.Z vs. Particle Type (97 data points):
# "Particle Type" Position.Z
1.0 0.0 
1.0 0.0 
1.0 0.0 
1.0 0.0 
1.0 0.0 
1.0 0.0 
1.0 0.0 
1.0 0.0 
1.0 0.0 
1.0 2.2741768 
1.0 2.2741768 
1.0 2.2741768 
1.0 2.2741768 
1.0 2.2741768 
1.0 2.2741768 
1.0 2.2741768 
1.0 2.2741768 
1.0 2.2741768 
1.0 4.6962195 
1.0 4.3798279 
1.0 4.31916765 
1.0 4.906853 
1.0 4.30798585 
1.0 4.24470445 
1.0 4.9023142 
1.0 4.3005753 
1.0 4.30406515 
1.0 6.81350565 
1.0 6.49264455 
1.0 7.4697056 
1.0 6.4918826 
1.0 6.92292475 
1.0 6.95640085 
1.0 6.55934615 
1.0 6.77254025 
1.0 7.3237206 
2.0 7.9269498 
2.0 13.38177855 
2.0 8.1313785 
3.0 9.08509805 
3.0 9.29719875 
3.0 12.4305881 
3.0 14.44001195 
3.0 25.321142 
3.0 9.4908051 
3.0 32.5358355 
3.0 25.45457985 
3.0 13.6499286 
3.0 10.3442108 
3.0 17.49972 
3.0 27.45201655 
3.0 32.3020859 
3.0 12.3063759 
3.0 29.0423133 
3.0 30.68851905 
3.0 30.05526685 
3.0 31.6546664 
3.0 29.8642169 
3.0 27.4659252 
3.0 29.78413445 
3.0 25.66228315 
4.0 26.05299795 
4.0 24.62647565 
4.0 9.3214163 
4.0 9.54025555 
4.0 32.46339705 
4.0 31.9532185 
4.0 25.8022611 
4.0 25.93079615 
4.0 13.1435409 
4.0 14.34090945 
4.0 11.0495665 
4.0 9.6895456 
4.0 17.72872885 
4.0 16.50955425 
4.0 26.86875625 
4.0 27.16017605 
4.0 32.8261311 
4.0 33.05475145 
4.0 11.3382934 
4.0 12.3257085 
4.0 29.30770535 
4.0 28.19435395 
4.0 31.14339445 
4.0 30.16208265 
4.0 30.11081045 
4.0 29.2063639 
4.0 32.50437365 
4.0 31.7413201 
4.0 29.6508919 
4.0 29.8047449 
4.0 28.06685035 
4.0 26.6815836 
4.0 30.58925345 
4.0 30.08274395 
4.0 26.4808187 
4.0 25.30054695 
