# Position.Z vs. Particle Type (97 data points):
# "Particle Type" Position.Z
1.0 0.0 
1.0 0.0 
1.0 0.0 
1.0 0.0 
1.0 0.0 
1.0 0.0 
1.0 0.0 
1.0 0.0 
1.0 0.0 
1.0 2.2741768 
1.0 2.2741768 
1.0 2.2741768 
1.0 2.2741768 
1.0 2.2741768 
1.0 2.2741768 
1.0 2.2741768 
1.0 2.2741768 
1.0 2.2741768 
1.0 4.47883135 
1.0 4.30843035 
1.0 4.1350869 
1.0 4.32737375 
1.0 4.5120586 
1.0 4.67065445 
1.0 4.2875042 
1.0 5.2043656 
1.0 5.2090514 
1.0 7.22873585 
1.0 6.9909714 
1.0 6.32590945 
1.0 7.5797841 
1.0 7.7934927 
1.0 6.5356641 
1.0 6.5079805 
1.0 7.2220379 
1.0 7.07030555 
2.0 8.33462315 
2.0 18.3652791 
2.0 8.5890812 
3.0 9.50240725 
3.0 9.7135507 
3.0 18.7627279 
3.0 17.90424405 
3.0 10.30548575 
3.0 18.09715215 
3.0 9.3566179 
3.0 13.9248116 
3.0 18.3856169 
3.0 31.7730798 
3.0 21.08382745 
3.0 23.46659 
3.0 12.15753035 
3.0 27.9889631 
3.0 24.6693216 
3.0 32.61854225 
3.0 29.0880086 
3.0 27.46985185 
3.0 32.35619205 
3.0 31.87009595 
3.0 31.79629355 
3.0 27.3335377 
4.0 10.69993155 
4.0 10.82375665 
4.0 17.97291475 
4.0 18.85774555 
4.0 9.4257408 
4.0 10.23496985 
4.0 14.116095 
4.0 12.9559311 
4.0 17.70529635 
4.0 19.12740025 
4.0 31.89175255 
4.0 32.52363555 
4.0 20.2970089 
4.0 21.17440955 
4.0 24.3007499 
4.0 22.76313235 
4.0 11.36688035 
4.0 12.70509345 
4.0 28.03441375 
4.0 28.2453808 
4.0 24.2113228 
4.0 24.09437485 
4.0 32.1164151 
4.0 32.1419567 
4.0 28.79215255 
4.0 29.7134159 
4.0 26.8717855 
4.0 28.02600395 
4.0 32.35423065 
4.0 32.4412228 
4.0 32.7274115 
4.0 31.26502295 
4.0 31.9256259 
4.0 31.10051945 
4.0 27.4690955 
4.0 27.1733392 
