# Position.Z vs. Particle Type (97 data points):
# "Particle Type" Position.Z
1.0 0.0 
1.0 0.0 
1.0 0.0 
1.0 0.0 
1.0 0.0 
1.0 0.0 
1.0 0.0 
1.0 0.0 
1.0 0.0 
1.0 2.2741768 
1.0 2.2741768 
1.0 2.2741768 
1.0 2.2741768 
1.0 2.2741768 
1.0 2.2741768 
1.0 2.2741768 
1.0 2.2741768 
1.0 2.2741768 
1.0 4.62391545 
1.0 4.25517085 
1.0 5.18772485 
1.0 4.86549 
1.0 4.34905275 
1.0 4.22209865 
1.0 4.79205125 
1.0 4.8756981 
1.0 4.24984525 
1.0 6.68738595 
1.0 7.4083912 
1.0 6.46633645 
1.0 6.5059967 
1.0 7.66906455 
1.0 7.7220283 
1.0 7.726761 
1.0 7.2742971 
1.0 6.8569949 
2.0 8.9902582 
2.0 12.2293899 
2.0 8.63180465 
3.0 10.18804885 
3.0 9.7757457 
3.0 13.34285785 
3.0 11.0795902 
3.0 9.0711859 
3.0 12.893566 
3.0 32.26639535 
3.0 28.0582323 
3.0 17.65661345 
3.0 15.43898195 
3.0 24.6389444 
3.0 10.40087755 
3.0 29.5297513 
3.0 26.81529305 
3.0 19.288115 
3.0 32.57717155 
3.0 17.3861695 
3.0 32.15819145 
3.0 28.1244264 
3.0 32.17088 
3.0 16.68643095 
3.0 31.1650738 
4.0 8.8400746 
4.0 8.85564435 
4.0 12.41004975 
4.0 13.8400647 
4.0 31.71206605 
4.0 31.6825488 
4.0 28.64451975 
4.0 28.53597495 
4.0 18.2016303 
4.0 17.44846075 
4.0 15.99786265 
4.0 15.50979605 
4.0 24.7124381 
4.0 25.4970695 
4.0 10.96662245 
4.0 9.6119324 
4.0 30.14995235 
4.0 30.08536755 
4.0 26.21841635 
4.0 26.3439442 
4.0 19.58173105 
4.0 19.1149175 
4.0 32.5251234 
4.0 32.27138775 
4.0 18.29370305 
4.0 16.7614979 
4.0 32.84070195 
4.0 32.25134465 
4.0 27.5669464 
4.0 27.64926255 
4.0 32.74925885 
4.0 32.76600775 
4.0 15.7351012 
4.0 16.60464295 
4.0 30.4738049 
4.0 31.349472 
