# Position.Z vs. Particle Type (97 data points):
# "Particle Type" Position.Z
1.0 0.0 
1.0 0.0 
1.0 0.0 
1.0 0.0 
1.0 0.0 
1.0 0.0 
1.0 0.0 
1.0 0.0 
1.0 0.0 
1.0 2.2741768 
1.0 2.2741768 
1.0 2.2741768 
1.0 2.2741768 
1.0 2.2741768 
1.0 2.2741768 
1.0 2.2741768 
1.0 2.2741768 
1.0 2.2741768 
1.0 4.4639231 
1.0 4.61748735 
1.0 5.1621304 
1.0 4.33621825 
1.0 4.19621055 
1.0 4.52751215 
1.0 4.1952477 
1.0 4.2690998 
1.0 4.41525175 
1.0 6.51302925 
1.0 6.833351 
1.0 6.19986465 
1.0 6.2242194 
1.0 6.68077095 
1.0 6.76903395 
1.0 7.40845595 
1.0 7.40010355 
1.0 6.52748495 
2.0 8.0183705 
2.0 14.0380317 
2.0 8.23087055 
3.0 9.17280805 
3.0 9.3501961 
3.0 12.90328865 
3.0 15.09677855 
3.0 9.45862925 
3.0 11.9811363 
3.0 32.2838222 
3.0 26.9532242 
3.0 16.0091848 
3.0 14.7781074 
3.0 24.6672496 
3.0 11.4673307 
3.0 28.8909677 
3.0 28.64720565 
3.0 18.86677485 
3.0 32.56332135 
3.0 14.9781177 
3.0 31.6900416 
3.0 28.3352482 
3.0 32.35114785 
3.0 18.1445978 
3.0 30.319366 
4.0 10.07151845 
4.0 9.79267625 
4.0 11.08381715 
4.0 12.19062495 
4.0 32.0427457 
4.0 33.2542665 
4.0 27.26821685 
4.0 27.2656237 
4.0 15.410486 
4.0 16.8850843 
4.0 13.885326 
4.0 14.96506375 
4.0 25.2476203 
4.0 23.7692007 
4.0 11.8316142 
4.0 11.3259377 
4.0 28.8569113 
4.0 29.52129915 
4.0 28.00625345 
4.0 28.03994025 
4.0 19.13577505 
4.0 18.75897835 
4.0 32.53067195 
4.0 32.4416946 
4.0 15.8897249 
4.0 14.87294795 
4.0 31.52528435 
4.0 31.10688805 
4.0 27.54596215 
4.0 29.0322403 
4.0 32.57596125 
4.0 32.09634785 
4.0 17.7837135 
4.0 17.8383646 
4.0 29.58331355 
4.0 31.1424372 
