# Position.Z vs. Particle Type (97 data points):
# "Particle Type" Position.Z
1.0 0.0 
1.0 0.0 
1.0 0.0 
1.0 0.0 
1.0 0.0 
1.0 0.0 
1.0 0.0 
1.0 0.0 
1.0 0.0 
1.0 2.2741768 
1.0 2.2741768 
1.0 2.2741768 
1.0 2.2741768 
1.0 2.2741768 
1.0 2.2741768 
1.0 2.2741768 
1.0 2.2741768 
1.0 2.2741768 
1.0 4.9553721 
1.0 4.39006925 
1.0 4.2604044 
1.0 4.2169862 
1.0 4.31009495 
1.0 4.45825835 
1.0 4.1632346 
1.0 4.96140435 
1.0 4.8111854 
1.0 6.99023745 
1.0 6.7114621 
1.0 6.44567245 
1.0 7.45574585 
1.0 7.0751128 
1.0 7.79203425 
1.0 6.47667545 
1.0 7.56056805 
1.0 6.62411855 
2.0 8.6283827 
2.0 13.9490421 
2.0 8.1812983 
3.0 9.832942 
3.0 9.3068416 
3.0 13.2611339 
3.0 14.40936 
3.0 20.2171494 
3.0 25.44729145 
3.0 14.0672959 
3.0 10.55361055 
3.0 9.51843585 
3.0 18.3536234 
3.0 11.16176565 
3.0 22.23825905 
3.0 29.22483795 
3.0 32.77013565 
3.0 12.0344329 
3.0 22.0763466 
3.0 29.182629 
3.0 16.0960891 
3.0 25.5238403 
3.0 27.1629218 
3.0 32.2051576 
3.0 16.188501 
4.0 19.5452943 
4.0 19.73969235 
4.0 26.07393145 
4.0 25.9126315 
4.0 13.3290395 
4.0 13.72611555 
4.0 11.02246145 
4.0 9.6759796 
4.0 9.744427 
4.0 10.316726 
4.0 17.3844678 
4.0 18.7277811 
4.0 10.35814395 
4.0 11.0365724 
4.0 21.9765875 
4.0 21.51101855 
4.0 28.7270739 
4.0 28.64957445 
4.0 32.320904 
4.0 32.72431995 
4.0 11.9230048 
4.0 12.9753386 
4.0 22.0624943 
4.0 22.9519073 
4.0 29.1621155 
4.0 29.4523824 
4.0 17.01853475 
4.0 15.90995875 
4.0 25.8778044 
4.0 24.5628488 
4.0 27.67919035 
4.0 26.32484225 
4.0 32.83613375 
4.0 32.0994149 
4.0 15.5602258 
4.0 15.88853315 
