# Position.Z vs. Particle Type (97 data points):
# "Particle Type" Position.Z
1.0 0.0 
1.0 0.0 
1.0 0.0 
1.0 0.0 
1.0 0.0 
1.0 0.0 
1.0 0.0 
1.0 0.0 
1.0 0.0 
1.0 2.2741768 
1.0 2.2741768 
1.0 2.2741768 
1.0 2.2741768 
1.0 2.2741768 
1.0 2.2741768 
1.0 2.2741768 
1.0 2.2741768 
1.0 2.2741768 
1.0 4.47038095 
1.0 4.44607415 
1.0 4.41095655 
1.0 4.8445831 
1.0 4.4732408 
1.0 4.34432495 
1.0 4.31823665 
1.0 5.2971933 
1.0 4.5831618 
1.0 7.0747327 
1.0 7.00236495 
1.0 6.58501865 
1.0 7.7620914 
1.0 6.69289005 
1.0 7.755013 
1.0 6.5827265 
1.0 7.15647765 
1.0 6.7885524 
2.0 8.49170525 
2.0 13.09640185 
2.0 8.36848215 
3.0 9.67483685 
3.0 9.54218405 
3.0 12.07686515 
3.0 14.21257985 
3.0 16.6135256 
3.0 26.09323045 
3.0 13.9985615 
3.0 9.5632229 
3.0 10.11221785 
3.0 20.1782539 
3.0 13.9735267 
3.0 21.163527 
3.0 27.9591172 
3.0 32.8924596 
3.0 12.7011969 
3.0 21.30221555 
3.0 28.921228 
3.0 18.25158545 
3.0 26.14245935 
3.0 27.09349685 
3.0 31.3349743 
3.0 15.0776409 
4.0 17.3538211 
4.0 15.8437069 
4.0 26.64866575 
4.0 26.60258825 
4.0 13.7183487 
4.0 14.9285584 
4.0 9.8660275 
4.0 9.50898935 
4.0 10.6032724 
4.0 9.9546034 
4.0 20.79460075 
4.0 20.0624277 
4.0 14.47013505 
4.0 14.81151805 
4.0 20.97556545 
4.0 20.2895973 
4.0 27.0130525 
4.0 28.0723191 
4.0 32.79399095 
4.0 33.0105776 
4.0 12.51827885 
4.0 11.8698993 
4.0 21.113449 
4.0 22.19087675 
4.0 29.609055 
4.0 28.80615465 
4.0 17.9732238 
4.0 17.9843055 
4.0 26.73764485 
4.0 25.2920745 
4.0 26.90110395 
4.0 26.8830569 
4.0 32.13546455 
4.0 31.49312845 
4.0 15.79937065 
4.0 14.4410826 
