# Position.Z vs. Particle Type (97 data points):
# "Particle Type" Position.Z
1.0 0.0 
1.0 0.0 
1.0 0.0 
1.0 0.0 
1.0 0.0 
1.0 0.0 
1.0 0.0 
1.0 0.0 
1.0 0.0 
1.0 2.2741768 
1.0 2.2741768 
1.0 2.2741768 
1.0 2.2741768 
1.0 2.2741768 
1.0 2.2741768 
1.0 2.2741768 
1.0 2.2741768 
1.0 2.2741768 
1.0 5.5849381 
1.0 4.58666635 
1.0 4.27065765 
1.0 4.44487435 
1.0 4.49744645 
1.0 4.28403465 
1.0 4.17481645 
1.0 5.06589825 
1.0 4.6028605 
1.0 6.9045263 
1.0 6.47868515 
1.0 6.4708273 
1.0 7.02797165 
1.0 6.65958055 
1.0 7.7578466 
1.0 6.364687 
1.0 8.15355695 
1.0 7.47858475 
2.0 8.9939521 
2.0 13.8824476 
2.0 8.32419455 
3.0 10.0960839 
3.0 9.3948981 
3.0 13.3564921 
3.0 14.53711595 
3.0 10.0673188 
3.0 23.64410475 
3.0 15.94558315 
3.0 9.6416208 
3.0 11.24251135 
3.0 31.14999125 
3.0 18.15118025 
3.0 26.76210425 
3.0 14.70212065 
3.0 32.7791814 
3.0 17.97217625 
3.0 27.79094045 
3.0 32.0948516 
3.0 21.6324941 
3.0 31.65156015 
3.0 28.3482906 
3.0 31.90023445 
3.0 17.15492905 
4.0 9.52300615 
4.0 9.59195685 
4.0 23.1051814 
4.0 23.25222305 
4.0 16.5747358 
4.0 15.53690005 
4.0 10.37030365 
4.0 9.7293448 
4.0 11.635554 
4.0 11.26205675 
4.0 30.702966 
4.0 32.04383315 
4.0 18.67648825 
4.0 18.64893835 
4.0 26.15892475 
4.0 27.52089585 
4.0 14.5881421 
4.0 14.5263713 
4.0 32.86015985 
4.0 32.51443125 
4.0 17.3230988 
4.0 17.59917635 
4.0 27.1304572 
4.0 28.5217863 
4.0 31.6891155 
4.0 32.19262725 
4.0 20.962424 
4.0 22.3560099 
4.0 31.58788325 
4.0 31.7474549 
4.0 27.8371422 
4.0 28.65217705 
4.0 31.8496472 
4.0 32.78054815 
4.0 16.94778015 
4.0 17.87074135 
