# Position.Z vs. Particle Type (97 data points):
# "Particle Type" Position.Z
1.0 0.0 
1.0 0.0 
1.0 0.0 
1.0 0.0 
1.0 0.0 
1.0 0.0 
1.0 0.0 
1.0 0.0 
1.0 0.0 
1.0 2.2741768 
1.0 2.2741768 
1.0 2.2741768 
1.0 2.2741768 
1.0 2.2741768 
1.0 2.2741768 
1.0 2.2741768 
1.0 2.2741768 
1.0 2.2741768 
1.0 4.9666673 
1.0 4.4752946 
1.0 4.3210937 
1.0 4.47323905 
1.0 4.89386485 
1.0 4.48660835 
1.0 4.3086771 
1.0 4.57509605 
1.0 4.4833012 
1.0 7.2743846 
1.0 6.56906215 
1.0 6.8696523 
1.0 7.32866645 
1.0 6.4437177 
1.0 6.7178349 
1.0 6.6679627 
1.0 7.472178 
1.0 7.01195915 
2.0 8.2481329 
2.0 13.3389193 
2.0 8.6150225 
3.0 9.4316726 
3.0 9.74780765 
3.0 12.4466559 
3.0 14.2432087 
3.0 9.0767264 
3.0 20.62874415 
3.0 17.13497835 
3.0 9.64602485 
3.0 9.74163645 
3.0 31.64094955 
3.0 16.8549038 
3.0 23.36655055 
3.0 13.06248055 
3.0 28.0508942 
3.0 18.66121915 
3.0 26.3163068 
3.0 32.7302549 
3.0 21.4244345 
3.0 32.0999105 
3.0 29.37980045 
3.0 32.009985 
3.0 20.6054002 
4.0 9.21152365 
4.0 8.81127695 
4.0 20.62154815 
4.0 21.49705495 
4.0 18.0264707 
4.0 16.9885534 
4.0 10.3133121 
4.0 10.07420435 
4.0 10.32034605 
4.0 8.8676609 
4.0 30.70408565 
4.0 31.7077642 
4.0 16.527126 
4.0 17.48014345 
4.0 22.9798961 
4.0 24.2793544 
4.0 13.9840554 
4.0 12.7734215 
4.0 27.4096305 
4.0 28.88267025 
4.0 19.4736437 
4.0 18.1409382 
4.0 26.9511424 
4.0 25.85681595 
4.0 32.31774735 
4.0 32.3936403 
4.0 21.41164585 
4.0 21.2574544 
4.0 32.7207034 
4.0 32.29997295 
4.0 29.4555926 
4.0 30.2487283 
4.0 31.7338616 
4.0 32.9428589 
4.0 21.43094415 
4.0 20.04070425 
