# Position.Z vs. Particle Type (97 data points):
# "Particle Type" Position.Z
1.0 0.0 
1.0 0.0 
1.0 0.0 
1.0 0.0 
1.0 0.0 
1.0 0.0 
1.0 0.0 
1.0 0.0 
1.0 0.0 
1.0 2.2741768 
1.0 2.2741768 
1.0 2.2741768 
1.0 2.2741768 
1.0 2.2741768 
1.0 2.2741768 
1.0 2.2741768 
1.0 2.2741768 
1.0 2.2741768 
1.0 4.6674362 
1.0 4.38393235 
1.0 5.58459755 
1.0 4.42478015 
1.0 4.37944325 
1.0 4.3037806 
1.0 4.52254845 
1.0 4.52818835 
1.0 4.5820887 
1.0 6.6716664 
1.0 6.90304965 
1.0 6.3537964 
1.0 7.01525405 
1.0 7.89211325 
1.0 7.1104103 
1.0 8.12963445 
1.0 7.0797167 
1.0 6.74998625 
2.0 8.6412375 
2.0 13.25244025 
2.0 7.99923285 
3.0 9.7982766 
3.0 9.12365265 
3.0 12.19253945 
3.0 14.30045855 
3.0 9.7777386 
3.0 12.7546405 
3.0 32.02662925 
3.0 29.6047899 
3.0 17.3196583 
3.0 14.9924138 
3.0 21.8263759 
3.0 9.9053423 
3.0 28.2349235 
3.0 27.71693435 
3.0 17.8935407 
3.0 32.6896633 
3.0 19.6730268 
3.0 31.85696045 
3.0 28.04515665 
3.0 31.7660049 
3.0 19.01358095 
3.0 30.26544325 
4.0 9.54036825 
4.0 9.951004 
4.0 12.49996965 
4.0 13.54719205 
4.0 32.41634025 
4.0 32.9088095 
4.0 29.5271284 
4.0 30.60841105 
4.0 18.08347555 
4.0 17.75266255 
4.0 14.73462725 
4.0 15.63107735 
4.0 21.2776991 
4.0 21.5244001 
4.0 10.7502045 
4.0 10.39081505 
4.0 27.71729485 
4.0 27.5202746 
4.0 28.19993855 
4.0 28.41177115 
4.0 17.4281247 
4.0 17.1741227 
4.0 32.19061125 
4.0 32.4441271 
4.0 19.5813366 
4.0 20.27375175 
4.0 31.5195181 
4.0 32.6558127 
4.0 28.9430239 
4.0 28.21072975 
4.0 32.6062961 
4.0 31.1130519 
4.0 19.45122655 
4.0 19.7719144 
4.0 29.99146045 
4.0 30.76177265 
