# Position.Z vs. Particle Type (97 data points):
# "Particle Type" Position.Z
1.0 0.0 
1.0 0.0 
1.0 0.0 
1.0 0.0 
1.0 0.0 
1.0 0.0 
1.0 0.0 
1.0 0.0 
1.0 0.0 
1.0 2.2741768 
1.0 2.2741768 
1.0 2.2741768 
1.0 2.2741768 
1.0 2.2741768 
1.0 2.2741768 
1.0 2.2741768 
1.0 2.2741768 
1.0 2.2741768 
1.0 4.38400025 
1.0 4.2715771 
1.0 4.57594585 
1.0 4.46079445 
1.0 4.39722185 
1.0 5.12163995 
1.0 4.3886129 
1.0 4.32039125 
1.0 4.5056319 
1.0 7.5961158 
1.0 7.55454315 
1.0 6.5645748 
1.0 6.7636968 
1.0 6.37807625 
1.0 7.0626871 
1.0 6.44449365 
1.0 6.8793081 
1.0 6.6977204 
2.0 7.7954128 
2.0 22.27603945 
2.0 8.7204145 
3.0 8.9759712 
3.0 9.83571645 
3.0 21.48114255 
3.0 23.1361116 
3.0 12.8410254 
3.0 12.3124064 
3.0 10.4485178 
3.0 14.0065002 
3.0 9.92304705 
3.0 31.43629895 
3.0 23.43030445 
3.0 25.94443565 
3.0 10.98472865 
3.0 24.4791512 
3.0 21.991151 
3.0 31.64244895 
3.0 32.21537795 
3.0 27.48206405 
3.0 32.06568645 
3.0 29.64266445 
3.0 29.4433608 
3.0 20.7539304 
4.0 13.82249085 
4.0 12.56875305 
4.0 12.077233 
4.0 11.52773055 
4.0 9.8202608 
4.0 10.76580505 
4.0 13.28425385 
4.0 14.8451527 
4.0 9.4931487 
4.0 9.5050529 
4.0 30.936318 
4.0 31.93087835 
4.0 24.21696235 
4.0 22.77935275 
4.0 25.26133365 
4.0 26.77184195 
4.0 11.39190465 
4.0 11.5066532 
4.0 23.989504 
4.0 24.9968334 
4.0 22.1460127 
4.0 22.56045645 
4.0 32.5150385 
4.0 31.5636286 
4.0 32.57969575 
4.0 33.01671415 
4.0 28.194096 
4.0 26.90457805 
4.0 32.42466675 
4.0 31.3865629 
4.0 30.11785 
4.0 28.88138365 
4.0 28.73925985 
4.0 30.1340592 
4.0 20.54104745 
4.0 21.23404955 
