# Position.Z vs. Particle Type (97 data points):
# "Particle Type" Position.Z
1.0 0.0 
1.0 0.0 
1.0 0.0 
1.0 0.0 
1.0 0.0 
1.0 0.0 
1.0 0.0 
1.0 0.0 
1.0 0.0 
1.0 2.2741768 
1.0 2.2741768 
1.0 2.2741768 
1.0 2.2741768 
1.0 2.2741768 
1.0 2.2741768 
1.0 2.2741768 
1.0 2.2741768 
1.0 2.2741768 
1.0 5.20204685 
1.0 4.3350167 
1.0 4.47005895 
1.0 4.41411285 
1.0 4.54062875 
1.0 4.5397387 
1.0 4.64813825 
1.0 4.7492858 
1.0 4.44201415 
1.0 7.07472185 
1.0 6.45830395 
1.0 6.824244 
1.0 7.1742811 
1.0 6.67228205 
1.0 7.6236307 
1.0 6.62770115 
1.0 7.99483405 
1.0 7.232925 
2.0 8.74998075 
2.0 13.11387595 
2.0 8.1850216 
3.0 10.01514745 
3.0 9.31962885 
3.0 13.2768286 
3.0 13.15774565 
3.0 10.03871715 
3.0 24.2600281 
3.0 16.07431875 
3.0 9.7013539 
3.0 10.34801635 
3.0 30.2591072 
3.0 19.09927075 
3.0 26.90483775 
3.0 16.73957915 
3.0 31.80282315 
3.0 17.72423135 
3.0 29.3292034 
3.0 31.8047345 
3.0 21.0818069 
3.0 31.2494735 
3.0 28.95335205 
3.0 31.91729485 
3.0 17.0454263 
4.0 9.20816995 
4.0 10.06056345 
4.0 24.5952364 
4.0 24.935841 
4.0 16.9138431 
4.0 15.6443245 
4.0 10.31978745 
4.0 9.94951405 
4.0 10.4628461 
4.0 9.54205315 
4.0 30.93334405 
4.0 30.69362275 
4.0 18.1676852 
4.0 19.0712473 
4.0 26.3357241 
4.0 27.8158111 
4.0 16.86564565 
4.0 17.50392735 
4.0 32.22239265 
4.0 32.1408241 
4.0 18.32232605 
4.0 17.9778907 
4.0 29.9683468 
4.0 28.54651345 
4.0 31.89649435 
4.0 30.8512323 
4.0 21.3346504 
4.0 20.2252568 
4.0 30.4546725 
4.0 31.23978515 
4.0 28.15323595 
4.0 29.22270575 
4.0 31.73197685 
4.0 32.29175495 
4.0 17.54515455 
4.0 16.15262495 
