# Position.Z vs. Particle Type (97 data points):
# "Particle Type" Position.Z
1.0 0.0 
1.0 0.0 
1.0 0.0 
1.0 0.0 
1.0 0.0 
1.0 0.0 
1.0 0.0 
1.0 0.0 
1.0 0.0 
1.0 2.2741768 
1.0 2.2741768 
1.0 2.2741768 
1.0 2.2741768 
1.0 2.2741768 
1.0 2.2741768 
1.0 2.2741768 
1.0 2.2741768 
1.0 2.2741768 
1.0 4.31249735 
1.0 4.2373478 
1.0 4.5442089 
1.0 4.4613583 
1.0 5.16860365 
1.0 4.9460299 
1.0 4.54821465 
1.0 4.30302845 
1.0 4.3180193 
1.0 7.55678595 
1.0 7.3011736 
1.0 7.30224775 
1.0 6.5637362 
1.0 6.78993 
1.0 6.95839305 
1.0 7.23410135 
1.0 6.63684175 
1.0 6.4091076 
2.0 8.23388895 
2.0 12.7186668 
2.0 8.7456299 
3.0 9.47742285 
3.0 9.9204126 
3.0 12.42271695 
3.0 13.0154584 
3.0 17.2863747 
3.0 11.92759995 
3.0 26.417076 
3.0 29.37224605 
3.0 19.31540905 
3.0 23.13057215 
3.0 23.6559078 
3.0 9.9248674 
3.0 32.63507485 
3.0 27.55121635 
3.0 23.09987015 
3.0 30.3430834 
3.0 20.4135211 
3.0 32.41313985 
3.0 25.39527515 
3.0 32.176333 
3.0 32.4206414 
3.0 30.91551575 
4.0 17.9775561 
4.0 16.4951598 
4.0 11.56833755 
4.0 12.5826904 
4.0 26.8628318 
4.0 25.49359785 
4.0 30.0480901 
4.0 28.5099332 
4.0 19.3781917 
4.0 18.77387365 
4.0 22.41300355 
4.0 23.33407265 
4.0 22.92549455 
4.0 23.95372385 
4.0 10.67560095 
4.0 9.4681545 
4.0 31.9971197 
4.0 32.12285825 
4.0 26.6886928 
4.0 27.42371135 
4.0 23.3146375 
4.0 23.8024332 
4.0 30.78989585 
4.0 29.66604655 
4.0 21.27535725 
4.0 20.18903495 
4.0 32.9811741 
4.0 32.5681853 
4.0 25.7637842 
4.0 25.1586216 
4.0 33.07926825 
4.0 32.0870914 
4.0 31.88783605 
4.0 32.34116095 
4.0 30.6021009 
4.0 31.3681025 
