# Position.Z vs. Particle Type (97 data points):
# "Particle Type" Position.Z
1.0 0.0 
1.0 0.0 
1.0 0.0 
1.0 0.0 
1.0 0.0 
1.0 0.0 
1.0 0.0 
1.0 0.0 
1.0 0.0 
1.0 2.2741768 
1.0 2.2741768 
1.0 2.2741768 
1.0 2.2741768 
1.0 2.2741768 
1.0 2.2741768 
1.0 2.2741768 
1.0 2.2741768 
1.0 2.2741768 
1.0 4.48552335 
1.0 4.2528073 
1.0 4.3697059 
1.0 4.53683055 
1.0 4.09599435 
1.0 4.29909795 
1.0 4.76539385 
1.0 4.4177651 
1.0 4.3472919 
1.0 6.26989825 
1.0 6.42496505 
1.0 7.1107043 
1.0 6.33006115 
1.0 6.98644275 
1.0 6.8374166 
1.0 6.3039445 
1.0 6.586916 
1.0 7.06543705 
2.0 8.03994975 
2.0 12.72590585 
2.0 8.0662071 
3.0 9.21446715 
3.0 9.26957395 
3.0 12.2456782 
3.0 13.2865579 
3.0 24.9625901 
3.0 9.39960035 
3.0 32.04465845 
3.0 25.43172485 
3.0 12.46007315 
3.0 10.6024464 
3.0 17.7671011 
3.0 27.6658998 
3.0 31.9019561 
3.0 13.31838095 
3.0 30.29497275 
3.0 32.1114612 
3.0 28.32342135 
3.0 31.97278805 
3.0 29.6872639 
3.0 26.67573335 
3.0 28.96360075 
3.0 25.5869726 
4.0 24.8435761 
4.0 25.93367035 
4.0 9.7152286 
4.0 9.2887137 
4.0 31.2020527 
4.0 32.6854927 
4.0 24.8240594 
4.0 25.92968665 
4.0 13.11086875 
4.0 11.85510305 
4.0 11.02493665 
4.0 9.98419975 
4.0 17.72667575 
4.0 18.60258225 
4.0 26.8235793 
4.0 27.41361735 
4.0 32.017377 
4.0 32.5003826 
4.0 12.39227115 
4.0 13.1587596 
4.0 30.9156645 
4.0 29.4199836 
4.0 31.56498835 
4.0 31.9185097 
4.0 28.66629605 
4.0 29.08626385 
4.0 32.91753885 
4.0 31.78813085 
4.0 29.66221685 
4.0 29.7286738 
4.0 27.3645148 
4.0 26.22421655 
4.0 29.4617834 
4.0 29.60909665 
4.0 26.588044 
4.0 25.43705605 
