# Position.Z vs. Particle Type (97 data points):
# "Particle Type" Position.Z
1.0 0.0 
1.0 0.0 
1.0 0.0 
1.0 0.0 
1.0 0.0 
1.0 0.0 
1.0 0.0 
1.0 0.0 
1.0 0.0 
1.0 2.2741768 
1.0 2.2741768 
1.0 2.2741768 
1.0 2.2741768 
1.0 2.2741768 
1.0 2.2741768 
1.0 2.2741768 
1.0 2.2741768 
1.0 2.2741768 
1.0 5.2281803 
1.0 4.4775773 
1.0 4.2883246 
1.0 4.4571128 
1.0 4.5005765 
1.0 4.72038455 
1.0 4.42885275 
1.0 4.27439075 
1.0 4.3612772 
1.0 7.48477555 
1.0 6.4274448 
1.0 6.4324393 
1.0 6.4182496 
1.0 6.56276775 
1.0 7.3902731 
1.0 6.32453955 
1.0 6.94366505 
1.0 7.2781569 
2.0 8.12613585 
2.0 11.20683935 
2.0 8.265215 
3.0 9.35378185 
3.0 9.3375709 
3.0 11.7882688 
3.0 10.5314524 
3.0 16.8164066 
3.0 27.969676 
3.0 18.53369595 
3.0 12.9553214 
3.0 9.68415665 
3.0 31.7061927 
3.0 21.23286445 
3.0 25.87443145 
3.0 23.6798471 
3.0 31.52269855 
3.0 18.35269835 
3.0 24.5732571 
3.0 32.80477445 
3.0 24.0656745 
3.0 29.69211805 
3.0 27.7097646 
3.0 32.27168175 
3.0 15.3291243 
4.0 17.1369275 
4.0 16.85889345 
4.0 28.74852995 
4.0 27.4685096 
4.0 19.0465835 
4.0 17.85817425 
4.0 12.1440046 
4.0 13.436864 
4.0 9.91278645 
4.0 9.5113711 
4.0 31.9103897 
4.0 30.79959015 
4.0 20.38949255 
4.0 20.9150018 
4.0 26.50021045 
4.0 25.70588895 
4.0 23.4807951 
4.0 24.08363265 
4.0 30.89150855 
4.0 32.26554485 
4.0 18.735178 
4.0 18.32041435 
4.0 24.4886936 
4.0 24.19247075 
4.0 32.7612929 
4.0 32.1410012 
4.0 24.78270935 
4.0 23.30720385 
4.0 29.9911668 
4.0 29.71042725 
4.0 27.14208385 
4.0 28.5557692 
4.0 31.4161932 
4.0 32.77468775 
4.0 15.10070975 
4.0 16.12626715 
