# Position.Z vs. Particle Type (97 data points):
# "Particle Type" Position.Z
1.0 0.0 
1.0 0.0 
1.0 0.0 
1.0 0.0 
1.0 0.0 
1.0 0.0 
1.0 0.0 
1.0 0.0 
1.0 0.0 
1.0 2.2741768 
1.0 2.2741768 
1.0 2.2741768 
1.0 2.2741768 
1.0 2.2741768 
1.0 2.2741768 
1.0 2.2741768 
1.0 2.2741768 
1.0 2.2741768 
1.0 4.4927393 
1.0 4.33950825 
1.0 5.27213435 
1.0 4.4993816 
1.0 4.32094915 
1.0 4.63640555 
1.0 4.6908393 
1.0 4.60941005 
1.0 4.3237824 
1.0 7.2878589 
1.0 6.61380755 
1.0 6.44771365 
1.0 6.44843955 
1.0 7.53966045 
1.0 7.25071445 
1.0 7.41473005 
1.0 7.2809597 
1.0 6.4542604 
2.0 8.67896995 
2.0 12.1079721 
2.0 8.32578425 
3.0 9.89712255 
3.0 9.43233865 
3.0 11.66596305 
3.0 12.49515715 
3.0 25.8117538 
3.0 15.9357079 
3.0 24.82640265 
3.0 20.294036 
3.0 9.53647415 
3.0 26.95871675 
3.0 19.18085155 
3.0 10.9652403 
3.0 32.57657515 
3.0 29.3864837 
3.0 26.48991415 
3.0 28.69897765 
3.0 12.26799035 
3.0 30.49219215 
3.0 21.4412261 
3.0 31.71606935 
3.0 32.09572625 
3.0 30.22535145 
4.0 25.1613341 
4.0 26.67298795 
4.0 15.2507082 
4.0 15.89388815 
4.0 25.1853693 
4.0 24.52341045 
4.0 19.44439665 
4.0 20.47317895 
4.0 9.94166915 
4.0 9.9902089 
4.0 27.92164095 
4.0 26.61204945 
4.0 19.03861645 
4.0 19.9796814 
4.0 11.94912005 
4.0 10.9908799 
4.0 32.2293272 
4.0 31.74044055 
4.0 29.20217895 
4.0 28.98428015 
4.0 26.2221848 
4.0 26.2968097 
4.0 29.4581294 
4.0 28.15863925 
4.0 12.81864325 
4.0 11.6287374 
4.0 29.84161285 
4.0 30.73392 
4.0 21.3646587 
4.0 20.7548173 
4.0 31.90588905 
4.0 32.6018889 
4.0 32.41058485 
4.0 32.7691826 
4.0 30.3006529 
4.0 30.47280005 
