# Position.Z vs. Particle Type (97 data points):
# "Particle Type" Position.Z
1.0 0.0 
1.0 0.0 
1.0 0.0 
1.0 0.0 
1.0 0.0 
1.0 0.0 
1.0 0.0 
1.0 0.0 
1.0 0.0 
1.0 2.2741768 
1.0 2.2741768 
1.0 2.2741768 
1.0 2.2741768 
1.0 2.2741768 
1.0 2.2741768 
1.0 2.2741768 
1.0 2.2741768 
1.0 2.2741768 
1.0 4.43865135 
1.0 4.4355612 
1.0 5.1711226 
1.0 4.40929545 
1.0 4.65798655 
1.0 4.56446865 
1.0 4.329003 
1.0 4.62245595 
1.0 4.44856545 
1.0 7.33203065 
1.0 7.2492686 
1.0 6.52993635 
1.0 7.1335103 
1.0 8.14350985 
1.0 6.4960658 
1.0 6.61453345 
1.0 7.01386735 
1.0 6.67121105 
2.0 8.00351055 
2.0 13.74471385 
2.0 8.2869115 
3.0 9.2135848 
3.0 9.45160335 
3.0 14.8153117 
3.0 12.68797145 
3.0 12.98989475 
3.0 13.83368525 
3.0 10.4284607 
3.0 9.7215881 
3.0 28.55777995 
3.0 27.3904295 
3.0 23.87297745 
3.0 25.990398 
3.0 20.93730835 
3.0 25.43633365 
3.0 15.0154977 
3.0 31.9494805 
3.0 28.51072 
3.0 27.9507949 
3.0 32.23124205 
3.0 31.80404535 
3.0 29.2733049 
3.0 31.62424755 
4.0 12.0714314 
4.0 13.33322795 
4.0 14.1433635 
4.0 13.20636625 
4.0 10.37920835 
4.0 10.434277 
4.0 9.82679355 
4.0 9.74403675 
4.0 28.58214135 
4.0 27.648635 
4.0 26.59116565 
4.0 27.21501405 
4.0 23.69107125 
4.0 23.23045375 
4.0 25.71889285 
4.0 26.9500861 
4.0 20.03828785 
4.0 20.74582965 
4.0 26.4144391 
4.0 24.9487707 
4.0 14.4422929 
4.0 14.6729541 
4.0 31.73481955 
4.0 31.44878555 
4.0 29.3914873 
4.0 28.7227339 
4.0 27.7477011 
4.0 28.20067285 
4.0 32.45144875 
4.0 32.3425865 
4.0 32.30122875 
4.0 32.61870395 
4.0 29.9120108 
4.0 28.52980165 
4.0 32.07053395 
4.0 31.78371105 
