# Position.Z vs. Particle Type (97 data points):
# "Particle Type" Position.Z
1.0 0.0 
1.0 0.0 
1.0 0.0 
1.0 0.0 
1.0 0.0 
1.0 0.0 
1.0 0.0 
1.0 0.0 
1.0 0.0 
1.0 2.2741768 
1.0 2.2741768 
1.0 2.2741768 
1.0 2.2741768 
1.0 2.2741768 
1.0 2.2741768 
1.0 2.2741768 
1.0 2.2741768 
1.0 2.2741768 
1.0 4.35664565 
1.0 4.30259515 
1.0 4.96374935 
1.0 4.3755866 
1.0 4.39518345 
1.0 4.53684175 
1.0 4.49346765 
1.0 4.6320533 
1.0 4.3203321 
1.0 6.7825303 
1.0 7.25751355 
1.0 6.46622235 
1.0 6.6304301 
1.0 6.9630113 
1.0 7.33810945 
1.0 7.3541755 
1.0 7.10935785 
1.0 6.34441885 
2.0 8.26838985 
2.0 13.7812402 
2.0 8.4439915 
3.0 9.45284445 
3.0 9.5362428 
3.0 12.8507596 
3.0 14.719901 
3.0 9.60324995 
3.0 12.71767 
3.0 31.58103375 
3.0 26.6659708 
3.0 16.13082905 
3.0 15.69935885 
3.0 25.32064675 
3.0 11.13871815 
3.0 29.37818695 
3.0 27.8623009 
3.0 19.18277305 
3.0 31.5033208 
3.0 14.4537652 
3.0 32.15449265 
3.0 27.8921342 
3.0 32.5673012 
3.0 17.2859687 
3.0 30.13737545 
4.0 9.9627619 
4.0 9.63530855 
4.0 13.0337046 
4.0 11.98967455 
4.0 31.3110469 
4.0 32.54521375 
4.0 26.94142325 
4.0 27.2054195 
4.0 16.1251174 
4.0 17.0573221 
4.0 14.75723305 
4.0 16.08102895 
4.0 24.515218 
4.0 25.2973518 
4.0 11.9874727 
4.0 11.34321475 
4.0 30.2021153 
4.0 29.43974915 
4.0 28.7162449 
4.0 27.6101546 
4.0 19.8758084 
4.0 19.3762527 
4.0 32.43818795 
4.0 31.33314905 
4.0 14.6834128 
4.0 15.24722675 
4.0 31.87253545 
4.0 31.9144483 
4.0 27.4559481 
4.0 27.2300994 
4.0 32.30230465 
4.0 31.92393435 
4.0 16.3225517 
4.0 17.51304345 
4.0 29.36225145 
4.0 30.6070681 
