# Position.Z vs. Particle Type (97 data points):
# "Particle Type" Position.Z
1.0 0.0 
1.0 0.0 
1.0 0.0 
1.0 0.0 
1.0 0.0 
1.0 0.0 
1.0 0.0 
1.0 0.0 
1.0 0.0 
1.0 2.2741768 
1.0 2.2741768 
1.0 2.2741768 
1.0 2.2741768 
1.0 2.2741768 
1.0 2.2741768 
1.0 2.2741768 
1.0 2.2741768 
1.0 2.2741768 
1.0 4.3539461 
1.0 4.6882416 
1.0 4.31200735 
1.0 4.27237335 
1.0 5.0723169 
1.0 4.7515475 
1.0 4.567591 
1.0 4.4648219 
1.0 4.43311085 
1.0 7.44205245 
1.0 7.4559702 
1.0 6.7005022 
1.0 6.7899391 
1.0 6.70831245 
1.0 6.64204625 
1.0 7.60884775 
1.0 6.7784045 
1.0 6.5344594 
2.0 7.89853785 
2.0 19.1070327 
2.0 8.5044302 
3.0 9.05218335 
3.0 9.62247055 
3.0 18.1579881 
3.0 20.057702 
3.0 23.47966845 
3.0 12.79557335 
3.0 24.7417842 
3.0 29.03192425 
3.0 11.2069874 
3.0 27.09898485 
3.0 22.8753777 
3.0 9.54484755 
3.0 31.5214515 
3.0 32.19413645 
3.0 24.6201788 
3.0 28.8083005 
3.0 13.21425805 
3.0 29.8834018 
3.0 27.164592 
3.0 32.51162355 
3.0 31.5117572 
3.0 27.6279234 
4.0 22.8174856 
4.0 23.5192804 
4.0 12.08547865 
4.0 13.081796 
4.0 24.6892478 
4.0 24.20033945 
4.0 28.59726415 
4.0 28.57344805 
4.0 10.3198802 
4.0 11.7354552 
4.0 26.57634175 
4.0 26.7321712 
4.0 23.0938393 
4.0 21.94648365 
4.0 9.5784479 
4.0 9.8369635 
4.0 31.7680615 
4.0 30.67413475 
4.0 32.9607327 
4.0 32.40584515 
4.0 23.9657747 
4.0 25.09753435 
4.0 29.30474295 
4.0 29.4044016 
4.0 12.59396495 
4.0 13.34282075 
4.0 29.3766529 
4.0 29.93485215 
4.0 27.3663586 
4.0 26.90722195 
4.0 31.9800453 
4.0 32.10242805 
4.0 32.197137 
4.0 31.8800412 
4.0 26.7400553 
4.0 27.73765365 
