# Position.Z vs. Particle Type (97 data points):
# "Particle Type" Position.Z
1.0 0.0 
1.0 0.0 
1.0 0.0 
1.0 0.0 
1.0 0.0 
1.0 0.0 
1.0 0.0 
1.0 0.0 
1.0 0.0 
1.0 2.2741768 
1.0 2.2741768 
1.0 2.2741768 
1.0 2.2741768 
1.0 2.2741768 
1.0 2.2741768 
1.0 2.2741768 
1.0 2.2741768 
1.0 2.2741768 
1.0 4.65703595 
1.0 4.1675144 
1.0 4.21468565 
1.0 4.55992495 
1.0 4.94119745 
1.0 4.3167187 
1.0 4.60677945 
1.0 4.71829225 
1.0 4.9080598 
1.0 7.1693188 
1.0 6.5682568 
1.0 6.96175795 
1.0 7.6893306 
1.0 6.82137855 
1.0 7.2960755 
1.0 6.47499475 
1.0 6.8788419 
1.0 6.78715695 
2.0 8.0959585 
2.0 15.14836715 
2.0 8.63909655 
3.0 9.36340895 
3.0 9.75239755 
3.0 15.94292735 
3.0 14.2639721 
3.0 10.36156275 
3.0 16.0772927 
3.0 16.9128694 
3.0 11.3463147 
3.0 10.178203 
3.0 32.42556905 
3.0 19.88419755 
3.0 24.0396576 
3.0 13.1267311 
3.0 23.54181025 
3.0 20.9236335 
3.0 27.2779766 
3.0 31.9913545 
3.0 21.17466295 
3.0 32.01152675 
3.0 30.142329 
3.0 32.1014617 
3.0 21.12489365 
4.0 9.95151535 
4.0 9.5667089 
4.0 15.59652465 
4.0 15.67041945 
4.0 16.14000815 
4.0 17.3219844 
4.0 11.7158573 
4.0 11.9507367 
4.0 10.58378265 
4.0 10.3617969 
4.0 32.25559085 
4.0 31.81254335 
4.0 20.424754 
4.0 19.2234504 
4.0 23.15947795 
4.0 24.1838401 
4.0 12.7707545 
4.0 12.46897995 
4.0 23.546537 
4.0 22.64005135 
4.0 21.0201334 
4.0 19.966359 
4.0 26.5471801 
4.0 26.8726514 
4.0 31.6456 
4.0 32.95193125 
4.0 21.3933524 
4.0 21.01230915 
4.0 32.33587105 
4.0 32.52345845 
4.0 29.2666122 
4.0 30.025751 
4.0 32.97980595 
4.0 31.93876805 
4.0 21.0136745 
4.0 21.69968185 
