# Position.Z vs. Particle Type (97 data points):
# "Particle Type" Position.Z
1.0 0.0 
1.0 0.0 
1.0 0.0 
1.0 0.0 
1.0 0.0 
1.0 0.0 
1.0 0.0 
1.0 0.0 
1.0 0.0 
1.0 2.2741768 
1.0 2.2741768 
1.0 2.2741768 
1.0 2.2741768 
1.0 2.2741768 
1.0 2.2741768 
1.0 2.2741768 
1.0 2.2741768 
1.0 2.2741768 
1.0 4.501014 
1.0 4.3102304 
1.0 5.2983392 
1.0 4.4195599 
1.0 4.4005416 
1.0 4.24499215 
1.0 4.66642225 
1.0 4.492271 
1.0 4.2228466 
1.0 6.82056725 
1.0 6.67705885 
1.0 6.60385075 
1.0 6.60037035 
1.0 7.18401145 
1.0 6.5352392 
1.0 7.4154871 
1.0 7.7366618 
1.0 6.6885413 
2.0 8.28174025 
2.0 14.2439101 
2.0 8.26651385 
3.0 9.330517 
3.0 9.35272275 
3.0 13.36210155 
3.0 15.09386165 
3.0 9.51241725 
3.0 11.4236976 
3.0 31.64503615 
3.0 27.1603619 
3.0 16.0391196 
3.0 14.06039215 
3.0 24.39418275 
3.0 10.7856217 
3.0 28.29235955 
3.0 29.0351747 
3.0 18.5981488 
3.0 32.45119325 
3.0 15.4928144 
3.0 31.6846257 
3.0 29.2604291 
3.0 32.7308373 
3.0 18.42331645 
3.0 31.2823609 
4.0 9.75171435 
4.0 10.05732035 
4.0 11.2183554 
4.0 10.5252119 
4.0 31.03898455 
4.0 32.41250635 
4.0 27.98389195 
4.0 26.4087803 
4.0 16.19979305 
4.0 15.1566387 
4.0 14.3697834 
4.0 14.2719381 
4.0 24.0547867 
4.0 25.2378609 
4.0 11.5146822 
4.0 10.47729025 
4.0 27.66311555 
4.0 27.78776315 
4.0 28.74476325 
4.0 28.2517305 
4.0 18.5919727 
4.0 17.6399524 
4.0 32.44175585 
4.0 32.00690675 
4.0 16.3729258 
4.0 14.88543595 
4.0 31.9425099 
4.0 30.7721477 
4.0 29.23609955 
4.0 28.4263098 
4.0 32.5578274 
4.0 32.79530625 
4.0 18.6596886 
4.0 18.6929505 
4.0 31.32183075 
4.0 31.6372595 
