# Position.Z vs. Particle Type (97 data points):
# "Particle Type" Position.Z
1.0 0.0 
1.0 0.0 
1.0 0.0 
1.0 0.0 
1.0 0.0 
1.0 0.0 
1.0 0.0 
1.0 0.0 
1.0 0.0 
1.0 2.2741768 
1.0 2.2741768 
1.0 2.2741768 
1.0 2.2741768 
1.0 2.2741768 
1.0 2.2741768 
1.0 2.2741768 
1.0 2.2741768 
1.0 2.2741768 
1.0 4.4977555 
1.0 4.4245446 
1.0 5.26125495 
1.0 4.8488524 
1.0 4.2847833 
1.0 4.47161715 
1.0 4.32551 
1.0 5.0091419 
1.0 4.5380076 
1.0 7.0156884 
1.0 7.22539895 
1.0 6.5710043 
1.0 6.6117072 
1.0 7.03431855 
1.0 7.58195865 
1.0 7.43654415 
1.0 7.10348835 
1.0 6.37414925 
2.0 8.5822877 
2.0 13.10617385 
2.0 8.21326765 
3.0 9.7436738 
3.0 9.4430497 
3.0 13.23850115 
3.0 13.13873645 
3.0 10.2989726 
3.0 13.309646 
3.0 31.92775495 
3.0 26.78400585 
3.0 16.61617335 
3.0 16.10605255 
3.0 25.72130645 
3.0 10.3466041 
3.0 29.1371493 
3.0 27.3662039 
3.0 19.1596678 
3.0 31.39803555 
3.0 15.5733466 
3.0 32.52460855 
3.0 27.40502135 
3.0 32.3977311 
3.0 17.20859595 
3.0 30.40073645 
4.0 10.4279686 
4.0 10.2395083 
4.0 13.8165692 
4.0 12.50042395 
4.0 32.31556055 
4.0 32.72133795 
4.0 26.22468765 
4.0 26.1936507 
4.0 16.44580875 
4.0 15.7640315 
4.0 15.13990345 
4.0 16.4219916 
4.0 25.13241325 
4.0 26.4620461 
4.0 10.5054313 
4.0 9.38057575 
4.0 29.58043795 
4.0 28.6603947 
4.0 27.5290911 
4.0 26.46907375 
4.0 18.6947901 
4.0 18.61472655 
4.0 31.72129275 
4.0 31.33821775 
4.0 16.0779633 
4.0 15.3095621 
4.0 32.22379825 
4.0 31.83288745 
4.0 28.14027125 
4.0 27.77998125 
4.0 31.869957 
4.0 31.98354915 
4.0 16.7149521 
4.0 17.15008295 
4.0 29.43855495 
4.0 30.64022115 
