# Position.Z vs. Particle Type (97 data points):
# "Particle Type" Position.Z
1.0 0.0 
1.0 0.0 
1.0 0.0 
1.0 0.0 
1.0 0.0 
1.0 0.0 
1.0 0.0 
1.0 0.0 
1.0 0.0 
1.0 2.2741768 
1.0 2.2741768 
1.0 2.2741768 
1.0 2.2741768 
1.0 2.2741768 
1.0 2.2741768 
1.0 2.2741768 
1.0 2.2741768 
1.0 2.2741768 
1.0 4.88386745 
1.0 4.55898485 
1.0 4.35302945 
1.0 4.19897905 
1.0 4.8483106 
1.0 4.4558353 
1.0 4.36740815 
1.0 4.6827599 
1.0 4.5805158 
1.0 6.79638785 
1.0 6.8762421 
1.0 6.83366705 
1.0 7.0012131 
1.0 6.67434565 
1.0 7.3095323 
1.0 6.9827058 
1.0 7.3262371 
1.0 6.4785441 
2.0 8.5807071 
2.0 13.3383222 
2.0 8.00559795 
3.0 9.77974585 
3.0 9.18520785 
3.0 13.83809805 
3.0 13.05966375 
3.0 23.46716785 
3.0 26.79501195 
3.0 14.4823084 
3.0 12.21557225 
3.0 9.6565 
3.0 17.81056935 
3.0 10.37329335 
3.0 21.29367345 
3.0 32.5724693 
3.0 32.2327712 
3.0 15.39452495 
3.0 23.1519988 
3.0 31.31428825 
3.0 18.72541335 
3.0 26.78373495 
3.0 28.1186185 
3.0 31.09512 
3.0 17.2146779 
4.0 23.6474511 
4.0 24.0804669 
4.0 27.51635985 
4.0 26.0577324 
4.0 15.01073455 
4.0 14.82791625 
4.0 12.57955405 
4.0 11.67800585 
4.0 9.9622901 
4.0 9.872009 
4.0 17.1048843 
4.0 18.58877615 
4.0 10.042886 
4.0 9.9548393 
4.0 21.82687465 
4.0 21.03031 
4.0 33.10032355 
4.0 32.3220506 
4.0 32.24353475 
4.0 31.97077135 
4.0 15.5844668 
4.0 14.40021625 
4.0 23.01152 
4.0 23.0928404 
4.0 30.41269735 
4.0 31.53411975 
4.0 17.89413815 
4.0 18.89639395 
4.0 27.5907198 
4.0 26.0590925 
4.0 28.02216935 
4.0 27.25786385 
4.0 32.06537635 
4.0 30.81707545 
4.0 17.7072021 
4.0 16.35115755 
