# Position.Z vs. Particle Type (97 data points):
# "Particle Type" Position.Z
1.0 0.0 
1.0 0.0 
1.0 0.0 
1.0 0.0 
1.0 0.0 
1.0 0.0 
1.0 0.0 
1.0 0.0 
1.0 0.0 
1.0 2.2741768 
1.0 2.2741768 
1.0 2.2741768 
1.0 2.2741768 
1.0 2.2741768 
1.0 2.2741768 
1.0 2.2741768 
1.0 2.2741768 
1.0 2.2741768 
1.0 4.2932169 
1.0 4.48435505 
1.0 4.3538383 
1.0 5.06579045 
1.0 4.37263505 
1.0 4.3533833 
1.0 4.35490265 
1.0 5.28565835 
1.0 4.64591015 
1.0 7.762622 
1.0 7.63784735 
1.0 6.85697845 
1.0 7.2517046 
1.0 6.5827342 
1.0 7.12623345 
1.0 6.517889 
1.0 6.37752185 
1.0 7.0567826 
2.0 8.46840435 
2.0 17.676729 
2.0 8.70642955 
3.0 9.71708535 
3.0 9.7694562 
3.0 18.71627695 
3.0 16.7719006 
3.0 11.5842356 
3.0 14.6344786 
3.0 16.5031706 
3.0 13.4609881 
3.0 9.96519405 
3.0 31.37209845 
3.0 20.64932765 
3.0 24.32565065 
3.0 13.89934875 
3.0 22.44619475 
3.0 21.25716145 
3.0 26.80570305 
3.0 31.5977949 
3.0 23.3213036 
3.0 32.4288636 
3.0 28.89972085 
3.0 30.1399154 
3.0 21.53527425 
4.0 11.57629935 
4.0 11.68607615 
4.0 14.1432935 
4.0 15.4073885 
4.0 17.087511 
4.0 15.6735397 
4.0 13.38484875 
4.0 12.62720935 
4.0 10.5031297 
4.0 10.1269329 
4.0 30.8814996 
4.0 31.8762241 
4.0 21.2996133 
4.0 20.00889485 
4.0 24.21017445 
4.0 24.33007045 
4.0 14.23108295 
4.0 13.8613846 
4.0 22.06097005 
4.0 23.16090595 
4.0 20.68521105 
4.0 21.68031915 
4.0 26.0746591 
4.0 27.0690889 
4.0 31.06011475 
4.0 31.0150421 
4.0 23.6900069 
4.0 23.46318275 
4.0 33.3690014 
4.0 32.39712875 
4.0 29.00774485 
4.0 29.4950705 
4.0 29.4434273 
4.0 29.89942795 
4.0 21.19726245 
4.0 21.2856063 
