# Position.Z vs. Particle Type (97 data points):
# "Particle Type" Position.Z
1.0 0.0 
1.0 0.0 
1.0 0.0 
1.0 0.0 
1.0 0.0 
1.0 0.0 
1.0 0.0 
1.0 0.0 
1.0 0.0 
1.0 2.2741768 
1.0 2.2741768 
1.0 2.2741768 
1.0 2.2741768 
1.0 2.2741768 
1.0 2.2741768 
1.0 2.2741768 
1.0 2.2741768 
1.0 2.2741768 
1.0 4.2897589 
1.0 4.0706225 
1.0 4.81551 
1.0 4.75781145 
1.0 4.2696843 
1.0 4.2140063 
1.0 4.4277835 
1.0 4.3369886 
1.0 4.3408694 
1.0 6.445894 
1.0 6.6437833 
1.0 7.0787906 
1.0 6.5711548 
1.0 6.7190431 
1.0 6.5288531 
1.0 8.004626 
1.0 6.7827487 
1.0 6.85682235 
2.0 7.7591423 
2.0 12.60969745 
2.0 7.8704255 
3.0 8.9571608 
3.0 9.0551517 
3.0 13.40860045 
3.0 11.67928755 
3.0 10.1045126 
3.0 14.1956262 
3.0 29.98612085 
3.0 27.74821175 
3.0 15.9600336 
3.0 10.7776662 
3.0 22.48351735 
3.0 13.59386665 
3.0 27.1000975 
3.0 29.53358695 
3.0 20.4069047 
3.0 31.39454815 
3.0 18.62772135 
3.0 31.9258415 
3.0 28.2113517 
3.0 32.29289875 
3.0 17.03830765 
3.0 32.52222505 
4.0 10.6891428 
4.0 10.4346403 
4.0 13.90184425 
4.0 14.801283 
4.0 30.52220675 
4.0 29.08455375 
4.0 27.57018075 
4.0 28.57588475 
4.0 15.5799868 
4.0 16.38191555 
4.0 10.45625385 
4.0 10.41006785 
4.0 22.14653595 
4.0 23.1069685 
4.0 13.27172455 
4.0 13.9494341 
4.0 27.1274612 
4.0 26.1822099 
4.0 29.3793437 
4.0 30.49957015 
4.0 19.90078055 
4.0 20.02913955 
4.0 31.6199345 
4.0 30.4196704 
4.0 18.32918325 
4.0 18.60170585 
4.0 31.3429529 
4.0 32.37482885 
4.0 27.74827055 
4.0 27.60321725 
4.0 31.36176855 
4.0 32.5433983 
4.0 16.40766505 
4.0 17.4976872 
4.0 32.7257035 
4.0 32.19848275 
