# Position.Z vs. Particle Type (97 data points):
# "Particle Type" Position.Z
1.0 0.0 
1.0 0.0 
1.0 0.0 
1.0 0.0 
1.0 0.0 
1.0 0.0 
1.0 0.0 
1.0 0.0 
1.0 0.0 
1.0 2.2741768 
1.0 2.2741768 
1.0 2.2741768 
1.0 2.2741768 
1.0 2.2741768 
1.0 2.2741768 
1.0 2.2741768 
1.0 2.2741768 
1.0 2.2741768 
1.0 4.5296769 
1.0 4.5230808 
1.0 4.52445595 
1.0 4.52614715 
1.0 4.52758075 
1.0 4.5336746 
1.0 4.5311014 
1.0 4.5284834 
1.0 4.5252158 
1.0 6.89739505 
1.0 6.8783232 
1.0 6.8542754 
1.0 6.87390165 
1.0 6.82563665 
1.0 6.8169682 
1.0 6.87926015 
1.0 6.8436312 
1.0 6.8582549 
2.0 8.11224645 
2.0 10.8123554 
2.0 8.063146 
3.0 9.3334906 
3.0 9.29251855 
3.0 9.6608316 
3.0 11.961978 
3.0 10.14564845 
3.0 9.5792102 
3.0 9.73443345 
3.0 10.3521551 
3.0 10.471664 
3.0 10.433626 
3.0 15.01430875 
3.0 13.7513075 
3.0 13.57304095 
3.0 13.8510372 
3.0 14.0329259 
3.0 13.6943534 
3.0 17.08419265 
3.0 17.92669655 
3.0 17.5876701 
3.0 17.5282163 
3.0 17.80826565 
3.0 17.60176705 
4.0 9.19942975 
4.0 10.0835105 
4.0 9.88745835 
4.0 9.70241055 
4.0 10.0448005 
4.0 10.05252745 
4.0 10.4455211 
4.0 9.4022803 
4.0 10.68024125 
4.0 10.98358625 
4.0 10.51659315 
4.0 9.5429565 
4.0 15.50457965 
4.0 14.57556555 
4.0 13.9300826 
4.0 13.9417425 
4.0 13.76931745 
4.0 12.62110605 
4.0 14.0703234 
4.0 14.27845615 
4.0 13.854386 
4.0 13.50130145 
4.0 13.8358773 
4.0 12.7369837 
4.0 16.1078155 
4.0 17.42673345 
4.0 17.9185272 
4.0 17.8519943 
4.0 17.793454 
4.0 17.8306352 
4.0 17.40446925 
4.0 16.6269873 
4.0 17.87931565 
4.0 18.0534116 
4.0 17.50941185 
4.0 16.692067 
