# Position.Z vs. Particle Type (97 data points):
# "Particle Type" Position.Z
1.0 0.0 
1.0 0.0 
1.0 0.0 
1.0 0.0 
1.0 0.0 
1.0 0.0 
1.0 0.0 
1.0 0.0 
1.0 0.0 
1.0 2.2741768 
1.0 2.2741768 
1.0 2.2741768 
1.0 2.2741768 
1.0 2.2741768 
1.0 2.2741768 
1.0 2.2741768 
1.0 2.2741768 
1.0 2.2741768 
1.0 4.33407905 
1.0 4.33917085 
1.0 4.4588173 
1.0 4.1837593 
1.0 4.2458514 
1.0 4.85577995 
1.0 4.24874555 
1.0 4.4015545 
1.0 4.5309852 
1.0 6.5462089 
1.0 7.23175915 
1.0 6.42463465 
1.0 6.58445865 
1.0 7.50055005 
1.0 7.07958265 
1.0 6.6362814 
1.0 7.215523 
1.0 6.22605235 
2.0 8.44325825 
2.0 13.09439075 
2.0 8.09516155 
3.0 9.6205326 
3.0 9.2256031 
3.0 12.91019135 
3.0 13.069 
3.0 24.71471415 
3.0 26.48028495 
3.0 16.52845075 
3.0 16.65959085 
3.0 9.990862 
3.0 19.61115415 
3.0 10.19340595 
3.0 21.5117868 
3.0 29.37523785 
3.0 31.92105175 
3.0 23.92185145 
3.0 25.98759625 
3.0 28.3970148 
3.0 23.36665905 
3.0 28.84202475 
3.0 25.0156284 
3.0 31.8805081 
3.0 23.99086515 
4.0 24.04308795 
4.0 24.5520513 
4.0 26.50943855 
4.0 26.14104255 
4.0 15.85125115 
4.0 17.1890558 
4.0 16.99712665 
4.0 16.27295845 
4.0 9.2316616 
4.0 10.7213764 
4.0 20.2446286 
4.0 20.07333055 
4.0 10.3884886 
4.0 10.09461775 
4.0 21.7273819 
4.0 20.58950705 
4.0 29.2382762 
4.0 30.10517545 
4.0 32.71075535 
4.0 31.34172825 
4.0 23.13347015 
4.0 24.61571245 
4.0 25.43024715 
4.0 26.92036165 
4.0 28.37025765 
4.0 28.0637623 
4.0 23.43518835 
4.0 22.82657895 
4.0 29.3588267 
4.0 28.6402459 
4.0 25.44216885 
4.0 25.73332125 
4.0 32.29447235 
4.0 31.39698275 
4.0 24.2515742 
4.0 24.1265059 
