# Position.Z vs. Particle Type (97 data points):
# "Particle Type" Position.Z
1.0 0.0 
1.0 0.0 
1.0 0.0 
1.0 0.0 
1.0 0.0 
1.0 0.0 
1.0 0.0 
1.0 0.0 
1.0 0.0 
1.0 2.2741768 
1.0 2.2741768 
1.0 2.2741768 
1.0 2.2741768 
1.0 2.2741768 
1.0 2.2741768 
1.0 2.2741768 
1.0 2.2741768 
1.0 2.2741768 
1.0 5.4522328 
1.0 4.32544315 
1.0 4.32209015 
1.0 4.12799135 
1.0 4.40697425 
1.0 4.39156725 
1.0 4.67037655 
1.0 4.4982819 
1.0 4.30623445 
1.0 6.8331179 
1.0 6.93976255 
1.0 6.3852803 
1.0 6.42997075 
1.0 6.9200432 
1.0 7.6725691 
1.0 6.64610625 
1.0 7.5350009 
1.0 7.88948755 
2.0 8.5723694 
2.0 16.0024494 
2.0 8.4033194 
3.0 9.6334273 
3.0 9.4365908 
3.0 15.9654796 
3.0 16.2471407 
3.0 26.69746275 
3.0 29.2254214 
3.0 25.23124695 
3.0 18.81768035 
3.0 9.4854921 
3.0 27.19577 
3.0 11.92066085 
3.0 19.8996161 
3.0 31.79247575 
3.0 30.89477825 
3.0 22.28107875 
3.0 31.33078095 
3.0 18.41928795 
3.0 28.45029075 
3.0 27.06851525 
3.0 32.51400775 
3.0 31.97226795 
3.0 30.6658128 
4.0 27.19864105 
4.0 26.6798595 
4.0 29.96758625 
4.0 29.09388965 
4.0 24.5101976 
4.0 25.1055189 
4.0 18.30325245 
4.0 18.2408471 
4.0 9.7476995 
4.0 8.92836875 
4.0 26.607616 
4.0 26.55677885 
4.0 11.89887265 
4.0 11.01287705 
4.0 19.0639484 
4.0 20.5615095 
4.0 32.2899528 
4.0 32.0029549 
4.0 31.2171188 
4.0 30.14595115 
4.0 21.35880005 
4.0 22.20643915 
4.0 32.20923615 
4.0 31.26109455 
4.0 17.4576612 
4.0 18.6716747 
4.0 27.8841752 
4.0 28.87370465 
4.0 27.5372244 
4.0 27.31330875 
4.0 32.09908625 
4.0 32.14655885 
4.0 32.1221425 
4.0 32.4518943 
4.0 30.4288663 
4.0 30.39265915 
