# Position.Z vs. Particle Type (97 data points):
# "Particle Type" Position.Z
1.0 0.0 
1.0 0.0 
1.0 0.0 
1.0 0.0 
1.0 0.0 
1.0 0.0 
1.0 0.0 
1.0 0.0 
1.0 0.0 
1.0 2.2741768 
1.0 2.2741768 
1.0 2.2741768 
1.0 2.2741768 
1.0 2.2741768 
1.0 2.2741768 
1.0 2.2741768 
1.0 2.2741768 
1.0 2.2741768 
1.0 4.46830055 
1.0 4.2622741 
1.0 5.2395798 
1.0 4.46610815 
1.0 4.3751904 
1.0 4.70175685 
1.0 4.37716195 
1.0 4.62044205 
1.0 4.4658124 
1.0 6.9765661 
1.0 6.8792493 
1.0 6.21411385 
1.0 6.6676232 
1.0 7.4601751 
1.0 7.12542915 
1.0 6.80775655 
1.0 6.8779256 
1.0 6.8566022 
2.0 8.7462844 
2.0 12.61620605 
2.0 8.00635465 
3.0 9.79926395 
3.0 9.2104145 
3.0 11.8338787 
3.0 13.4483671 
3.0 25.7017124 
3.0 14.3330803 
3.0 24.25792425 
3.0 22.27641465 
3.0 9.06979605 
3.0 27.2732887 
3.0 18.7948649 
3.0 10.03565535 
3.0 32.7189611 
3.0 30.7784603 
3.0 26.28309215 
3.0 29.35840005 
3.0 11.26789405 
3.0 29.9046846 
3.0 21.81399395 
3.0 32.2567882 
3.0 31.33851595 
3.0 29.71209115 
4.0 26.6185829 
4.0 25.588885 
4.0 14.10471895 
4.0 15.1684162 
4.0 24.57702275 
4.0 23.27781995 
4.0 21.8998808 
4.0 22.6839011 
4.0 9.80259875 
4.0 9.58871655 
4.0 27.8722101 
4.0 27.2095355 
4.0 18.124218 
4.0 19.7165262 
4.0 9.2809752 
4.0 10.52923375 
4.0 32.3228745 
4.0 32.1186313 
4.0 30.5392164 
4.0 30.01389055 
4.0 25.8665953 
4.0 25.55634165 
4.0 29.99827775 
4.0 28.75881085 
4.0 10.52051595 
4.0 11.65411905 
4.0 29.24105625 
4.0 29.37008585 
4.0 21.06277075 
4.0 22.4791651 
4.0 31.80662625 
4.0 32.8912927 
4.0 31.7797662 
4.0 32.0095713 
4.0 30.30585705 
4.0 29.9096721 
