# Position.Z vs. Particle Type (97 data points):
# "Particle Type" Position.Z
1.0 0.0 
1.0 0.0 
1.0 0.0 
1.0 0.0 
1.0 0.0 
1.0 0.0 
1.0 0.0 
1.0 0.0 
1.0 0.0 
1.0 2.2741768 
1.0 2.2741768 
1.0 2.2741768 
1.0 2.2741768 
1.0 2.2741768 
1.0 2.2741768 
1.0 2.2741768 
1.0 2.2741768 
1.0 2.2741768 
1.0 5.61641745 
1.0 4.18946325 
1.0 4.6128705 
1.0 4.51962525 
1.0 4.40991355 
1.0 4.53136845 
1.0 4.3819426 
1.0 5.0945447 
1.0 4.7014436 
1.0 7.0241703 
1.0 6.75958115 
1.0 6.37987735 
1.0 7.2613394 
1.0 6.66534505 
1.0 7.72696575 
1.0 6.387339 
1.0 7.71668555 
1.0 7.70991165 
2.0 8.79375385 
2.0 11.3686895 
2.0 8.03167015 
3.0 10.03577225 
3.0 9.20056935 
3.0 12.1381897 
3.0 10.782681 
3.0 14.25355435 
3.0 26.9784858 
3.0 17.2002355 
3.0 13.11523535 
3.0 9.72984845 
3.0 28.5720687 
3.0 19.44257455 
3.0 26.9655337 
3.0 22.45146925 
3.0 31.68179875 
3.0 18.44777935 
3.0 26.3280598 
3.0 31.49331325 
3.0 24.61043375 
3.0 32.66733855 
3.0 28.90246065 
3.0 31.55781055 
3.0 16.0348734 
4.0 14.625387 
4.0 13.66194305 
4.0 27.2325648 
4.0 27.355965 
4.0 17.59494065 
4.0 16.3357201 
4.0 12.4840975 
4.0 13.3578291 
4.0 9.3394763 
4.0 10.30905785 
4.0 29.0587766 
4.0 27.6601409 
4.0 19.03519345 
4.0 18.80809245 
4.0 26.2001271 
4.0 26.77558695 
4.0 23.1752374 
4.0 21.71332065 
4.0 30.8597198 
4.0 32.3508997 
4.0 17.9177705 
4.0 19.3053553 
4.0 25.4137436 
4.0 26.56376905 
4.0 30.87776475 
4.0 31.288824 
4.0 24.1122595 
4.0 23.94320915 
4.0 32.5652579 
4.0 32.7512269 
4.0 28.46631585 
4.0 28.1030743 
4.0 32.15744595 
4.0 30.7496749 
4.0 16.5385227 
4.0 16.0493949 
