# Position.Z vs. Particle Type (97 data points):
# "Particle Type" Position.Z
1.0 0.0 
1.0 0.0 
1.0 0.0 
1.0 0.0 
1.0 0.0 
1.0 0.0 
1.0 0.0 
1.0 0.0 
1.0 0.0 
1.0 2.2741768 
1.0 2.2741768 
1.0 2.2741768 
1.0 2.2741768 
1.0 2.2741768 
1.0 2.2741768 
1.0 2.2741768 
1.0 2.2741768 
1.0 2.2741768 
1.0 5.10575205 
1.0 4.4293837 
1.0 4.3061788 
1.0 4.22126635 
1.0 4.3435875 
1.0 4.92236745 
1.0 4.12503035 
1.0 4.4853928 
1.0 4.97863205 
1.0 6.85874945 
1.0 7.1587908 
1.0 6.39283365 
1.0 7.0021399 
1.0 6.4279551 
1.0 7.7361074 
1.0 6.6485566 
1.0 7.2763327 
1.0 6.67255365 
2.0 8.67115165 
2.0 12.7982295 
2.0 8.1665115 
3.0 9.8818629 
3.0 9.40460045 
3.0 13.7170852 
3.0 11.7910135 
3.0 24.16727005 
3.0 27.5634086 
3.0 15.0712758 
3.0 13.0694641 
3.0 9.91180645 
3.0 17.46250765 
3.0 11.0899425 
3.0 20.25182285 
3.0 32.34980735 
3.0 32.2579208 
3.0 16.69597125 
3.0 23.09520255 
3.0 32.14892835 
3.0 19.3773377 
3.0 28.61247865 
3.0 27.94461215 
3.0 32.41060235 
3.0 18.80410385 
4.0 23.7533492 
4.0 24.15764995 
4.0 28.33073285 
4.0 26.89083985 
4.0 15.59197465 
4.0 14.52577805 
4.0 12.90925755 
4.0 12.4535558 
4.0 9.8366702 
4.0 9.30054545 
4.0 16.6058165 
4.0 18.20040005 
4.0 11.8057891 
4.0 10.77439195 
4.0 19.6237748 
4.0 20.65710885 
4.0 32.18543965 
4.0 32.0656735 
4.0 31.66508555 
4.0 32.56440845 
4.0 16.9818908 
4.0 17.49106905 
4.0 23.64526955 
4.0 22.22267215 
4.0 32.6458202 
4.0 31.91629665 
4.0 19.30708255 
4.0 18.9735161 
4.0 28.2659356 
4.0 27.79636615 
4.0 27.80746535 
4.0 28.83455855 
4.0 32.98513925 
4.0 32.897592 
4.0 18.7622715 
4.0 17.93615075 
