# Position.Z vs. Particle Type (97 data points):
# "Particle Type" Position.Z
1.0 0.0 
1.0 0.0 
1.0 0.0 
1.0 0.0 
1.0 0.0 
1.0 0.0 
1.0 0.0 
1.0 0.0 
1.0 0.0 
1.0 2.2741768 
1.0 2.2741768 
1.0 2.2741768 
1.0 2.2741768 
1.0 2.2741768 
1.0 2.2741768 
1.0 2.2741768 
1.0 2.2741768 
1.0 2.2741768 
1.0 4.3790033 
1.0 4.29441915 
1.0 4.44166905 
1.0 4.5431484 
1.0 5.0554294 
1.0 4.6262895 
1.0 4.4526363 
1.0 4.33112295 
1.0 4.28825495 
1.0 7.5876283 
1.0 7.0189959 
1.0 6.9286686 
1.0 6.5456545 
1.0 6.59646925 
1.0 6.7411456 
1.0 6.4186724 
1.0 6.86268695 
1.0 6.6580164 
2.0 8.1284959 
2.0 16.50120325 
2.0 8.72459735 
3.0 9.26951445 
3.0 9.87845985 
3.0 16.67681575 
3.0 16.3819789 
3.0 23.5392087 
3.0 14.4068232 
3.0 23.3924929 
3.0 25.28243865 
3.0 9.87136045 
3.0 28.6834219 
3.0 18.00394085 
3.0 9.6412498 
3.0 32.1600335 
3.0 31.26579435 
3.0 25.5641561 
3.0 29.74460615 
3.0 11.32496505 
3.0 28.5425987 
3.0 22.3952246 
3.0 32.18471655 
3.0 32.44909955 
3.0 26.7097292 
4.0 23.5864671 
4.0 22.9827717 
4.0 13.70967675 
4.0 14.14554715 
4.0 23.15347545 
4.0 23.122582 
4.0 25.2943033 
4.0 26.0071399 
4.0 9.5130028 
4.0 10.5166712 
4.0 28.25180505 
4.0 28.40675845 
4.0 17.9489233 
4.0 18.0244449 
4.0 9.3690373 
4.0 10.25132115 
4.0 31.6604015 
4.0 31.59574425 
4.0 30.50634055 
4.0 32.0502231 
4.0 25.5419899 
4.0 25.8944056 
4.0 28.89198865 
4.0 29.716561 
4.0 10.92399945 
4.0 11.55466585 
4.0 28.98619045 
4.0 29.1493489 
4.0 21.87715425 
4.0 23.2526532 
4.0 32.3973244 
4.0 32.9250761 
4.0 32.578168 
4.0 32.24268075 
4.0 25.7899831 
4.0 26.5993336 
