# Position.Z vs. Particle Type (97 data points):
# "Particle Type" Position.Z
1.0 0.0 
1.0 0.0 
1.0 0.0 
1.0 0.0 
1.0 0.0 
1.0 0.0 
1.0 0.0 
1.0 0.0 
1.0 0.0 
1.0 2.2741768 
1.0 2.2741768 
1.0 2.2741768 
1.0 2.2741768 
1.0 2.2741768 
1.0 2.2741768 
1.0 2.2741768 
1.0 2.2741768 
1.0 2.2741768 
1.0 4.3992193 
1.0 5.32800275 
1.0 4.37160885 
1.0 4.40489665 
1.0 4.73956665 
1.0 4.3114575 
1.0 4.9532252 
1.0 4.36647925 
1.0 4.45887155 
1.0 6.464836 
1.0 7.1955681 
1.0 7.10635275 
1.0 7.77521745 
1.0 6.9387115 
1.0 7.1025829 
1.0 7.78550395 
1.0 6.33013465 
1.0 6.77189695 
2.0 8.23938465 
2.0 17.9017965 
2.0 8.5889307 
3.0 9.4296804 
3.0 9.70453925 
3.0 18.96850585 
3.0 16.90351495 
3.0 21.2063383 
3.0 12.9203536 
3.0 26.9144204 
3.0 29.38155605 
3.0 12.4657106 
3.0 26.1046583 
3.0 25.09641085 
3.0 9.83512565 
3.0 31.66062725 
3.0 31.9731083 
3.0 24.4515411 
3.0 28.7431074 
3.0 16.30808235 
3.0 32.4354618 
3.0 28.95175115 
3.0 31.733961 
3.0 31.6330903 
3.0 29.4022435 
4.0 20.6724077 
4.0 20.8276565 
4.0 13.0496667 
4.0 11.9542808 
4.0 26.4797785 
4.0 26.5578019 
4.0 28.6982913 
4.0 28.9872394 
4.0 12.8556337 
4.0 11.59025805 
4.0 26.7526399 
4.0 26.61939035 
4.0 25.1803391 
4.0 25.6638515 
4.0 9.5828271 
4.0 9.51378365 
4.0 30.8897918 
4.0 31.8196557 
4.0 32.47952645 
4.0 32.10606735 
4.0 24.43316225 
4.0 23.9479275 
4.0 28.9765049 
4.0 28.80750845 
4.0 15.6904601 
4.0 16.360561 
4.0 32.37315445 
4.0 32.0769596 
4.0 28.713846 
4.0 28.37987985 
4.0 32.0012217 
4.0 32.4830814 
4.0 31.7115204 
4.0 30.72707085 
4.0 29.58345355 
4.0 28.71086015 
