# Position.Z vs. Particle Type (97 data points):
# "Particle Type" Position.Z
1.0 0.0 
1.0 0.0 
1.0 0.0 
1.0 0.0 
1.0 0.0 
1.0 0.0 
1.0 0.0 
1.0 0.0 
1.0 0.0 
1.0 2.2741768 
1.0 2.2741768 
1.0 2.2741768 
1.0 2.2741768 
1.0 2.2741768 
1.0 2.2741768 
1.0 2.2741768 
1.0 2.2741768 
1.0 2.2741768 
1.0 4.3962219 
1.0 4.9274911 
1.0 4.4519055 
1.0 4.41009485 
1.0 4.21121925 
1.0 4.38600365 
1.0 4.51071215 
1.0 4.36746765 
1.0 4.61136445 
1.0 6.38360345 
1.0 7.1196671 
1.0 6.75229555 
1.0 6.7738188 
1.0 6.71734315 
1.0 6.99754125 
1.0 7.80701495 
1.0 6.7301339 
1.0 6.52647485 
2.0 8.218413 
2.0 16.1789026 
2.0 8.07738155 
3.0 9.38132125 
3.0 9.23502615 
3.0 15.40624785 
3.0 16.78828165 
3.0 18.7808138 
3.0 12.5743247 
3.0 25.8405595 
3.0 28.2234484 
3.0 14.57488935 
3.0 25.3171835 
3.0 25.30560235 
3.0 10.043523 
3.0 31.9427311 
3.0 31.61009005 
3.0 24.1821888 
3.0 28.73493455 
3.0 18.1256348 
3.0 32.46545015 
3.0 26.86394655 
3.0 32.2527478 
3.0 31.76331375 
3.0 29.53761755 
4.0 19.6881608 
4.0 18.5722418 
4.0 12.3815503 
4.0 12.6281792 
4.0 26.32950845 
4.0 25.61310605 
4.0 28.34716675 
4.0 28.923965 
4.0 14.04859085 
4.0 15.3509216 
4.0 25.20989765 
4.0 26.2834285 
4.0 24.55281675 
4.0 25.1115186 
4.0 10.54501245 
4.0 10.39277015 
4.0 31.38653665 
4.0 32.72338265 
4.0 31.6882608 
4.0 32.3000937 
4.0 23.8861007 
4.0 24.78696675 
4.0 29.2414059 
4.0 27.77608785 
4.0 18.38523925 
4.0 17.315956 
4.0 32.2039284 
4.0 32.27621005 
4.0 27.3944923 
4.0 27.41917885 
4.0 33.17586125 
4.0 32.4642717 
4.0 32.07399055 
4.0 31.7507974 
4.0 29.18096825 
4.0 30.0661753 
