# Position.Z vs. Particle Type (97 data points):
# "Particle Type" Position.Z
1.0 0.0 
1.0 0.0 
1.0 0.0 
1.0 0.0 
1.0 0.0 
1.0 0.0 
1.0 0.0 
1.0 0.0 
1.0 0.0 
1.0 2.2741768 
1.0 2.2741768 
1.0 2.2741768 
1.0 2.2741768 
1.0 2.2741768 
1.0 2.2741768 
1.0 2.2741768 
1.0 2.2741768 
1.0 2.2741768 
1.0 4.1990571 
1.0 4.229659 
1.0 4.4254119 
1.0 4.4568685 
1.0 4.40097525 
1.0 4.6739777 
1.0 5.40622775 
1.0 4.5655827 
1.0 4.21872255 
1.0 6.6489766 
1.0 6.8892719 
1.0 7.3321766 
1.0 6.3945133 
1.0 7.75792745 
1.0 7.45942085 
1.0 6.43542445 
1.0 6.92103895 
1.0 6.616988 
2.0 8.6437428 
2.0 11.8783826 
2.0 7.99509445 
3.0 9.84578315 
3.0 9.1021112 
3.0 12.3817218 
3.0 11.2960477 
3.0 22.78200995 
3.0 9.324483 
3.0 31.81229765 
3.0 25.31764025 
3.0 11.33388305 
3.0 9.80506415 
3.0 18.07656725 
3.0 27.06541005 
3.0 32.12979455 
3.0 14.8248513 
3.0 30.14970805 
3.0 32.7337073 
3.0 26.72293155 
3.0 32.4546663 
3.0 31.1205188 
3.0 24.49759865 
3.0 25.2801283 
3.0 27.30056525 
4.0 22.36277505 
4.0 22.17552855 
4.0 8.8768869 
4.0 10.2481057 
4.0 31.3117504 
4.0 31.69029325 
4.0 24.8003021 
4.0 25.14664845 
4.0 10.77956285 
4.0 11.62651105 
4.0 9.19824115 
4.0 10.74368085 
4.0 17.26331215 
4.0 18.2556395 
4.0 26.35783885 
4.0 27.26805375 
4.0 31.8594017 
4.0 33.0995133 
4.0 15.78942085 
4.0 14.5612838 
4.0 29.77226315 
4.0 29.4328706 
4.0 32.40593335 
4.0 32.66322815 
4.0 26.9767736 
4.0 27.10173165 
4.0 32.7090652 
4.0 32.78693565 
4.0 30.5853968 
4.0 31.4557621 
4.0 25.17366565 
4.0 23.63671275 
4.0 24.65826055 
4.0 25.67624115 
4.0 27.92420995 
4.0 26.4532625 
