# Position.Z vs. Particle Type (97 data points):
# "Particle Type" Position.Z
1.0 0.0 
1.0 0.0 
1.0 0.0 
1.0 0.0 
1.0 0.0 
1.0 0.0 
1.0 0.0 
1.0 0.0 
1.0 0.0 
1.0 2.2741768 
1.0 2.2741768 
1.0 2.2741768 
1.0 2.2741768 
1.0 2.2741768 
1.0 2.2741768 
1.0 2.2741768 
1.0 2.2741768 
1.0 2.2741768 
1.0 4.4002462 
1.0 4.26186985 
1.0 4.4079833 
1.0 4.4492826 
1.0 4.43334255 
1.0 4.4269876 
1.0 5.2333694 
1.0 4.4878981 
1.0 4.4271269 
1.0 6.55266675 
1.0 6.7117981 
1.0 7.72275035 
1.0 6.83636485 
1.0 7.1301538 
1.0 7.00993405 
1.0 6.5574194 
1.0 6.7978309 
1.0 6.92592005 
2.0 8.12309225 
2.0 12.35636395 
2.0 8.26722505 
3.0 9.2976513 
3.0 9.4437735 
3.0 12.41550975 
3.0 12.25021105 
3.0 24.01853265 
3.0 9.04277535 
3.0 32.15982595 
3.0 25.98795325 
3.0 10.79368815 
3.0 10.49088845 
3.0 17.97351955 
3.0 27.46026185 
3.0 31.93625225 
3.0 14.33971735 
3.0 31.05264225 
3.0 32.3671103 
3.0 27.14552715 
3.0 31.92852775 
3.0 29.5238517 
3.0 24.98753215 
3.0 27.52039185 
3.0 26.58368615 
4.0 23.7973715 
4.0 23.5362883 
4.0 8.79535335 
4.0 9.8270816 
4.0 31.265458 
4.0 32.3577982 
4.0 26.56314115 
4.0 25.4572983 
4.0 10.31653525 
4.0 10.56362405 
4.0 9.72382915 
4.0 11.14938545 
4.0 17.5950047 
4.0 18.0271 
4.0 27.3972258 
4.0 26.95388745 
4.0 32.05553855 
4.0 31.7313437 
4.0 14.7052822 
4.0 13.5512769 
4.0 31.4671217 
4.0 30.17670705 
4.0 32.063472 
4.0 31.84361635 
4.0 27.58310975 
4.0 27.8241187 
4.0 32.59267095 
4.0 32.1247465 
4.0 29.83841665 
4.0 29.28163035 
4.0 25.1264293 
4.0 24.30168475 
4.0 26.6148288 
4.0 27.28833765 
4.0 25.80281935 
4.0 27.204436 
