# Position.Z vs. Particle Type (97 data points):
# "Particle Type" Position.Z
1.0 0.0 
1.0 0.0 
1.0 0.0 
1.0 0.0 
1.0 0.0 
1.0 0.0 
1.0 0.0 
1.0 0.0 
1.0 0.0 
1.0 2.2741768 
1.0 2.2741768 
1.0 2.2741768 
1.0 2.2741768 
1.0 2.2741768 
1.0 2.2741768 
1.0 2.2741768 
1.0 2.2741768 
1.0 2.2741768 
1.0 5.55307865 
1.0 4.37861795 
1.0 4.53261165 
1.0 4.6727562 
1.0 4.43002525 
1.0 4.2696409 
1.0 4.5480547 
1.0 4.5158288 
1.0 4.4785657 
1.0 6.6241735 
1.0 6.6436328 
1.0 6.37219975 
1.0 7.07983815 
1.0 6.93907795 
1.0 7.5057738 
1.0 6.4031653 
1.0 7.1145865 
1.0 7.7349356 
2.0 8.3651897 
2.0 14.4805311 
2.0 8.09676105 
3.0 9.4970729 
3.0 9.3271815 
3.0 14.34905255 
3.0 14.56325185 
3.0 29.3807773 
3.0 30.5913405 
3.0 18.7459958 
3.0 19.52722905 
3.0 9.8335818 
3.0 25.7988661 
3.0 9.7520654 
3.0 21.41130285 
3.0 30.96332295 
3.0 32.6402125 
3.0 19.28848145 
3.0 32.3307376 
3.0 24.73573235 
3.0 23.96292325 
3.0 26.7779435 
3.0 28.62333705 
3.0 30.1797482 
3.0 27.7347455 
4.0 29.94801985 
4.0 30.00228315 
4.0 29.8905908 
4.0 31.43283395 
4.0 19.51145735 
4.0 18.35508255 
4.0 19.7553391 
4.0 18.6212607 
4.0 9.1738829 
4.0 9.3507176 
4.0 24.9282488 
4.0 26.18499135 
4.0 10.2035759 
4.0 10.517563 
4.0 20.6203872 
4.0 22.08094805 
4.0 31.89769835 
4.0 30.8079324 
4.0 31.9091157 
4.0 32.35440425 
4.0 18.70000335 
4.0 19.63342745 
4.0 32.8335749 
4.0 32.8969781 
4.0 25.1066172 
4.0 25.45273605 
4.0 23.8467761 
4.0 23.31823165 
4.0 26.1487835 
4.0 27.60155895 
4.0 27.8550776 
4.0 29.02807635 
4.0 29.1993289 
4.0 30.4753274 
4.0 27.03727285 
4.0 28.1606241 
