# Position.Z vs. Particle Type (97 data points):
# "Particle Type" Position.Z
1.0 0.0 
1.0 0.0 
1.0 0.0 
1.0 0.0 
1.0 0.0 
1.0 0.0 
1.0 0.0 
1.0 0.0 
1.0 0.0 
1.0 2.2741768 
1.0 2.2741768 
1.0 2.2741768 
1.0 2.2741768 
1.0 2.2741768 
1.0 2.2741768 
1.0 2.2741768 
1.0 2.2741768 
1.0 2.2741768 
1.0 5.3344487 
1.0 4.32023025 
1.0 4.3872913 
1.0 4.2146755 
1.0 4.65017735 
1.0 4.62843185 
1.0 4.35923915 
1.0 4.3680532 
1.0 5.0161188 
1.0 6.6607527 
1.0 7.39004315 
1.0 6.788047 
1.0 7.167643 
1.0 7.1755838 
1.0 7.7821275 
1.0 6.77225955 
1.0 7.76680205 
1.0 6.51574 
2.0 8.7725085 
2.0 13.9804595 
2.0 8.2083771 
3.0 9.9183826 
3.0 9.3617559 
3.0 13.3122703 
3.0 14.7404712 
3.0 24.8295628 
3.0 28.00998375 
3.0 15.4609742 
3.0 14.58940525 
3.0 9.22251435 
3.0 18.0438174 
3.0 12.49937745 
3.0 18.0266975 
3.0 31.56486865 
3.0 31.83872615 
3.0 18.8727854 
3.0 23.67546195 
3.0 32.2769853 
3.0 20.9325746 
3.0 31.31532355 
3.0 27.53634275 
3.0 31.07631485 
3.0 20.38956605 
4.0 25.19535515 
4.0 23.94833875 
4.0 28.1043798 
4.0 27.91852735 
4.0 15.8912292 
4.0 14.49419755 
4.0 13.7500818 
4.0 15.193927 
4.0 9.41287865 
4.0 10.0291562 
4.0 17.58097845 
4.0 18.0301688 
4.0 11.81693625 
4.0 12.53681625 
4.0 18.03306715 
4.0 17.1549413 
4.0 31.3490471 
4.0 31.80970135 
4.0 32.2417662 
4.0 31.46164315 
4.0 18.9772989 
4.0 19.8028719 
4.0 22.9365143 
4.0 23.36559855 
4.0 31.6714062 
4.0 33.008136 
4.0 20.55284035 
4.0 21.51877245 
4.0 30.5602521 
4.0 31.16699075 
4.0 26.7671726 
4.0 27.43543915 
4.0 31.07534185 
4.0 31.88549 
4.0 19.87450745 
4.0 19.6299054 
