# Position.Z vs. Particle Type (97 data points):
# "Particle Type" Position.Z
1.0 0.0 
1.0 0.0 
1.0 0.0 
1.0 0.0 
1.0 0.0 
1.0 0.0 
1.0 0.0 
1.0 0.0 
1.0 0.0 
1.0 2.2741768 
1.0 2.2741768 
1.0 2.2741768 
1.0 2.2741768 
1.0 2.2741768 
1.0 2.2741768 
1.0 2.2741768 
1.0 2.2741768 
1.0 2.2741768 
1.0 4.2686042 
1.0 4.7198599 
1.0 4.25605215 
1.0 4.4941722 
1.0 4.63533035 
1.0 5.33217755 
1.0 4.58231935 
1.0 4.32295955 
1.0 4.2547855 
1.0 7.37075535 
1.0 7.53850825 
1.0 7.0628068 
1.0 6.581442 
1.0 6.76756605 
1.0 7.2106692 
1.0 7.29117655 
1.0 6.78256775 
1.0 6.41185825 
2.0 8.4606991 
2.0 11.94413955 
2.0 8.50632475 
3.0 9.5494385 
3.0 9.6526143 
3.0 11.619496 
3.0 12.23160925 
3.0 18.6606273 
3.0 10.09374415 
3.0 26.4070674 
3.0 27.8590669 
3.0 14.55999895 
3.0 25.12282395 
3.0 22.49238845 
3.0 9.6476793 
3.0 31.947986 
3.0 28.46276265 
3.0 25.2727769 
3.0 29.31137055 
3.0 22.8378248 
3.0 32.0784198 
3.0 26.1522254 
3.0 32.3031282 
3.0 32.6263917 
3.0 29.8050956 
4.0 18.80646215 
4.0 19.03725635 
4.0 10.86752205 
4.0 10.1428047 
4.0 25.54469785 
4.0 26.19792455 
4.0 27.26755465 
4.0 28.67058005 
4.0 13.84912655 
4.0 15.09881205 
4.0 26.10418895 
4.0 25.02143245 
4.0 22.62546615 
4.0 23.0233073 
4.0 10.0241456 
4.0 10.33408215 
4.0 32.847696 
4.0 32.1809418 
4.0 28.470379 
4.0 28.72760555 
4.0 25.8907929 
4.0 24.58630405 
4.0 29.88251455 
4.0 28.86790445 
4.0 21.87667545 
4.0 23.3091264 
4.0 33.1172646 
4.0 31.8430294 
4.0 27.0406465 
4.0 25.69772975 
4.0 32.04829985 
4.0 32.3971242 
4.0 32.98815625 
4.0 32.5527937 
4.0 29.3703739 
4.0 30.59403305 
