# Position.Z vs. Particle Type (97 data points):
# "Particle Type" Position.Z
1.0 0.0 
1.0 0.0 
1.0 0.0 
1.0 0.0 
1.0 0.0 
1.0 0.0 
1.0 0.0 
1.0 0.0 
1.0 0.0 
1.0 2.2741768 
1.0 2.2741768 
1.0 2.2741768 
1.0 2.2741768 
1.0 2.2741768 
1.0 2.2741768 
1.0 2.2741768 
1.0 2.2741768 
1.0 2.2741768 
1.0 4.80070325 
1.0 4.30188395 
1.0 4.3270164 
1.0 4.29231845 
1.0 4.2484596 
1.0 4.32970545 
1.0 4.9065219 
1.0 4.58904075 
1.0 4.50549365 
1.0 6.589618 
1.0 6.6494393 
1.0 7.5043661 
1.0 6.9665008 
1.0 7.09145535 
1.0 7.46017125 
1.0 6.2867336 
1.0 6.991138 
1.0 6.711558 
2.0 8.2629757 
2.0 13.47750355 
2.0 8.14094505 
3.0 9.4364921 
3.0 9.25530515 
3.0 13.8991377 
3.0 13.05722285 
3.0 17.1909402 
3.0 10.77107255 
3.0 31.1731133 
3.0 26.14468605 
3.0 15.4950054 
3.0 9.26451575 
3.0 16.57931905 
3.0 21.9142847 
3.0 32.57446115 
3.0 17.68972835 
3.0 24.64920955 
3.0 30.3759428 
3.0 24.64746305 
3.0 32.25917765 
3.0 32.0155444 
3.0 23.0664973 
3.0 18.56065925 
3.0 29.66085955 
4.0 16.7711481 
4.0 17.66470195 
4.0 11.2730415 
4.0 10.0006858 
4.0 31.8458252 
4.0 30.8538013 
4.0 25.42180585 
4.0 26.6311304 
4.0 14.5758669 
4.0 15.4362509 
4.0 9.7981884 
4.0 9.8427756 
4.0 16.76041535 
4.0 17.44074465 
4.0 21.94916675 
4.0 21.13742645 
4.0 32.93956155 
4.0 32.1412196 
4.0 16.9213905 
4.0 18.0719077 
4.0 24.26037495 
4.0 25.4916977 
4.0 30.63624585 
4.0 29.54130235 
4.0 23.6843082 
4.0 24.9137756 
4.0 31.7442734 
4.0 32.43523185 
4.0 32.6827725 
4.0 32.1632738 
4.0 22.44107495 
4.0 23.51816705 
4.0 19.09936 
4.0 17.75711735 
4.0 29.35560005 
4.0 29.18064275 
