# Position.Z vs. Particle Type (97 data points):
# "Particle Type" Position.Z
1.0 0.0 
1.0 0.0 
1.0 0.0 
1.0 0.0 
1.0 0.0 
1.0 0.0 
1.0 0.0 
1.0 0.0 
1.0 0.0 
1.0 2.2741768 
1.0 2.2741768 
1.0 2.2741768 
1.0 2.2741768 
1.0 2.2741768 
1.0 2.2741768 
1.0 2.2741768 
1.0 2.2741768 
1.0 2.2741768 
1.0 5.23160715 
1.0 4.5499678 
1.0 4.245927 
1.0 4.35294475 
1.0 4.2466466 
1.0 4.7265113 
1.0 4.26064065 
1.0 4.2824579 
1.0 4.95873315 
1.0 6.80165815 
1.0 7.4729683 
1.0 6.46322145 
1.0 7.2839578 
1.0 6.98603185 
1.0 7.8441076 
1.0 6.19704785 
1.0 7.54688235 
1.0 6.87243375 
2.0 8.7239131 
2.0 13.12026275 
2.0 8.57718645 
3.0 9.95533665 
3.0 9.7431579 
3.0 13.5560208 
3.0 12.5618913 
3.0 24.74083535 
3.0 28.29352645 
3.0 15.4708078 
3.0 13.88785265 
3.0 9.69477985 
3.0 17.36276255 
3.0 12.1111662 
3.0 19.0736966 
3.0 30.9975246 
3.0 32.54285055 
3.0 17.8163433 
3.0 23.35352495 
3.0 32.2307804 
3.0 20.3449274 
3.0 30.4641869 
3.0 28.11922785 
3.0 31.2640363 
3.0 19.4826317 
4.0 23.902095 
4.0 24.4246149 
4.0 29.21490355 
4.0 28.2607171 
4.0 15.7348135 
4.0 15.38420695 
4.0 13.2394304 
4.0 13.9820674 
4.0 9.1013034 
4.0 9.95451345 
4.0 16.92032265 
4.0 17.7384956 
4.0 12.5769126 
4.0 11.2019348 
4.0 19.23358255 
4.0 19.2843203 
4.0 31.08242725 
4.0 31.83882275 
4.0 33.03592845 
4.0 31.7183629 
4.0 17.0289154 
4.0 18.2276255 
4.0 22.69954435 
4.0 24.2931542 
4.0 31.66257325 
4.0 31.91691615 
4.0 20.0979576 
4.0 19.89687 
4.0 29.71884685 
4.0 30.28981655 
4.0 27.870262 
4.0 27.2948795 
4.0 30.36053335 
4.0 31.1186148 
4.0 20.42936665 
4.0 19.5623358 
