# Position.Z vs. Particle Type (97 data points):
# "Particle Type" Position.Z
1.0 0.0 
1.0 0.0 
1.0 0.0 
1.0 0.0 
1.0 0.0 
1.0 0.0 
1.0 0.0 
1.0 0.0 
1.0 0.0 
1.0 2.2741768 
1.0 2.2741768 
1.0 2.2741768 
1.0 2.2741768 
1.0 2.2741768 
1.0 2.2741768 
1.0 2.2741768 
1.0 2.2741768 
1.0 2.2741768 
1.0 4.54534605 
1.0 4.25426715 
1.0 4.4991268 
1.0 4.26774075 
1.0 4.3183385 
1.0 4.40227095 
1.0 4.282061 
1.0 4.46028275 
1.0 4.45675335 
1.0 6.31674645 
1.0 6.6666495 
1.0 6.1672681 
1.0 6.7047519 
1.0 6.42417125 
1.0 6.91850705 
1.0 6.59260735 
1.0 7.23142 
1.0 6.24748915 
2.0 8.37045755 
2.0 11.70800645 
2.0 7.5307449 
3.0 9.4618748 
3.0 8.69535135 
3.0 10.5521864 
3.0 12.8524466 
3.0 17.3288822 
3.0 26.00778845 
3.0 14.2576602 
3.0 9.22807025 
3.0 8.76873235 
3.0 22.72945185 
3.0 14.71517635 
3.0 21.4843461 
3.0 27.6717609 
3.0 32.12941375 
3.0 11.492495 
3.0 19.89187795 
3.0 29.22902045 
3.0 18.7701906 
3.0 25.46121515 
3.0 29.5279866 
3.0 32.57582265 
3.0 16.09432265 
4.0 16.5193896 
4.0 17.3886601 
4.0 25.41309155 
4.0 25.65857735 
4.0 13.69996985 
4.0 13.80374905 
4.0 10.08486325 
4.0 9.0011614 
4.0 9.38292985 
4.0 8.94253395 
4.0 22.01223045 
4.0 23.45580545 
4.0 14.90135535 
4.0 15.29046015 
4.0 21.55452775 
4.0 22.1381048 
4.0 28.5177445 
4.0 26.89740935 
4.0 32.88670035 
4.0 31.9828383 
4.0 12.1976771 
4.0 11.2270333 
4.0 20.21223575 
4.0 19.79174365 
4.0 29.3717277 
4.0 30.05336285 
4.0 18.94693815 
4.0 19.62999325 
4.0 24.7195473 
4.0 26.26269345 
4.0 28.54206145 
4.0 29.9427499 
4.0 33.15186805 
4.0 32.55279615 
4.0 16.65854295 
4.0 16.7810356 
