# Position.Z vs. Particle Type (97 data points):
# "Particle Type" Position.Z
1.0 0.0 
1.0 0.0 
1.0 0.0 
1.0 0.0 
1.0 0.0 
1.0 0.0 
1.0 0.0 
1.0 0.0 
1.0 0.0 
1.0 2.2741768 
1.0 2.2741768 
1.0 2.2741768 
1.0 2.2741768 
1.0 2.2741768 
1.0 2.2741768 
1.0 2.2741768 
1.0 2.2741768 
1.0 2.2741768 
1.0 4.28094205 
1.0 4.3481991 
1.0 4.33253345 
1.0 4.39687675 
1.0 5.19380715 
1.0 4.26447105 
1.0 4.272149 
1.0 4.3665223 
1.0 4.36459065 
1.0 7.4115636 
1.0 7.0405951 
1.0 6.88104445 
1.0 6.32189425 
1.0 6.5500169 
1.0 6.7078011 
1.0 7.57825005 
1.0 6.2423837 
1.0 6.2592509 
2.0 7.7702443 
2.0 18.7804267 
2.0 7.8568798 
3.0 8.95133225 
3.0 8.92648715 
3.0 17.6384768 
3.0 19.9316726 
3.0 22.76113385 
3.0 12.32532945 
3.0 24.6045506 
3.0 29.20401785 
3.0 11.04103385 
3.0 27.17184505 
3.0 23.74633275 
3.0 9.12583455 
3.0 32.31725455 
3.0 32.25321645 
3.0 25.7998447 
3.0 29.57857735 
3.0 13.9713763 
3.0 30.54641765 
3.0 27.862401 
3.0 32.54956005 
3.0 31.38916935 
3.0 28.1575084 
4.0 23.1036694 
4.0 22.3012741 
4.0 12.400829 
4.0 13.12630725 
4.0 24.82989005 
4.0 25.54594525 
4.0 29.04733545 
4.0 29.83094485 
4.0 10.64443695 
4.0 11.1091085 
4.0 27.9020553 
4.0 26.7371958 
4.0 23.1660548 
4.0 24.12147885 
4.0 9.84886595 
4.0 8.59803805 
4.0 31.8022236 
4.0 32.1540079 
4.0 31.39549455 
4.0 32.254341 
4.0 24.9664863 
4.0 26.3430006 
4.0 29.95295205 
4.0 29.1621022 
4.0 14.4410868 
4.0 13.3917196 
4.0 29.941765 
4.0 31.3888498 
4.0 27.78668935 
4.0 28.05834885 
4.0 32.8150886 
4.0 32.9789621 
4.0 32.31662 
4.0 31.37363495 
4.0 27.69001165 
4.0 29.01761625 
