# Position.Z vs. Particle Type (97 data points):
# "Particle Type" Position.Z
1.0 0.0 
1.0 0.0 
1.0 0.0 
1.0 0.0 
1.0 0.0 
1.0 0.0 
1.0 0.0 
1.0 0.0 
1.0 0.0 
1.0 2.2741768 
1.0 2.2741768 
1.0 2.2741768 
1.0 2.2741768 
1.0 2.2741768 
1.0 2.2741768 
1.0 2.2741768 
1.0 2.2741768 
1.0 2.2741768 
1.0 4.62162015 
1.0 4.3151444 
1.0 4.2489139 
1.0 4.63926925 
1.0 4.3392244 
1.0 4.3635186 
1.0 4.3773205 
1.0 4.45458405 
1.0 4.4083522 
1.0 6.9534668 
1.0 6.891773 
1.0 6.4891981 
1.0 6.94707405 
1.0 6.411783 
1.0 7.2433599 
1.0 6.87515115 
1.0 7.2156497 
1.0 6.5325456 
2.0 8.3697964 
2.0 13.5204489 
2.0 8.2271546 
3.0 9.63971575 
3.0 9.43879405 
3.0 13.2198143 
3.0 14.04740435 
3.0 23.11113315 
3.0 26.0368752 
3.0 14.2469845 
3.0 11.53335295 
3.0 9.10762335 
3.0 18.1168134 
3.0 8.9106661 
3.0 21.7000126 
3.0 30.92975235 
3.0 32.31340805 
3.0 13.70178915 
3.0 23.348465 
3.0 30.43463185 
3.0 18.13865865 
3.0 25.2455903 
3.0 28.24942505 
3.0 30.99367215 
3.0 16.61386265 
4.0 22.5780436 
4.0 23.9783439 
4.0 26.8213848 
4.0 26.08709145 
4.0 15.09990475 
4.0 14.18686465 
4.0 11.01254945 
4.0 11.58715145 
4.0 9.2271893 
4.0 9.40220645 
4.0 17.8586436 
4.0 17.80865555 
4.0 8.95594455 
4.0 9.11201515 
4.0 22.55219715 
4.0 21.0670313 
4.0 31.6781486 
4.0 30.2800036 
4.0 33.1095996 
4.0 32.11682985 
4.0 13.63838 
4.0 13.6738763 
4.0 24.04570945 
4.0 22.89435085 
4.0 30.9825425 
4.0 30.66048545 
4.0 17.49442275 
4.0 18.35747375 
4.0 25.9030513 
4.0 24.60036985 
4.0 27.7398779 
4.0 28.2842063 
4.0 30.3018674 
4.0 31.66598575 
4.0 17.47326735 
4.0 15.9739923 
