# Position.Z vs. Particle Type (97 data points):
# "Particle Type" Position.Z
1.0 0.0 
1.0 0.0 
1.0 0.0 
1.0 0.0 
1.0 0.0 
1.0 0.0 
1.0 0.0 
1.0 0.0 
1.0 0.0 
1.0 2.2741768 
1.0 2.2741768 
1.0 2.2741768 
1.0 2.2741768 
1.0 2.2741768 
1.0 2.2741768 
1.0 2.2741768 
1.0 2.2741768 
1.0 2.2741768 
1.0 4.21090705 
1.0 4.47985125 
1.0 4.66673655 
1.0 4.20967995 
1.0 4.35259615 
1.0 5.0093456 
1.0 4.78275315 
1.0 4.7089427 
1.0 4.8236076 
1.0 6.9332067 
1.0 7.32693745 
1.0 6.3820848 
1.0 6.71503945 
1.0 7.16300585 
1.0 7.04760455 
1.0 6.6116904 
1.0 7.336679 
1.0 6.45887095 
2.0 8.0808658 
2.0 20.6443895 
2.0 8.20984255 
3.0 9.2744596 
3.0 9.4133172 
3.0 20.40890705 
3.0 21.0125657 
3.0 13.6504963 
3.0 13.2514025 
3.0 9.2444751 
3.0 10.2754211 
3.0 10.12395685 
3.0 32.95458285 
3.0 25.6304699 
3.0 28.8845214 
3.0 12.9195668 
3.0 28.4310915 
3.0 25.7242153 
3.0 31.8921414 
3.0 31.8173681 
3.0 27.76868815 
3.0 29.15947895 
3.0 31.05542405 
3.0 31.07902665 
3.0 21.61813605 
4.0 12.79693135 
4.0 13.78435205 
4.0 13.29010725 
4.0 13.30171115 
4.0 9.7175764 
4.0 9.76219195 
4.0 10.44424885 
4.0 9.4352909 
4.0 10.6382864 
4.0 10.25500385 
4.0 32.62178815 
4.0 32.70051995 
4.0 25.0944036 
4.0 26.21184895 
4.0 28.73361225 
4.0 29.09030845 
4.0 12.97875425 
4.0 13.02384965 
4.0 28.9983498 
4.0 28.34413505 
4.0 25.11837615 
4.0 26.61015105 
4.0 31.3768448 
4.0 32.78135035 
4.0 30.8404495 
4.0 32.0235041 
4.0 26.8528939 
4.0 28.16125025 
4.0 29.2419456 
4.0 29.3845839 
4.0 31.18314395 
4.0 31.98298565 
4.0 30.3616677 
4.0 31.306737 
4.0 21.8857772 
4.0 20.82823855 
