# Position.Z vs. Particle Type (97 data points):
# "Particle Type" Position.Z
1.0 0.0 
1.0 0.0 
1.0 0.0 
1.0 0.0 
1.0 0.0 
1.0 0.0 
1.0 0.0 
1.0 0.0 
1.0 0.0 
1.0 2.2741768 
1.0 2.2741768 
1.0 2.2741768 
1.0 2.2741768 
1.0 2.2741768 
1.0 2.2741768 
1.0 2.2741768 
1.0 2.2741768 
1.0 2.2741768 
1.0 4.4347996 
1.0 4.34396865 
1.0 4.32725125 
1.0 4.7352907 
1.0 4.4223277 
1.0 4.35093365 
1.0 4.72473575 
1.0 4.24766545 
1.0 4.21495375 
1.0 6.1858699 
1.0 6.93135415 
1.0 7.0383236 
1.0 6.2610072 
1.0 7.38722775 
1.0 6.72279055 
1.0 6.66783635 
1.0 7.3763354 
1.0 7.1481263 
2.0 8.4965055 
2.0 13.13553395 
2.0 8.11890485 
3.0 9.5557693 
3.0 9.33796745 
3.0 13.48817995 
3.0 12.80023115 
3.0 18.96888315 
3.0 9.54352315 
3.0 31.34500565 
3.0 25.54871795 
3.0 15.11701415 
3.0 9.28120375 
3.0 17.5064288 
3.0 24.28532295 
3.0 32.0434324 
3.0 17.0170462 
3.0 27.7810561 
3.0 31.03320115 
3.0 26.2939327 
3.0 32.47536355 
3.0 32.82876555 
3.0 22.90642795 
3.0 19.4695172 
3.0 29.12670565 
4.0 19.41209935 
4.0 18.32037235 
4.0 9.8605675 
4.0 8.66114375 
4.0 31.0572325 
4.0 32.3220009 
4.0 26.35359895 
4.0 25.65472525 
4.0 15.50394335 
4.0 14.23354765 
4.0 9.92908 
4.0 9.61430785 
4.0 17.042886 
4.0 17.70461735 
4.0 24.79622985 
4.0 23.5692485 
4.0 31.46437245 
4.0 32.77568105 
4.0 17.1889816 
4.0 17.74624775 
4.0 28.68346075 
4.0 27.3122199 
4.0 31.56522635 
4.0 31.292877 
4.0 25.89551615 
4.0 25.6391058 
4.0 32.7070233 
4.0 32.4453213 
4.0 32.46860015 
4.0 32.5954517 
4.0 22.2040735 
4.0 23.52027545 
4.0 20.0510688 
4.0 18.57253615 
4.0 29.63877 
4.0 28.19989235 
