# Position.Z vs. Particle Type (97 data points):
# "Particle Type" Position.Z
1.0 0.0 
1.0 0.0 
1.0 0.0 
1.0 0.0 
1.0 0.0 
1.0 0.0 
1.0 0.0 
1.0 0.0 
1.0 0.0 
1.0 2.2741768 
1.0 2.2741768 
1.0 2.2741768 
1.0 2.2741768 
1.0 2.2741768 
1.0 2.2741768 
1.0 2.2741768 
1.0 2.2741768 
1.0 2.2741768 
1.0 5.1982329 
1.0 4.4189943 
1.0 5.289655 
1.0 4.41965125 
1.0 4.43416295 
1.0 4.5354519 
1.0 4.17751075 
1.0 4.7182023 
1.0 4.30580675 
1.0 7.17386915 
1.0 6.49513585 
1.0 6.34403315 
1.0 6.38435595 
1.0 7.93124535 
1.0 7.67142775 
1.0 7.00895825 
1.0 7.80426045 
1.0 7.02329425 
2.0 8.94347755 
2.0 15.43776185 
2.0 8.36083675 
3.0 10.1906868 
3.0 9.40253335 
3.0 14.26252345 
3.0 16.61303245 
3.0 24.9338061 
3.0 24.68404925 
3.0 25.51565135 
3.0 21.2659839 
3.0 9.553495 
3.0 28.3642009 
3.0 11.0888505 
3.0 18.6219299 
3.0 32.1513836 
3.0 28.3528105 
3.0 23.4602333 
3.0 31.2375847 
3.0 15.8270966 
3.0 29.55672335 
3.0 27.2366549 
3.0 32.58976595 
3.0 31.97266485 
3.0 31.2353664 
4.0 25.38392745 
4.0 24.8059735 
4.0 24.6187081 
4.0 25.58418415 
4.0 25.0702956 
4.0 24.8432303 
4.0 21.0405405 
4.0 21.10578575 
4.0 10.22914515 
4.0 8.85123365 
4.0 27.48583915 
4.0 28.18098185 
4.0 10.37888355 
4.0 11.661524 
4.0 18.33981625 
4.0 19.4471249 
4.0 32.6773328 
4.0 32.23360945 
4.0 27.5873416 
4.0 28.7230293 
4.0 23.43464305 
4.0 22.56118025 
4.0 30.9361892 
4.0 30.4286143 
4.0 16.50059495 
4.0 15.17468155 
4.0 30.53672195 
4.0 29.50460275 
4.0 27.37614775 
4.0 28.2056698 
4.0 32.2168644 
4.0 32.3420566 
4.0 31.90424125 
4.0 32.8010788 
4.0 31.33125065 
4.0 30.5281382 
