# Position.Z vs. Particle Type (97 data points):
# "Particle Type" Position.Z
1.0 0.0 
1.0 0.0 
1.0 0.0 
1.0 0.0 
1.0 0.0 
1.0 0.0 
1.0 0.0 
1.0 0.0 
1.0 0.0 
1.0 2.2741768 
1.0 2.2741768 
1.0 2.2741768 
1.0 2.2741768 
1.0 2.2741768 
1.0 2.2741768 
1.0 2.2741768 
1.0 2.2741768 
1.0 2.2741768 
1.0 4.3542968 
1.0 4.37006115 
1.0 4.88666535 
1.0 4.5623662 
1.0 4.51118045 
1.0 4.49421875 
1.0 4.24823595 
1.0 4.49111985 
1.0 4.2598556 
1.0 6.46467535 
1.0 6.7526046 
1.0 7.04606525 
1.0 6.4444037 
1.0 6.5633211 
1.0 7.19886895 
1.0 7.5864446 
1.0 6.71771275 
1.0 7.28347515 
2.0 8.283639 
2.0 12.14384115 
2.0 8.1003881 
3.0 9.43169255 
3.0 9.27212195 
3.0 13.10539685 
3.0 11.14543325 
3.0 9.3692053 
3.0 14.3799614 
3.0 29.12728035 
3.0 28.0669984 
3.0 15.6210936 
3.0 10.4334818 
3.0 21.2471966 
3.0 13.4299466 
3.0 27.53542785 
3.0 28.37101435 
3.0 20.8602016 
3.0 31.0618525 
3.0 18.3963486 
3.0 31.97634895 
3.0 28.5215637 
3.0 31.61773545 
3.0 17.10519475 
3.0 32.3614382 
4.0 8.59068385 
4.0 9.28427395 
4.0 15.09430685 
4.0 14.0931987 
4.0 28.3527139 
4.0 29.756678 
4.0 27.1258071 
4.0 28.3882389 
4.0 14.76751745 
4.0 15.81988485 
4.0 11.0339537 
4.0 10.53925705 
4.0 21.4238542 
4.0 20.93057365 
4.0 14.08517565 
4.0 13.83154325 
4.0 27.78610275 
4.0 27.3655067 
4.0 29.04978475 
4.0 28.1680833 
4.0 20.06764305 
4.0 21.50779855 
4.0 30.351748 
4.0 31.91903925 
4.0 17.93518545 
4.0 18.0159462 
4.0 32.47547835 
4.0 32.54491555 
4.0 27.95574215 
4.0 28.11521755 
4.0 32.0227201 
4.0 31.2382343 
4.0 16.76238025 
4.0 17.15009835 
4.0 31.6696079 
4.0 32.55010745 
