# Position.Z vs. Particle Type (97 data points):
# "Particle Type" Position.Z
1.0 0.0 
1.0 0.0 
1.0 0.0 
1.0 0.0 
1.0 0.0 
1.0 0.0 
1.0 0.0 
1.0 0.0 
1.0 0.0 
1.0 2.2741768 
1.0 2.2741768 
1.0 2.2741768 
1.0 2.2741768 
1.0 2.2741768 
1.0 2.2741768 
1.0 2.2741768 
1.0 2.2741768 
1.0 2.2741768 
1.0 4.3304093 
1.0 4.5223787 
1.0 4.2783734 
1.0 5.20811655 
1.0 4.39764115 
1.0 4.55477435 
1.0 4.400249 
1.0 5.2393551 
1.0 4.1698146 
1.0 7.19080145 
1.0 7.59119165 
1.0 6.972175 
1.0 6.5252964 
1.0 6.70994345 
1.0 7.6835864 
1.0 6.30504385 
1.0 6.5498013 
1.0 7.58249835 
2.0 8.62020565 
2.0 22.88488965 
2.0 8.53526345 
3.0 9.4156839 
3.0 9.6628042 
3.0 21.81534635 
3.0 23.83957695 
3.0 12.31951875 
3.0 13.7045272 
3.0 9.7410684 
3.0 13.4594047 
3.0 10.35807535 
3.0 32.81211185 
3.0 22.3597822 
3.0 25.1423627 
3.0 13.6053267 
3.0 23.7728337 
3.0 21.38442075 
3.0 30.05384515 
3.0 32.1286574 
3.0 24.75684225 
3.0 32.08229185 
3.0 26.5926262 
3.0 30.6427387 
3.0 21.39872525 
4.0 11.47841905 
4.0 12.81153405 
4.0 13.41535265 
4.0 14.0668822 
4.0 9.29904395 
4.0 9.8273406 
4.0 12.57260235 
4.0 13.5888305 
4.0 10.8601829 
4.0 10.8723258 
4.0 32.3425802 
4.0 32.1470366 
4.0 23.31793765 
4.0 22.2166805 
4.0 24.96848095 
4.0 24.5872746 
4.0 13.8469863 
4.0 13.2530503 
4.0 22.8625558 
4.0 23.70620735 
4.0 21.48927445 
4.0 21.194201 
4.0 29.12643055 
4.0 30.454851 
4.0 32.75753145 
4.0 31.26665255 
4.0 24.7448712 
4.0 25.03057515 
4.0 32.77636355 
4.0 32.6510751 
4.0 26.8077621 
4.0 26.24064695 
4.0 29.6716189 
4.0 30.8032508 
4.0 21.23561545 
4.0 20.7332132 
