# Position.Z vs. Particle Type (97 data points):
# "Particle Type" Position.Z
1.0 0.0 
1.0 0.0 
1.0 0.0 
1.0 0.0 
1.0 0.0 
1.0 0.0 
1.0 0.0 
1.0 0.0 
1.0 0.0 
1.0 2.2741768 
1.0 2.2741768 
1.0 2.2741768 
1.0 2.2741768 
1.0 2.2741768 
1.0 2.2741768 
1.0 2.2741768 
1.0 2.2741768 
1.0 2.2741768 
1.0 4.52135145 
1.0 4.5900603 
1.0 4.4431499 
1.0 4.35482355 
1.0 4.38911235 
1.0 4.52837525 
1.0 4.38195625 
1.0 4.6140213 
1.0 4.32162675 
1.0 7.4703216 
1.0 7.25042955 
1.0 6.88743615 
1.0 7.04324845 
1.0 6.64467825 
1.0 6.82629115 
1.0 6.68376345 
1.0 6.7111513 
1.0 6.61090535 
2.0 8.4138334 
2.0 10.7541504 
2.0 9.4122812 
3.0 9.65052305 
3.0 10.48024635 
3.0 9.72994995 
3.0 11.78905595 
3.0 9.5500034 
3.0 9.7855037 
3.0 9.3647729 
3.0 9.9185107 
3.0 11.8503007 
3.0 13.24964585 
3.0 14.92515675 
3.0 14.3396995 
3.0 12.78270735 
3.0 16.3262722 
3.0 13.3343826 
3.0 14.6925373 
3.0 17.5481026 
3.0 19.35022705 
3.0 17.8150077 
3.0 19.7976639 
3.0 19.89554875 
3.0 16.9788927 
4.0 8.56498895 
4.0 9.81017905 
4.0 10.3936448 
4.0 10.1545927 
4.0 9.4905937 
4.0 8.41608005 
4.0 9.9445388 
4.0 8.9745446 
4.0 12.41085755 
4.0 12.2667356 
4.0 13.36027945 
4.0 13.73895425 
4.0 15.9014919 
4.0 14.9152626 
4.0 13.75196865 
4.0 14.76296605 
4.0 12.3288277 
4.0 12.21652215 
4.0 17.16753395 
4.0 15.59522615 
4.0 13.31549695 
4.0 14.2751952 
4.0 13.85959995 
4.0 14.47826065 
4.0 18.47644645 
4.0 17.7157484 
4.0 19.65725125 
4.0 18.92976715 
4.0 17.07785415 
4.0 18.2377335 
4.0 20.5419235 
4.0 19.5948529 
4.0 20.56531645 
4.0 19.0228192 
4.0 16.8161714 
4.0 16.44126295 
