# Position.Z vs. Particle Type (97 data points):
# "Particle Type" Position.Z
1.0 0.0 
1.0 0.0 
1.0 0.0 
1.0 0.0 
1.0 0.0 
1.0 0.0 
1.0 0.0 
1.0 0.0 
1.0 0.0 
1.0 2.2741768 
1.0 2.2741768 
1.0 2.2741768 
1.0 2.2741768 
1.0 2.2741768 
1.0 2.2741768 
1.0 2.2741768 
1.0 2.2741768 
1.0 2.2741768 
1.0 4.3175146 
1.0 4.8315533 
1.0 4.96470835 
1.0 4.29350145 
1.0 4.38192755 
1.0 4.3190371 
1.0 5.0493324 
1.0 4.48329665 
1.0 4.21352995 
1.0 6.54036355 
1.0 6.91782665 
1.0 6.71104105 
1.0 6.46204265 
1.0 7.15406965 
1.0 7.04235175 
1.0 7.6074635 
1.0 6.9390867 
1.0 6.74583175 
2.0 8.1427066 
2.0 10.25729145 
2.0 8.05798245 
3.0 9.37851145 
3.0 9.2303029 
3.0 10.1590853 
3.0 10.4842556 
3.0 14.27982955 
3.0 9.92673465 
3.0 28.7474446 
3.0 28.5652913 
3.0 17.57669515 
3.0 9.8685755 
3.0 15.6875971 
3.0 13.1486026 
3.0 26.98390205 
3.0 20.50534605 
3.0 20.34674985 
3.0 30.88523305 
3.0 19.88144515 
3.0 31.8276154 
3.0 32.41732515 
3.0 30.3204853 
3.0 16.35723915 
3.0 31.5855939 
4.0 14.00927255 
4.0 14.90765745 
4.0 10.26348365 
4.0 10.06605215 
4.0 27.95793455 
4.0 28.8311016 
4.0 27.7584552 
4.0 29.29591175 
4.0 16.99537595 
4.0 16.893849 
4.0 9.42614225 
4.0 9.4131002 
4.0 15.2463486 
4.0 15.8575053 
4.0 12.24611675 
4.0 13.42556845 
4.0 26.8101085 
4.0 26.63620015 
4.0 20.24554245 
4.0 20.9296983 
4.0 20.257041 
4.0 19.7180151 
4.0 30.07839485 
4.0 31.66860865 
4.0 19.22683175 
4.0 19.34888445 
4.0 31.1575173 
4.0 31.3011363 
4.0 32.0740742 
4.0 31.82183025 
4.0 29.90783145 
4.0 29.7429006 
4.0 16.9859186 
4.0 15.5508955 
4.0 32.406647 
4.0 31.71820295 
