# Position.Z vs. Particle Type (97 data points):
# "Particle Type" Position.Z
1.0 0.0 
1.0 0.0 
1.0 0.0 
1.0 0.0 
1.0 0.0 
1.0 0.0 
1.0 0.0 
1.0 0.0 
1.0 0.0 
1.0 2.2741768 
1.0 2.2741768 
1.0 2.2741768 
1.0 2.2741768 
1.0 2.2741768 
1.0 2.2741768 
1.0 2.2741768 
1.0 2.2741768 
1.0 2.2741768 
1.0 4.40685805 
1.0 4.75388655 
1.0 5.1769102 
1.0 4.4949779 
1.0 4.2785393 
1.0 4.55126455 
1.0 4.6423762 
1.0 4.2463631 
1.0 4.40178515 
1.0 6.44726635 
1.0 6.561611 
1.0 6.9683257 
1.0 6.4986404 
1.0 7.28656215 
1.0 6.92594385 
1.0 8.03876255 
1.0 7.4941188 
1.0 6.87617 
2.0 8.3877059 
2.0 10.91939205 
2.0 8.20594705 
3.0 9.55427585 
3.0 9.27253705 
3.0 11.1679015 
3.0 10.8529617 
3.0 13.73983905 
3.0 9.7551272 
3.0 28.53542405 
3.0 28.6300245 
3.0 17.8774981 
3.0 10.42974625 
3.0 14.80625685 
3.0 12.16178705 
3.0 26.91743005 
3.0 18.0796371 
3.0 21.0020622 
3.0 31.653545 
3.0 20.18671095 
3.0 32.77543745 
3.0 32.28783915 
3.0 29.7220861 
3.0 16.05300375 
3.0 31.1412262 
4.0 13.2899886 
4.0 14.17620785 
4.0 10.13565805 
4.0 9.5090541 
4.0 27.7632159 
4.0 28.93230655 
4.0 28.1161006 
4.0 28.7867174 
4.0 17.7557996 
4.0 18.44388665 
4.0 10.70261255 
4.0 10.4304473 
4.0 15.66663455 
4.0 14.1506008 
4.0 12.9717784 
4.0 11.52950855 
4.0 26.799731 
4.0 26.5474034 
4.0 18.96600265 
4.0 17.88037545 
4.0 20.43995905 
4.0 21.8137738 
4.0 30.73136605 
4.0 31.7577085 
4.0 19.63486665 
4.0 19.8565983 
4.0 31.9293233 
4.0 32.42200885 
4.0 31.97237855 
4.0 33.06841405 
4.0 29.95519135 
4.0 30.6687962 
4.0 15.6851485 
4.0 15.562092 
4.0 31.5721518 
4.0 31.4447833 
