# Position.Z vs. Particle Type (97 data points):
# "Particle Type" Position.Z
1.0 0.0 
1.0 0.0 
1.0 0.0 
1.0 0.0 
1.0 0.0 
1.0 0.0 
1.0 0.0 
1.0 0.0 
1.0 0.0 
1.0 2.2741768 
1.0 2.2741768 
1.0 2.2741768 
1.0 2.2741768 
1.0 2.2741768 
1.0 2.2741768 
1.0 2.2741768 
1.0 2.2741768 
1.0 2.2741768 
1.0 4.3773744 
1.0 4.28162 
1.0 5.0364321 
1.0 4.42211805 
1.0 4.35571605 
1.0 4.4863056 
1.0 4.2260799 
1.0 4.8823726 
1.0 4.3426509 
1.0 6.94735685 
1.0 6.55759195 
1.0 6.155772 
1.0 6.7372046 
1.0 7.3734759 
1.0 7.44553915 
1.0 7.29737225 
1.0 7.2738295 
1.0 6.457472 
2.0 8.6743195 
2.0 12.77087385 
2.0 8.1855655 
3.0 9.83158505 
3.0 9.3746597 
3.0 12.8027102 
3.0 12.6023905 
3.0 25.27040705 
3.0 19.56662435 
3.0 26.6579642 
3.0 17.34538225 
3.0 9.1405671 
3.0 28.07478065 
3.0 12.6260022 
3.0 15.30243855 
3.0 32.70750595 
3.0 28.70944125 
3.0 26.16571405 
3.0 28.4111177 
3.0 17.000823 
3.0 29.2955341 
3.0 22.3714771 
3.0 30.96435895 
3.0 32.04515545 
3.0 29.95437445 
4.0 24.72709295 
4.0 26.2278247 
4.0 20.41263035 
4.0 18.9573286 
4.0 26.1448971 
4.0 26.1251634 
4.0 18.2166005 
4.0 16.88278025 
4.0 8.4916559 
4.0 9.8873222 
4.0 27.73977885 
4.0 28.4088763 
4.0 11.7147422 
4.0 13.0328744 
4.0 14.5832554 
4.0 14.77168805 
4.0 32.44450615 
4.0 32.46101425 
4.0 28.723261 
4.0 28.4253501 
4.0 25.6338481 
4.0 27.04837975 
4.0 28.57886605 
4.0 29.02922785 
4.0 17.28137005 
4.0 16.729328 
4.0 29.17084415 
4.0 30.2268876 
4.0 21.55801865 
4.0 22.15382925 
4.0 30.2697822 
4.0 30.81834385 
4.0 32.36168635 
4.0 32.7820381 
4.0 30.1370398 
4.0 29.038485 
