# Position.Z vs. Particle Type (97 data points):
# "Particle Type" Position.Z
1.0 0.0 
1.0 0.0 
1.0 0.0 
1.0 0.0 
1.0 0.0 
1.0 0.0 
1.0 0.0 
1.0 0.0 
1.0 0.0 
1.0 2.2741768 
1.0 2.2741768 
1.0 2.2741768 
1.0 2.2741768 
1.0 2.2741768 
1.0 2.2741768 
1.0 2.2741768 
1.0 2.2741768 
1.0 2.2741768 
1.0 4.2261464 
1.0 4.3469559 
1.0 4.76859915 
1.0 4.39148535 
1.0 4.27497665 
1.0 4.71891735 
1.0 4.83922985 
1.0 4.32716515 
1.0 4.20575015 
1.0 6.4080919 
1.0 6.67540335 
1.0 6.8315268 
1.0 6.3555142 
1.0 7.5430957 
1.0 7.0308329 
1.0 7.40797715 
1.0 6.94862595 
1.0 6.52933505 
2.0 8.52065725 
2.0 9.8460054 
2.0 7.89899005 
3.0 9.53778 
3.0 9.13069745 
3.0 9.61698745 
3.0 9.9629264 
3.0 13.9255375 
3.0 10.84972735 
3.0 28.90053005 
3.0 27.78603765 
3.0 16.64721275 
3.0 9.8180117 
3.0 17.39361085 
3.0 12.98271205 
3.0 26.94598725 
3.0 22.7694271 
3.0 20.0498228 
3.0 31.79651405 
3.0 19.3587667 
3.0 31.7322523 
3.0 32.3540196 
3.0 31.1644725 
3.0 17.23575 
3.0 32.6000864 
4.0 14.1494899 
4.0 13.0350423 
4.0 10.4815249 
4.0 10.32451315 
4.0 28.3209346 
4.0 29.0844631 
4.0 26.88159285 
4.0 27.52140125 
4.0 16.916529 
4.0 17.4530797 
4.0 10.46726065 
4.0 10.2742542 
4.0 16.7701723 
4.0 16.8412384 
4.0 12.2028984 
4.0 13.41320855 
4.0 26.29657765 
4.0 27.7573688 
4.0 22.40065555 
4.0 22.8414935 
4.0 19.6350273 
4.0 19.82969555 
4.0 32.71608865 
4.0 31.9389084 
4.0 19.6438144 
4.0 19.4264245 
4.0 32.5360091 
4.0 30.94430535 
4.0 31.93973265 
4.0 32.2113932 
4.0 30.38057925 
4.0 31.6167362 
4.0 17.97750325 
4.0 16.4562055 
4.0 31.85321405 
4.0 32.34264985 
