# Position.Z vs. Particle Type (97 data points):
# "Particle Type" Position.Z
1.0 0.0 
1.0 0.0 
1.0 0.0 
1.0 0.0 
1.0 0.0 
1.0 0.0 
1.0 0.0 
1.0 0.0 
1.0 0.0 
1.0 2.2741768 
1.0 2.2741768 
1.0 2.2741768 
1.0 2.2741768 
1.0 2.2741768 
1.0 2.2741768 
1.0 2.2741768 
1.0 2.2741768 
1.0 2.2741768 
1.0 4.44368295 
1.0 4.6406346 
1.0 4.3313431 
1.0 4.40970775 
1.0 5.12903405 
1.0 4.3447775 
1.0 4.6491536 
1.0 4.3396745 
1.0 4.29625805 
1.0 6.9924806 
1.0 6.6038525 
1.0 6.90089015 
1.0 6.62159575 
1.0 6.8371492 
1.0 7.2280096 
1.0 7.63261765 
1.0 6.4922515 
1.0 6.474538 
2.0 8.20299025 
2.0 18.5811073 
2.0 8.0865302 
3.0 9.30759165 
3.0 9.29035345 
3.0 17.9293751 
3.0 19.03161995 
3.0 21.96473615 
3.0 12.5623085 
3.0 25.3124788 
3.0 29.21149525 
3.0 9.32200745 
3.0 27.0091185 
3.0 24.75541355 
3.0 9.97989475 
3.0 32.5469697 
3.0 32.11086515 
3.0 24.99845285 
3.0 30.5397274 
3.0 15.024184 
3.0 31.80546425 
3.0 27.97271505 
3.0 31.19741835 
3.0 32.0605754 
3.0 29.0920322 
4.0 22.4996926 
4.0 22.51691715 
4.0 12.00306135 
4.0 13.2842241 
4.0 25.1548192 
4.0 24.5867629 
4.0 29.21361135 
4.0 30.0117909 
4.0 10.062297 
4.0 8.65512795 
4.0 26.7634948 
4.0 26.6605514 
4.0 23.9048376 
4.0 24.9672584 
4.0 9.9189636 
4.0 10.275209 
4.0 32.10216975 
4.0 31.9821901 
4.0 31.73448215 
4.0 32.90119875 
4.0 25.5232607 
4.0 24.39337005 
4.0 30.0886285 
4.0 29.7753043 
4.0 14.91258965 
4.0 15.7517409 
4.0 32.4654057 
4.0 32.3593109 
4.0 27.8993799 
4.0 28.92796235 
4.0 31.02246875 
4.0 32.0068532 
4.0 32.01853235 
4.0 31.17318995 
4.0 28.49593285 
4.0 29.9383735 
