# Position.Z vs. Particle Type (97 data points):
# "Particle Type" Position.Z
1.0 0.0 
1.0 0.0 
1.0 0.0 
1.0 0.0 
1.0 0.0 
1.0 0.0 
1.0 0.0 
1.0 0.0 
1.0 0.0 
1.0 2.2741768 
1.0 2.2741768 
1.0 2.2741768 
1.0 2.2741768 
1.0 2.2741768 
1.0 2.2741768 
1.0 2.2741768 
1.0 2.2741768 
1.0 2.2741768 
1.0 5.4275354 
1.0 4.32351955 
1.0 4.72531255 
1.0 4.5046848 
1.0 4.29306745 
1.0 4.33975885 
1.0 4.3428511 
1.0 5.1175299 
1.0 4.56395135 
1.0 7.3177769 
1.0 6.88150715 
1.0 6.7271862 
1.0 6.6596642 
1.0 6.58708505 
1.0 7.6699476 
1.0 6.44113085 
1.0 7.26534445 
1.0 7.7978348 
2.0 8.733641 
2.0 11.68543775 
2.0 8.3668907 
3.0 9.82345455 
3.0 9.56779845 
3.0 11.81152245 
3.0 11.4897342 
3.0 13.1245359 
3.0 26.85656925 
3.0 16.8414253 
3.0 12.1354877 
3.0 9.55106635 
3.0 29.466157 
3.0 19.1864449 
3.0 25.97817425 
3.0 21.90486865 
3.0 32.31686045 
3.0 18.406794 
3.0 27.57403915 
3.0 31.4235341 
3.0 23.5556559 
3.0 31.67132815 
3.0 29.85996895 
3.0 32.2520898 
3.0 16.02860315 
4.0 12.83023 
4.0 12.58019525 
4.0 27.00270265 
4.0 26.3299834 
4.0 16.6644331 
4.0 17.4115872 
4.0 12.800186 
4.0 12.2536008 
4.0 9.1761173 
4.0 10.5490035 
4.0 30.0980862 
4.0 28.6917029 
4.0 18.84255765 
4.0 18.68547695 
4.0 25.24918865 
4.0 25.9753984 
4.0 21.13483855 
4.0 22.64520685 
4.0 32.58207995 
4.0 32.4398585 
4.0 17.83163655 
4.0 18.0525821 
4.0 28.3064579 
4.0 27.1502427 
4.0 31.0418647 
4.0 30.6869325 
4.0 22.8726449 
4.0 23.55564435 
4.0 31.24835735 
4.0 32.091584 
4.0 28.95692135 
4.0 29.76476405 
4.0 32.7334763 
4.0 32.67230225 
4.0 15.89463855 
4.0 15.2357597 
