# Position.Z vs. Particle Type (97 data points):
# "Particle Type" Position.Z
1.0 0.0 
1.0 0.0 
1.0 0.0 
1.0 0.0 
1.0 0.0 
1.0 0.0 
1.0 0.0 
1.0 0.0 
1.0 0.0 
1.0 2.2741768 
1.0 2.2741768 
1.0 2.2741768 
1.0 2.2741768 
1.0 2.2741768 
1.0 2.2741768 
1.0 2.2741768 
1.0 2.2741768 
1.0 2.2741768 
1.0 5.2090003 
1.0 4.2918715 
1.0 4.19839035 
1.0 4.37885875 
1.0 4.2704718 
1.0 4.25514285 
1.0 4.19813135 
1.0 4.6613595 
1.0 4.6194232 
1.0 6.64427505 
1.0 6.617912 
1.0 6.8128207 
1.0 6.6693214 
1.0 6.59263255 
1.0 7.10833865 
1.0 6.21298825 
1.0 7.62887545 
1.0 7.2537528 
2.0 8.49556155 
2.0 12.49706955 
2.0 7.8375626 
3.0 9.5936316 
3.0 9.00475975 
3.0 13.36783525 
3.0 11.7396034 
3.0 10.08363405 
3.0 25.2597555 
3.0 16.4210606 
3.0 10.11150245 
3.0 9.1291718 
3.0 30.15188155 
3.0 19.3033722 
3.0 27.26732015 
3.0 18.56923005 
3.0 31.74511865 
3.0 18.18902995 
3.0 28.8686237 
3.0 32.4093623 
3.0 20.49148325 
3.0 31.242057 
3.0 29.19398545 
3.0 32.1972042 
3.0 16.89637985 
4.0 9.5309298 
4.0 9.7853525 
4.0 25.7056765 
4.0 25.27447545 
4.0 17.1266627 
4.0 15.66870725 
4.0 9.97179365 
4.0 10.56470835 
4.0 9.22110525 
4.0 9.88371405 
4.0 29.76869455 
4.0 30.98810015 
4.0 19.6007812 
4.0 18.71259145 
4.0 26.49254475 
4.0 28.00562835 
4.0 17.9791283 
4.0 18.66406745 
4.0 31.57405545 
4.0 32.07514275 
4.0 18.002341 
4.0 18.2482545 
4.0 29.74635335 
4.0 28.2398788 
4.0 32.10246725 
4.0 31.57005215 
4.0 19.9108329 
4.0 20.65174825 
4.0 32.18810455 
4.0 30.93320895 
4.0 28.87888115 
4.0 29.16922645 
4.0 32.4082913 
4.0 31.604916 
4.0 17.33492005 
4.0 16.0337849 
