# Position.Z vs. Particle Type (97 data points):
# "Particle Type" Position.Z
1.0 0.0 
1.0 0.0 
1.0 0.0 
1.0 0.0 
1.0 0.0 
1.0 0.0 
1.0 0.0 
1.0 0.0 
1.0 0.0 
1.0 2.2741768 
1.0 2.2741768 
1.0 2.2741768 
1.0 2.2741768 
1.0 2.2741768 
1.0 2.2741768 
1.0 2.2741768 
1.0 2.2741768 
1.0 2.2741768 
1.0 4.2822745 
1.0 4.86004715 
1.0 4.8356518 
1.0 4.57508905 
1.0 4.3601194 
1.0 4.6372193 
1.0 4.7617752 
1.0 4.40128605 
1.0 4.3573299 
1.0 6.90324845 
1.0 7.18851595 
1.0 7.28763315 
1.0 6.9595204 
1.0 6.59534645 
1.0 7.06695325 
1.0 7.4296922 
1.0 7.3119375 
1.0 6.4844444 
2.0 8.2994604 
2.0 14.45277365 
2.0 8.34030155 
3.0 9.46241345 
3.0 9.4928806 
3.0 15.42250745 
3.0 13.5172233 
3.0 18.21887445 
3.0 12.25887985 
3.0 26.84734255 
3.0 27.44450765 
3.0 15.7993472 
3.0 25.51683785 
3.0 26.0975274 
3.0 9.9370299 
3.0 32.53895505 
3.0 31.3839141 
3.0 23.74012585 
3.0 30.8987994 
3.0 19.15637815 
3.0 32.02064425 
3.0 27.321273 
3.0 32.60266415 
3.0 31.89465405 
3.0 28.2079826 
4.0 19.01320575 
4.0 17.57926695 
4.0 12.20862475 
4.0 11.6950729 
4.0 27.4282211 
4.0 27.15781845 
4.0 28.3585036 
4.0 27.38305395 
4.0 16.7399253 
4.0 15.162413 
4.0 25.67639445 
4.0 24.6795829 
4.0 25.1296213 
4.0 26.0992438 
4.0 10.5916762 
4.0 10.02554875 
4.0 31.9659718 
4.0 32.72459785 
4.0 30.72299265 
4.0 31.81746785 
4.0 23.0705223 
4.0 24.4562311 
4.0 31.2421284 
4.0 31.27831805 
4.0 18.453099 
4.0 19.74998165 
4.0 32.8692378 
4.0 31.9822013 
4.0 27.49934005 
4.0 26.97546915 
4.0 32.0305237 
4.0 32.6117974 
4.0 32.405625 
4.0 32.2598612 
4.0 27.6310741 
4.0 28.11013415 
