# Position.Z vs. Particle Type (97 data points):
# "Particle Type" Position.Z
1.0 0.0 
1.0 0.0 
1.0 0.0 
1.0 0.0 
1.0 0.0 
1.0 0.0 
1.0 0.0 
1.0 0.0 
1.0 0.0 
1.0 2.2741768 
1.0 2.2741768 
1.0 2.2741768 
1.0 2.2741768 
1.0 2.2741768 
1.0 2.2741768 
1.0 2.2741768 
1.0 2.2741768 
1.0 2.2741768 
1.0 4.206139 
1.0 4.908435 
1.0 4.16620155 
1.0 4.2458514 
1.0 5.181197 
1.0 5.26804495 
1.0 4.726295 
1.0 4.263945 
1.0 4.3408407 
1.0 7.51935905 
1.0 7.8896839 
1.0 7.12536475 
1.0 6.71770855 
1.0 6.79868945 
1.0 6.97998525 
1.0 7.6549837 
1.0 6.4461124 
1.0 6.3975233 
2.0 7.99578745 
2.0 20.02004025 
2.0 8.52294765 
3.0 9.1874503 
3.0 9.66199885 
3.0 20.8751452 
3.0 19.0592017 
3.0 23.72909945 
3.0 15.62191995 
3.0 23.9293383 
3.0 26.030711 
3.0 9.95745065 
3.0 25.5581207 
3.0 20.28934075 
3.0 9.91264575 
3.0 32.3362739 
3.0 31.39472945 
3.0 24.5387142 
3.0 30.77806795 
3.0 12.12045485 
3.0 30.21359565 
3.0 22.95700925 
3.0 32.2681191 
3.0 32.73687795 
3.0 26.00225145 
4.0 24.5102424 
4.0 23.1545902 
4.0 15.2967808 
4.0 15.8129741 
4.0 23.38516775 
4.0 24.5860748 
4.0 26.42923955 
4.0 25.39272785 
4.0 10.46538535 
4.0 10.48409705 
4.0 26.1303154 
4.0 25.7985035 
4.0 19.87423515 
4.0 19.3923023 
4.0 10.5461132 
4.0 10.0728054 
4.0 31.4272616 
4.0 32.86026905 
4.0 31.6645308 
4.0 32.2514829 
4.0 24.4572076 
4.0 23.88515185 
4.0 31.69095825 
4.0 30.8666141 
4.0 11.6085641 
4.0 11.6867695 
4.0 29.92014935 
4.0 29.97122135 
4.0 23.39173025 
4.0 23.61320325 
4.0 33.0487248 
4.0 31.77948795 
4.0 32.3474249 
4.0 32.6767833 
4.0 25.8592131 
4.0 25.58241665 
