# Position.Z vs. Particle Type (97 data points):
# "Particle Type" Position.Z
1.0 0.0 
1.0 0.0 
1.0 0.0 
1.0 0.0 
1.0 0.0 
1.0 0.0 
1.0 0.0 
1.0 0.0 
1.0 0.0 
1.0 2.2741768 
1.0 2.2741768 
1.0 2.2741768 
1.0 2.2741768 
1.0 2.2741768 
1.0 2.2741768 
1.0 2.2741768 
1.0 2.2741768 
1.0 2.2741768 
1.0 4.4488465 
1.0 4.4234666 
1.0 5.4247228 
1.0 4.43442055 
1.0 4.1937098 
1.0 4.4197006 
1.0 4.56485925 
1.0 4.65316145 
1.0 4.49552565 
1.0 6.50879775 
1.0 7.05954725 
1.0 6.3325549 
1.0 6.7422061 
1.0 7.61601995 
1.0 7.5943133 
1.0 7.49006755 
1.0 7.25280115 
1.0 6.3761936 
2.0 8.71385795 
2.0 12.06554825 
2.0 7.98017815 
3.0 9.8611541 
3.0 9.14013415 
3.0 12.39037205 
3.0 11.82956145 
3.0 24.0451988 
3.0 19.0224566 
3.0 26.6367584 
3.0 17.5575967 
3.0 9.40693215 
3.0 27.10515605 
3.0 16.7434687 
3.0 11.259871 
3.0 32.80967445 
3.0 28.64580495 
3.0 26.71743095 
3.0 29.19732515 
3.0 14.77420385 
3.0 30.2527547 
3.0 22.04541255 
3.0 32.0799367 
3.0 32.2402402 
3.0 29.450568 
4.0 23.0632318 
4.0 24.0636655 
4.0 18.23164175 
4.0 19.38040825 
4.0 27.46257115 
4.0 26.6144396 
4.0 16.7298453 
4.0 18.1655201 
4.0 9.671844 
4.0 9.93318095 
4.0 27.3170079 
4.0 26.90480555 
4.0 16.2319087 
4.0 17.5868644 
4.0 11.10247845 
4.0 11.77476475 
4.0 32.4041725 
4.0 32.1009185 
4.0 28.96308135 
4.0 28.21187495 
4.0 26.70380335 
4.0 26.2813012 
4.0 30.1032893 
4.0 28.90819435 
4.0 15.7378375 
4.0 14.5087614 
4.0 29.29072125 
4.0 30.33880605 
4.0 22.8468023 
4.0 21.2761696 
4.0 32.62043435 
4.0 31.5860713 
4.0 32.44382225 
4.0 33.03888665 
4.0 29.31845245 
4.0 30.23671105 
