# Position.Z vs. Particle Type (97 data points):
# "Particle Type" Position.Z
1.0 0.0 
1.0 0.0 
1.0 0.0 
1.0 0.0 
1.0 0.0 
1.0 0.0 
1.0 0.0 
1.0 0.0 
1.0 0.0 
1.0 2.2741768 
1.0 2.2741768 
1.0 2.2741768 
1.0 2.2741768 
1.0 2.2741768 
1.0 2.2741768 
1.0 2.2741768 
1.0 2.2741768 
1.0 2.2741768 
1.0 4.36428335 
1.0 4.55691145 
1.0 4.33084295 
1.0 4.5495331 
1.0 4.84476265 
1.0 4.1588883 
1.0 4.2733719 
1.0 4.74972855 
1.0 5.22769065 
1.0 6.936454 
1.0 7.55367445 
1.0 6.6956967 
1.0 7.14353885 
1.0 7.7961625 
1.0 6.549977 
1.0 6.53524095 
1.0 6.36672155 
1.0 6.7886637 
2.0 7.72008755 
2.0 18.27973665 
2.0 8.3861911 
3.0 8.94893685 
3.0 9.57160715 
3.0 19.31568905 
3.0 17.2332377 
3.0 9.6334224 
3.0 17.0856903 
3.0 10.1754975 
3.0 14.4503114 
3.0 17.0866192 
3.0 32.7388355 
3.0 23.29928545 
3.0 26.29118555 
3.0 13.4014195 
3.0 29.0061499 
3.0 26.7111516 
3.0 32.11793305 
3.0 28.7726096 
3.0 27.5132844 
3.0 30.6994121 
3.0 31.6995343 
3.0 32.0572434 
3.0 26.5280008 
4.0 9.4158645 
4.0 9.3643746 
4.0 17.70690775 
4.0 16.3325092 
4.0 10.37557675 
4.0 10.84836235 
4.0 13.65201775 
4.0 14.5240998 
4.0 17.16155805 
4.0 16.8972454 
4.0 32.21910755 
4.0 32.79208975 
4.0 22.6432577 
4.0 23.1438991 
4.0 27.1485165 
4.0 25.82318865 
4.0 12.7543164 
4.0 13.91956405 
4.0 28.0767452 
4.0 28.95110295 
4.0 26.63326855 
4.0 27.1106696 
4.0 32.00713355 
4.0 31.5631687 
4.0 29.65630185 
4.0 29.0315865 
4.0 26.95815605 
4.0 28.28108325 
4.0 30.0996248 
4.0 30.5251422 
4.0 31.7243822 
4.0 32.48480445 
4.0 32.74020365 
4.0 32.6962615 
4.0 26.7672811 
4.0 26.1645524 
