# Position.Z vs. Particle Type (97 data points):
# "Particle Type" Position.Z
1.0 0.0 
1.0 0.0 
1.0 0.0 
1.0 0.0 
1.0 0.0 
1.0 0.0 
1.0 0.0 
1.0 0.0 
1.0 0.0 
1.0 2.2741768 
1.0 2.2741768 
1.0 2.2741768 
1.0 2.2741768 
1.0 2.2741768 
1.0 2.2741768 
1.0 2.2741768 
1.0 2.2741768 
1.0 2.2741768 
1.0 5.3031111 
1.0 4.3095234 
1.0 4.49997835 
1.0 4.5533453 
1.0 4.42123885 
1.0 4.40685735 
1.0 4.3951873 
1.0 4.8889498 
1.0 4.40335595 
1.0 7.18890305 
1.0 6.9624961 
1.0 6.2414961 
1.0 6.825161 
1.0 7.1220891 
1.0 7.5631304 
1.0 6.2904163 
1.0 6.84392835 
1.0 7.81109385 
2.0 8.28497425 
2.0 15.8350017 
2.0 8.6425206 
3.0 9.5015655 
3.0 9.67001245 
3.0 16.4859905 
3.0 15.11608665 
3.0 28.9147789 
3.0 31.283392 
3.0 23.13614415 
3.0 17.49504855 
3.0 9.19105075 
3.0 27.88920365 
3.0 12.75885905 
3.0 20.1079312 
3.0 31.8583293 
3.0 31.48585965 
3.0 20.30305585 
3.0 32.544995 
3.0 23.7595372 
3.0 26.0210517 
3.0 25.5008824 
3.0 32.4007838 
3.0 31.73703645 
3.0 28.9973194 
4.0 29.5133909 
4.0 28.41827135 
4.0 31.24272655 
4.0 31.61426905 
4.0 24.0790669 
4.0 23.11123815 
4.0 17.1906189 
4.0 16.7139602 
4.0 8.70067695 
4.0 9.49558995 
4.0 28.0406483 
4.0 27.25732765 
4.0 12.8019934 
4.0 11.8396523 
4.0 21.05816405 
4.0 20.0481939 
4.0 31.4608609 
4.0 32.7417587 
4.0 30.74145655 
4.0 32.3007328 
4.0 19.70687565 
4.0 19.953864 
4.0 32.43794645 
4.0 32.6715445 
4.0 24.3847163 
4.0 22.87226585 
4.0 26.9048668 
4.0 25.67096525 
4.0 25.9231686 
4.0 25.2569114 
4.0 32.8509524 
4.0 32.5147774 
4.0 31.1402987 
4.0 32.42660085 
4.0 29.18164515 
4.0 29.73597165 
