# Position.Z vs. Particle Type (97 data points):
# "Particle Type" Position.Z
1.0 0.0 
1.0 0.0 
1.0 0.0 
1.0 0.0 
1.0 0.0 
1.0 0.0 
1.0 0.0 
1.0 0.0 
1.0 0.0 
1.0 2.2741768 
1.0 2.2741768 
1.0 2.2741768 
1.0 2.2741768 
1.0 2.2741768 
1.0 2.2741768 
1.0 2.2741768 
1.0 2.2741768 
1.0 2.2741768 
1.0 4.32193895 
1.0 4.4935583 
1.0 4.56679335 
1.0 4.5208401 
1.0 4.4107504 
1.0 4.7028212 
1.0 4.44977225 
1.0 4.25531085 
1.0 5.04848645 
1.0 6.6918593 
1.0 7.2147012 
1.0 6.44299775 
1.0 7.04498305 
1.0 7.7779205 
1.0 6.78416375 
1.0 6.63529545 
1.0 6.73259265 
1.0 7.2457357 
2.0 8.47349965 
2.0 15.98542575 
2.0 8.10839365 
3.0 9.5372725 
3.0 9.2994692 
3.0 15.4890015 
3.0 16.42724755 
3.0 9.46118845 
3.0 16.2554343 
3.0 9.51224295 
3.0 12.117224 
3.0 28.1690731 
3.0 25.67813885 
3.0 20.6296566 
3.0 23.49738335 
3.0 15.74033335 
3.0 23.1287707 
3.0 18.48337575 
3.0 32.7613111 
3.0 28.05137685 
3.0 28.6004824 
3.0 31.7397451 
3.0 31.9310775 
3.0 29.43126025 
3.0 31.33569285 
4.0 8.8677715 
4.0 10.39311875 
4.0 16.95682065 
4.0 15.4432551 
4.0 9.23991215 
4.0 10.0433851 
4.0 12.8808771 
4.0 11.9313236 
4.0 27.9482861 
4.0 28.18439505 
4.0 24.7966915 
4.0 26.2299856 
4.0 21.41811385 
4.0 20.46949975 
4.0 23.92860295 
4.0 24.0329887 
4.0 16.37304025 
4.0 15.29843245 
4.0 22.23981305 
4.0 23.52108115 
4.0 17.9995613 
4.0 18.16729075 
4.0 32.3233141 
4.0 32.13983395 
4.0 28.58547335 
4.0 27.1668866 
4.0 29.4766353 
4.0 28.42533785 
4.0 32.59593645 
4.0 31.399893 
4.0 32.59173925 
4.0 32.25430425 
4.0 30.14893105 
4.0 28.72797165 
4.0 31.7636893 
4.0 30.4544345 
