# Position.Z vs. Particle Type (97 data points):
# "Particle Type" Position.Z
1.0 0.0 
1.0 0.0 
1.0 0.0 
1.0 0.0 
1.0 0.0 
1.0 0.0 
1.0 0.0 
1.0 0.0 
1.0 0.0 
1.0 2.2741768 
1.0 2.2741768 
1.0 2.2741768 
1.0 2.2741768 
1.0 2.2741768 
1.0 2.2741768 
1.0 2.2741768 
1.0 2.2741768 
1.0 2.2741768 
1.0 4.4905581 
1.0 4.41228445 
1.0 6.10506505 
1.0 4.4493876 
1.0 4.3888964 
1.0 4.6163327 
1.0 4.9177758 
1.0 4.71567705 
1.0 4.39606125 
1.0 6.7628064 
1.0 7.2009665 
1.0 6.22183065 
1.0 7.2142399 
1.0 7.84043995 
1.0 7.30747325 
1.0 8.11521585 
1.0 7.098567 
1.0 6.5228905 
2.0 8.581076 
2.0 11.6830462 
2.0 8.39627145 
3.0 9.72691895 
3.0 9.54161985 
3.0 12.2570273 
3.0 11.14410605 
3.0 13.289682 
3.0 9.76611965 
3.0 31.01106575 
3.0 27.6274761 
3.0 20.4202558 
3.0 17.7377837 
3.0 22.298584 
3.0 9.8026355 
3.0 32.2983941 
3.0 26.78284875 
3.0 19.96375675 
3.0 32.0808544 
3.0 22.45328575 
3.0 32.04181575 
3.0 25.65606855 
3.0 31.5399686 
3.0 24.01116375 
3.0 26.47195145 
4.0 13.60195375 
4.0 14.03420305 
4.0 10.71014315 
4.0 9.66858095 
4.0 30.8918554 
4.0 31.23830745 
4.0 27.81635885 
4.0 27.2008611 
4.0 20.99066655 
4.0 21.02573025 
4.0 18.58174325 
4.0 17.53047415 
4.0 21.93853655 
4.0 21.52794525 
4.0 9.4676939 
4.0 9.2992886 
4.0 31.4452915 
4.0 32.24012085 
4.0 27.26599365 
4.0 26.5678714 
4.0 20.3063742 
4.0 19.3413136 
4.0 32.84697045 
4.0 31.61427885 
4.0 23.0903337 
4.0 23.05496305 
4.0 32.48585095 
4.0 32.06649285 
4.0 26.3653488 
4.0 25.53554745 
4.0 32.49452115 
4.0 31.21192305 
4.0 24.55173245 
4.0 23.2709197 
4.0 26.3521804 
4.0 26.9067435 
