# Position.Z vs. Particle Type (97 data points):
# "Particle Type" Position.Z
1.0 0.0 
1.0 0.0 
1.0 0.0 
1.0 0.0 
1.0 0.0 
1.0 0.0 
1.0 0.0 
1.0 0.0 
1.0 0.0 
1.0 2.2741768 
1.0 2.2741768 
1.0 2.2741768 
1.0 2.2741768 
1.0 2.2741768 
1.0 2.2741768 
1.0 2.2741768 
1.0 2.2741768 
1.0 2.2741768 
1.0 4.4277478 
1.0 4.2823074 
1.0 5.22386235 
1.0 4.48471905 
1.0 4.45195205 
1.0 4.6349744 
1.0 4.48086905 
1.0 4.61882225 
1.0 4.251016 
1.0 6.7108132 
1.0 6.7567612 
1.0 6.33169775 
1.0 6.27155865 
1.0 8.26242865 
1.0 7.24327555 
1.0 6.59010905 
1.0 7.10833865 
1.0 7.4430153 
2.0 8.50658235 
2.0 14.16446325 
2.0 7.9580144 
3.0 9.72046425 
3.0 9.1401044 
3.0 13.9348482 
3.0 14.46865175 
3.0 13.07362735 
3.0 13.07291265 
3.0 9.766841 
3.0 10.93632645 
3.0 24.3460896 
3.0 27.4189048 
3.0 23.4241728 
3.0 27.12409175 
3.0 26.08296145 
3.0 28.5841577 
3.0 14.9281027 
3.0 30.3611322 
3.0 28.7259462 
3.0 31.1652348 
3.0 32.7699694 
3.0 30.77205565 
3.0 31.9745132 
3.0 32.32919375 
4.0 13.790392 
4.0 13.47065335 
4.0 13.02626745 
4.0 12.5496287 
4.0 10.48157005 
4.0 9.2038695 
4.0 10.463943 
4.0 11.81851195 
4.0 24.07789965 
4.0 23.944165 
4.0 26.7394197 
4.0 27.9068426 
4.0 24.35199795 
4.0 23.15956685 
4.0 27.3794374 
4.0 26.7617329 
4.0 26.2660041 
4.0 25.2999866 
4.0 28.4844483 
4.0 28.0121233 
4.0 14.7010899 
4.0 14.25769135 
4.0 30.40684395 
4.0 31.166128 
4.0 27.90080265 
4.0 29.06472835 
4.0 30.4457671 
4.0 30.996196 
4.0 32.5042634 
4.0 32.1755434 
4.0 31.24695945 
4.0 30.0459999 
4.0 32.73174765 
4.0 32.32423705 
4.0 33.1211678 
4.0 32.15312765 
