# Position.Z vs. Particle Type (97 data points):
# "Particle Type" Position.Z
1.0 0.0 
1.0 0.0 
1.0 0.0 
1.0 0.0 
1.0 0.0 
1.0 0.0 
1.0 0.0 
1.0 0.0 
1.0 0.0 
1.0 2.2741768 
1.0 2.2741768 
1.0 2.2741768 
1.0 2.2741768 
1.0 2.2741768 
1.0 2.2741768 
1.0 2.2741768 
1.0 2.2741768 
1.0 2.2741768 
1.0 4.4588761 
1.0 4.48243845 
1.0 4.2277431 
1.0 4.3350321 
1.0 4.6829881 
1.0 5.114627 
1.0 4.34502425 
1.0 4.13419685 
1.0 4.8414478 
1.0 7.2316545 
1.0 7.31796765 
1.0 6.9953681 
1.0 6.6606134 
1.0 7.70822605 
1.0 6.4915858 
1.0 6.65479185 
1.0 7.2749537 
1.0 6.8182933 
2.0 8.2391365 
2.0 17.24436455 
2.0 8.21400055 
3.0 9.39122555 
3.0 9.45287175 
3.0 16.6933494 
3.0 17.81583475 
3.0 10.4290081 
3.0 18.28635655 
3.0 9.47193275 
3.0 13.01172145 
3.0 25.9054908 
3.0 27.53555175 
3.0 19.35403505 
3.0 21.54844265 
3.0 14.4432113 
3.0 21.97728085 
3.0 19.9846598 
3.0 31.96223415 
3.0 27.60204335 
3.0 29.8150405 
3.0 32.19732845 
3.0 32.085718 
3.0 30.57428745 
3.0 29.10583375 
4.0 10.06201175 
4.0 11.24649645 
4.0 18.7111043 
4.0 17.4508656 
4.0 9.71912375 
4.0 10.11478055 
4.0 12.3842817 
4.0 13.49189345 
4.0 25.06662165 
4.0 26.06409225 
4.0 27.7566373 
4.0 27.8843838 
4.0 18.682566 
4.0 19.10069245 
4.0 20.8848017 
4.0 22.31327595 
4.0 15.4131383 
4.0 14.4566695 
4.0 21.8742048 
4.0 22.12764785 
4.0 20.4201998 
4.0 19.963426 
4.0 31.82718175 
4.0 32.44844855 
4.0 26.88712845 
4.0 27.3702471 
4.0 29.55164835 
4.0 30.7494327 
4.0 32.15292325 
4.0 32.0330332 
4.0 32.84462965 
4.0 31.24905595 
4.0 29.636516 
4.0 30.8251062 
4.0 29.4020468 
4.0 28.80918915 
