# Position.Z vs. Particle Type (97 data points):
# "Particle Type" Position.Z
1.0 0.0 
1.0 0.0 
1.0 0.0 
1.0 0.0 
1.0 0.0 
1.0 0.0 
1.0 0.0 
1.0 0.0 
1.0 0.0 
1.0 2.2741768 
1.0 2.2741768 
1.0 2.2741768 
1.0 2.2741768 
1.0 2.2741768 
1.0 2.2741768 
1.0 2.2741768 
1.0 2.2741768 
1.0 2.2741768 
1.0 4.2588616 
1.0 4.3402989 
1.0 4.2907116 
1.0 4.60335155 
1.0 4.25900615 
1.0 4.4600591 
1.0 4.69626045 
1.0 4.87931745 
1.0 5.27103535 
1.0 7.05045005 
1.0 7.52067645 
1.0 7.70735315 
1.0 6.9012097 
1.0 6.4031555 
1.0 6.5591358 
1.0 6.6208429 
1.0 7.01298465 
1.0 6.90345285 
2.0 8.1810995 
2.0 13.6755549 
2.0 8.7409763 
3.0 9.35705295 
3.0 9.9291486 
3.0 13.18135525 
3.0 14.3581018 
3.0 13.0692317 
3.0 12.47245195 
3.0 10.91819365 
3.0 9.8801409 
3.0 20.02212905 
3.0 20.61403855 
3.0 20.9214509 
3.0 18.3639344 
3.0 17.6078959 
3.0 22.4708715 
3.0 14.56007805 
3.0 24.66443875 
3.0 22.7595585 
3.0 24.94489305 
3.0 24.68375175 
3.0 26.73273365 
3.0 27.4947141 
3.0 25.33360795 
4.0 13.49009235 
4.0 12.1547846 
4.0 12.47217335 
4.0 13.29725215 
4.0 10.4654263 
4.0 11.8284187 
4.0 10.03446535 
4.0 10.51163645 
4.0 20.0008438 
4.0 19.73186705 
4.0 21.41522635 
4.0 20.1873539 
4.0 21.2093763 
4.0 21.3512432 
4.0 18.94994115 
4.0 17.9629996 
4.0 18.1601049 
4.0 17.31347975 
4.0 22.68432355 
4.0 23.1285509 
4.0 14.16174865 
4.0 14.9203943 
4.0 25.30631845 
4.0 24.9646257 
4.0 21.77722505 
4.0 22.73399625 
4.0 24.2505501 
4.0 25.7558679 
4.0 24.5076972 
4.0 24.91957825 
4.0 26.7120469 
4.0 27.64786745 
4.0 27.28341245 
4.0 27.4594915 
4.0 24.52791005 
4.0 25.4859794 
