# Position.Z vs. Particle Type (97 data points):
# "Particle Type" Position.Z
1.0 0.0 
1.0 0.0 
1.0 0.0 
1.0 0.0 
1.0 0.0 
1.0 0.0 
1.0 0.0 
1.0 0.0 
1.0 0.0 
1.0 2.2741768 
1.0 2.2741768 
1.0 2.2741768 
1.0 2.2741768 
1.0 2.2741768 
1.0 2.2741768 
1.0 2.2741768 
1.0 2.2741768 
1.0 2.2741768 
1.0 4.50185575 
1.0 4.36813335 
1.0 5.332803 
1.0 4.35291185 
1.0 4.40348545 
1.0 4.27605535 
1.0 4.3496222 
1.0 4.6410343 
1.0 4.72842615 
1.0 7.09796115 
1.0 6.66061865 
1.0 6.41239305 
1.0 6.70158405 
1.0 7.31677905 
1.0 6.90870355 
1.0 7.78471785 
1.0 7.28612745 
1.0 6.40717525 
2.0 8.414196 
2.0 14.0934514 
2.0 7.911162 
3.0 9.56473 
3.0 9.016714 
3.0 13.3983682 
3.0 14.79241855 
3.0 10.20218535 
3.0 11.6250078 
3.0 32.25594925 
3.0 26.53624365 
3.0 16.17244405 
3.0 13.52091055 
3.0 25.12116355 
3.0 10.65514695 
3.0 27.55886945 
3.0 29.19944755 
3.0 18.0677028 
3.0 31.8629311 
3.0 16.16014645 
3.0 32.1564159 
3.0 29.7926657 
3.0 32.2792267 
3.0 18.5513307 
3.0 31.54787265 
4.0 10.024378 
4.0 10.8769549 
4.0 10.78549395 
4.0 12.37484185 
4.0 32.36676625 
4.0 32.65003175 
4.0 27.19886505 
4.0 26.25813295 
4.0 16.07359215 
4.0 15.73631185 
4.0 14.0834869 
4.0 12.91680005 
4.0 25.3952118 
4.0 25.4211958 
4.0 10.19730355 
4.0 10.0748326 
4.0 28.28265755 
4.0 26.7825859 
4.0 29.95254745 
4.0 29.5688134 
4.0 18.01609915 
4.0 17.90045075 
4.0 32.01410415 
4.0 32.40493795 
4.0 16.53307915 
4.0 16.88684655 
4.0 32.1210281 
4.0 32.4231299 
4.0 28.8662024 
4.0 30.35081455 
4.0 32.0574716 
4.0 32.95817 
4.0 17.71790195 
4.0 19.1232139 
4.0 30.93548255 
4.0 32.01597525 
