# Position.Z vs. Particle Type (97 data points):
# "Particle Type" Position.Z
1.0 0.0 
1.0 0.0 
1.0 0.0 
1.0 0.0 
1.0 0.0 
1.0 0.0 
1.0 0.0 
1.0 0.0 
1.0 0.0 
1.0 2.2741768 
1.0 2.2741768 
1.0 2.2741768 
1.0 2.2741768 
1.0 2.2741768 
1.0 2.2741768 
1.0 2.2741768 
1.0 2.2741768 
1.0 2.2741768 
1.0 4.421704 
1.0 4.6400487 
1.0 4.4789451 
1.0 4.48682115 
1.0 5.0943137 
1.0 5.04697585 
1.0 4.51534265 
1.0 4.18747035 
1.0 4.5547439 
1.0 7.9082024 
1.0 7.66175585 
1.0 7.3654441 
1.0 6.40208065 
1.0 6.8626838 
1.0 6.9094893 
1.0 6.76995305 
1.0 6.727105 
1.0 6.5682491 
2.0 8.2759019 
2.0 17.9701529 
2.0 8.9344857 
3.0 9.51212885 
3.0 10.00132525 
3.0 18.16206 
3.0 17.9650072 
3.0 22.3253394 
3.0 16.0652429 
3.0 23.0065367 
3.0 25.16339245 
3.0 9.8745619 
3.0 27.3571151 
3.0 18.1363504 
3.0 9.29484395 
3.0 31.917284 
3.0 31.0751469 
3.0 25.5900526 
3.0 31.5490308 
3.0 11.8158705 
3.0 29.05225225 
3.0 22.86852715 
3.0 31.648638 
3.0 32.6032203 
3.0 26.02005105 
4.0 22.28289525 
4.0 22.4712663 
4.0 16.67337595 
4.0 15.1467281 
4.0 22.4954485 
4.0 23.76359405 
4.0 25.8905227 
4.0 25.4950514 
4.0 9.764293 
4.0 9.59530355 
4.0 28.072527 
4.0 26.5076245 
4.0 17.89499145 
4.0 18.1238988 
4.0 9.44664035 
4.0 9.81437835 
4.0 31.4819211 
4.0 32.8601812 
4.0 31.8808693 
4.0 31.12399465 
4.0 25.6950869 
4.0 24.7333226 
4.0 31.10461655 
4.0 32.1212584 
4.0 11.84386945 
4.0 11.48158375 
4.0 28.74550875 
4.0 29.31851195 
4.0 22.07085265 
4.0 23.5746154 
4.0 31.20843705 
4.0 32.48552195 
4.0 32.2748937 
4.0 32.222246 
4.0 25.4957885 
4.0 25.7883836 
