# Position.Z vs. Particle Type (97 data points):
# "Particle Type" Position.Z
1.0 0.0 
1.0 0.0 
1.0 0.0 
1.0 0.0 
1.0 0.0 
1.0 0.0 
1.0 0.0 
1.0 0.0 
1.0 0.0 
1.0 2.2741768 
1.0 2.2741768 
1.0 2.2741768 
1.0 2.2741768 
1.0 2.2741768 
1.0 2.2741768 
1.0 2.2741768 
1.0 2.2741768 
1.0 2.2741768 
1.0 4.42203545 
1.0 4.20833525 
1.0 4.97361165 
1.0 4.2819714 
1.0 4.389693 
1.0 4.485201 
1.0 4.70887165 
1.0 4.31426135 
1.0 4.3228059 
1.0 6.6425212 
1.0 6.86614705 
1.0 6.38832495 
1.0 6.3493899 
1.0 7.6143431 
1.0 7.40807515 
1.0 7.30853865 
1.0 6.6229877 
1.0 6.5888039 
2.0 8.6452541 
2.0 13.1997663 
2.0 8.0863762 
3.0 9.80529095 
3.0 9.2696156 
3.0 12.48398025 
3.0 13.9836389 
3.0 12.58341525 
3.0 9.5012582 
3.0 28.4263602 
3.0 26.29346965 
3.0 21.3379838 
3.0 17.591084 
3.0 24.8683281 
3.0 9.07832905 
3.0 32.03053315 
3.0 28.31760505 
3.0 22.25636945 
3.0 31.33028325 
3.0 21.53744215 
3.0 32.1805778 
3.0 25.20230615 
3.0 32.2402409 
3.0 26.64342625 
3.0 30.01295185 
4.0 12.65727505 
4.0 13.33957625 
4.0 10.30338295 
4.0 8.7817156 
4.0 28.19638885 
4.0 28.2593437 
4.0 26.875681 
4.0 26.36667985 
4.0 20.9070687 
4.0 21.67825345 
4.0 18.06758975 
4.0 17.19648665 
4.0 25.1851978 
4.0 24.1404303 
4.0 9.51391035 
4.0 9.6926795 
4.0 32.43381435 
4.0 31.4382544 
4.0 29.26670705 
4.0 28.18482835 
4.0 22.15742375 
4.0 21.84511665 
4.0 31.8715425 
4.0 30.4602305 
4.0 21.0937839 
4.0 22.4462455 
4.0 32.8680604 
4.0 31.2475772 
4.0 24.65486345 
4.0 25.3694553 
4.0 32.60449465 
4.0 32.3092469 
4.0 26.8399341 
4.0 26.2416161 
4.0 30.7251175 
4.0 29.20891015 
