# Position.Z vs. Particle Type (97 data points):
# "Particle Type" Position.Z
1.0 0.0 
1.0 0.0 
1.0 0.0 
1.0 0.0 
1.0 0.0 
1.0 0.0 
1.0 0.0 
1.0 0.0 
1.0 0.0 
1.0 2.2741768 
1.0 2.2741768 
1.0 2.2741768 
1.0 2.2741768 
1.0 2.2741768 
1.0 2.2741768 
1.0 2.2741768 
1.0 2.2741768 
1.0 2.2741768 
1.0 4.9716107 
1.0 4.29650165 
1.0 4.35279775 
1.0 4.3439935 
1.0 5.11082215 
1.0 4.25608225 
1.0 4.1546323 
1.0 4.73536595 
1.0 5.09197395 
1.0 7.5286876 
1.0 6.5295902 
1.0 6.88088765 
1.0 7.54404945 
1.0 6.8005245 
1.0 7.01296785 
1.0 6.78976935 
1.0 7.15321915 
1.0 6.82320345 
2.0 8.2331263 
2.0 13.8141836 
2.0 8.80560975 
3.0 9.39561245 
3.0 9.97241385 
3.0 14.4356387 
3.0 13.317878 
3.0 9.54705115 
3.0 17.5703899 
3.0 17.79955975 
3.0 11.54314735 
3.0 9.92682775 
3.0 32.4595355 
3.0 18.46999595 
3.0 23.2808093 
3.0 12.0462041 
3.0 25.15617965 
3.0 20.3724241 
3.0 26.92949455 
3.0 31.63037465 
3.0 21.1884981 
3.0 32.08204265 
3.0 29.75463085 
3.0 32.07225735 
3.0 21.24232705 
4.0 10.28181175 
4.0 9.96091355 
4.0 17.26017685 
4.0 18.0415655 
4.0 17.09644895 
4.0 17.96459035 
4.0 11.4771293 
4.0 11.2492506 
4.0 9.3170399 
4.0 9.53684655 
4.0 32.18661915 
4.0 32.0514621 
4.0 18.9052689 
4.0 17.64723765 
4.0 23.2522206 
4.0 22.4097594 
4.0 11.3183056 
4.0 11.82039705 
4.0 24.5281288 
4.0 25.75647375 
4.0 19.72075175 
4.0 19.9082779 
4.0 26.46287245 
4.0 26.30992035 
4.0 31.68747155 
4.0 32.20306915 
4.0 22.12928305 
4.0 21.10203585 
4.0 32.977056 
4.0 31.59424135 
4.0 29.6779504 
4.0 28.8028398 
4.0 32.83428715 
4.0 31.3805107 
4.0 20.8629218 
4.0 21.40633145 
