# Position.Z vs. Particle Type (97 data points):
# "Particle Type" Position.Z
1.0 0.0 
1.0 0.0 
1.0 0.0 
1.0 0.0 
1.0 0.0 
1.0 0.0 
1.0 0.0 
1.0 0.0 
1.0 0.0 
1.0 2.2741768 
1.0 2.2741768 
1.0 2.2741768 
1.0 2.2741768 
1.0 2.2741768 
1.0 2.2741768 
1.0 2.2741768 
1.0 2.2741768 
1.0 2.2741768 
1.0 5.1858401 
1.0 4.3598779 
1.0 4.3463756 
1.0 4.5235652 
1.0 4.13088865 
1.0 4.3217356 
1.0 4.32143425 
1.0 4.10100565 
1.0 4.4448712 
1.0 6.8011013 
1.0 6.89292975 
1.0 6.2624079 
1.0 6.56432735 
1.0 6.3345401 
1.0 7.08421 
1.0 6.4927135 
1.0 7.56657755 
1.0 7.1671285 
2.0 8.45861555 
2.0 12.2630725 
2.0 8.10886265 
3.0 9.71185775 
3.0 9.2846733 
3.0 12.8885862 
3.0 11.4911888 
3.0 9.4331153 
3.0 26.2126368 
3.0 16.58575625 
3.0 8.95323135 
3.0 9.26670255 
3.0 29.8714731 
3.0 19.38211765 
3.0 26.36967655 
3.0 19.5108032 
3.0 32.5827187 
3.0 18.1388452 
3.0 29.30122685 
3.0 32.2879557 
3.0 21.12306035 
3.0 32.3949605 
3.0 29.84885505 
3.0 32.16023195 
3.0 16.83562335 
4.0 9.8834071 
4.0 8.49885505 
4.0 26.1890846 
4.0 26.9782548 
4.0 16.66323155 
4.0 17.52400055 
4.0 9.35893315 
4.0 9.56305105 
4.0 9.404997 
4.0 8.87900265 
4.0 29.1426716 
4.0 30.6253521 
4.0 19.17386205 
4.0 20.245722 
4.0 26.9029425 
4.0 25.61002675 
4.0 19.0027516 
4.0 19.8548644 
4.0 32.53966835 
4.0 32.69758555 
4.0 18.54565405 
4.0 18.00083985 
4.0 29.03192565 
4.0 28.70330365 
4.0 32.7372654 
4.0 31.48221055 
4.0 20.61315025 
4.0 21.07866775 
4.0 32.79697015 
4.0 32.284364 
4.0 29.41134525 
4.0 29.93461555 
4.0 32.1653731 
4.0 32.70381135 
4.0 16.78294625 
4.0 16.9412761 
