# Position.Z vs. Particle Type (97 data points):
# "Particle Type" Position.Z
1.0 0.0 
1.0 0.0 
1.0 0.0 
1.0 0.0 
1.0 0.0 
1.0 0.0 
1.0 0.0 
1.0 0.0 
1.0 0.0 
1.0 2.2741768 
1.0 2.2741768 
1.0 2.2741768 
1.0 2.2741768 
1.0 2.2741768 
1.0 2.2741768 
1.0 2.2741768 
1.0 2.2741768 
1.0 2.2741768 
1.0 4.4633981 
1.0 4.29718625 
1.0 5.13082535 
1.0 4.44045665 
1.0 4.2987028 
1.0 4.33535725 
1.0 4.32176745 
1.0 4.6011742 
1.0 4.2429275 
1.0 6.54885315 
1.0 7.2820258 
1.0 6.8031446 
1.0 6.2976844 
1.0 6.5045736 
1.0 7.3390205 
1.0 7.52533985 
1.0 7.3103982 
1.0 6.31746395 
2.0 8.40162365 
2.0 13.393639 
2.0 8.3881455 
3.0 9.4540194 
3.0 9.56324355 
3.0 12.7493051 
3.0 14.2347884 
3.0 24.8101378 
3.0 20.2235509 
3.0 25.4403779 
3.0 18.88030585 
3.0 9.8176155 
3.0 28.3478223 
3.0 9.12865975 
3.0 17.34103 
3.0 32.82612655 
3.0 27.6084263 
3.0 24.4914964 
3.0 28.30620835 
3.0 17.498033 
3.0 30.31358785 
3.0 25.3068298 
3.0 31.76160505 
3.0 31.83672555 
3.0 31.2407914 
4.0 24.8449439 
4.0 25.2955129 
4.0 19.3628624 
4.0 20.16508375 
4.0 24.9950582 
4.0 25.1876422 
4.0 18.31398275 
4.0 19.69968455 
4.0 10.16687175 
4.0 8.8160331 
4.0 27.4696597 
4.0 28.9796948 
4.0 9.46347185 
4.0 9.5732203 
4.0 16.75658635 
4.0 16.79056295 
4.0 32.2336028 
4.0 32.70739325 
4.0 27.0464859 
4.0 27.7895485 
4.0 25.2605577 
4.0 24.2227314 
4.0 28.3254034 
4.0 28.2743573 
4.0 17.1755402 
4.0 17.78660485 
4.0 30.83921505 
4.0 29.46972945 
4.0 24.93173865 
4.0 26.20077075 
4.0 32.27811055 
4.0 31.62152455 
4.0 31.24533335 
4.0 32.785165 
4.0 30.3962211 
4.0 31.8133137 
