# Position.Z vs. Particle Type (97 data points):
# "Particle Type" Position.Z
1.0 0.0 
1.0 0.0 
1.0 0.0 
1.0 0.0 
1.0 0.0 
1.0 0.0 
1.0 0.0 
1.0 0.0 
1.0 0.0 
1.0 2.2741768 
1.0 2.2741768 
1.0 2.2741768 
1.0 2.2741768 
1.0 2.2741768 
1.0 2.2741768 
1.0 2.2741768 
1.0 2.2741768 
1.0 2.2741768 
1.0 4.54439405 
1.0 5.08112745 
1.0 4.4325204 
1.0 4.4649745 
1.0 4.90960085 
1.0 5.12312185 
1.0 4.38650975 
1.0 4.38339755 
1.0 4.28992095 
1.0 7.57006215 
1.0 7.76481615 
1.0 6.8926186 
1.0 6.64681675 
1.0 6.70995325 
1.0 7.0134337 
1.0 7.6475077 
1.0 6.7424532 
1.0 6.6905335 
2.0 8.1718252 
2.0 19.57311475 
2.0 8.64855215 
3.0 9.35745265 
3.0 9.7174798 
3.0 19.4799605 
3.0 19.5540247 
3.0 23.9166823 
3.0 14.30257745 
3.0 24.5409241 
3.0 27.1827731 
3.0 10.44724695 
3.0 26.0503257 
3.0 22.07284905 
3.0 9.95072925 
3.0 32.22927085 
3.0 32.06203315 
3.0 24.1726471 
3.0 29.7828881 
3.0 12.6533666 
3.0 30.01030025 
3.0 24.81823505 
3.0 31.79477595 
3.0 32.45847465 
3.0 26.7371874 
4.0 24.8117114 
4.0 23.209095 
4.0 13.39126215 
4.0 14.4905159 
4.0 24.13959555 
4.0 24.6911154 
4.0 27.48245255 
4.0 27.4347997 
4.0 9.99300855 
4.0 10.75817085 
4.0 26.5136361 
4.0 26.2426045 
4.0 21.9019087 
4.0 21.7239022 
4.0 10.066014 
4.0 10.08027405 
4.0 31.56515705 
4.0 33.0213156 
4.0 32.90662935 
4.0 32.3155126 
4.0 23.8498204 
4.0 23.5563671 
4.0 29.3811812 
4.0 29.43081085 
4.0 13.4737491 
4.0 12.2977729 
4.0 30.4001124 
4.0 29.93335625 
4.0 25.6917444 
4.0 24.88496605 
4.0 31.4817272 
4.0 32.72611475 
4.0 32.3159207 
4.0 32.08114035 
4.0 26.21043495 
4.0 26.3818044 
