# Position.Z vs. Particle Type (97 data points):
# "Particle Type" Position.Z
1.0 0.0 
1.0 0.0 
1.0 0.0 
1.0 0.0 
1.0 0.0 
1.0 0.0 
1.0 0.0 
1.0 0.0 
1.0 0.0 
1.0 2.2741768 
1.0 2.2741768 
1.0 2.2741768 
1.0 2.2741768 
1.0 2.2741768 
1.0 2.2741768 
1.0 2.2741768 
1.0 2.2741768 
1.0 2.2741768 
1.0 5.7447467 
1.0 4.42757 
1.0 4.5918159 
1.0 4.5169628 
1.0 4.3964004 
1.0 4.3103214 
1.0 4.44635905 
1.0 4.58481835 
1.0 4.93116155 
1.0 7.04021465 
1.0 6.7465888 
1.0 6.42357135 
1.0 7.0628075 
1.0 6.91818715 
1.0 8.42912595 
1.0 6.610492 
1.0 7.5149221 
1.0 7.9913827 
2.0 8.75871885 
2.0 11.8596205 
2.0 8.10906635 
3.0 9.9601922 
3.0 9.3109821 
3.0 12.04035735 
3.0 11.51187135 
3.0 17.9144343 
3.0 26.97739065 
3.0 15.1979492 
3.0 11.3431815 
3.0 9.91411855 
3.0 25.49225385 
3.0 17.69081265 
3.0 23.9707811 
3.0 27.86189315 
3.0 31.9162123 
3.0 13.4546881 
3.0 20.56819625 
3.0 29.9504933 
3.0 20.85921285 
3.0 24.33427045 
3.0 30.75614465 
3.0 31.4353536 
3.0 16.74530725 
4.0 18.20053725 
4.0 16.9366148 
4.0 26.29121145 
4.0 27.70943175 
4.0 15.7128783 
4.0 14.38151435 
4.0 10.9183382 
4.0 12.2413137 
4.0 9.8340445 
4.0 10.8374714 
4.0 26.22221385 
4.0 24.7264297 
4.0 18.34690725 
4.0 16.8374521 
4.0 24.10720165 
4.0 24.24304015 
4.0 27.17006705 
4.0 28.48053005 
4.0 31.52490705 
4.0 31.4728288 
4.0 12.7166606 
4.0 13.72510895 
4.0 21.00178745 
4.0 21.18694165 
4.0 28.97383965 
4.0 30.21237345 
4.0 20.668613 
4.0 20.06888695 
4.0 24.37787975 
4.0 23.684955 
4.0 31.706815 
4.0 30.30088775 
4.0 32.05133995 
4.0 31.36093065 
4.0 15.8724412 
4.0 17.17003295 
