# Position.Z vs. Particle Type (97 data points):
# "Particle Type" Position.Z
1.0 0.0 
1.0 0.0 
1.0 0.0 
1.0 0.0 
1.0 0.0 
1.0 0.0 
1.0 0.0 
1.0 0.0 
1.0 0.0 
1.0 2.2741768 
1.0 2.2741768 
1.0 2.2741768 
1.0 2.2741768 
1.0 2.2741768 
1.0 2.2741768 
1.0 2.2741768 
1.0 2.2741768 
1.0 2.2741768 
1.0 5.1506763 
1.0 4.3419089 
1.0 4.33225835 
1.0 4.2194796 
1.0 4.175906 
1.0 4.38819605 
1.0 4.6115216 
1.0 4.383806 
1.0 4.5711176 
1.0 6.61917515 
1.0 6.66933155 
1.0 6.56355595 
1.0 6.6058384 
1.0 6.495216 
1.0 7.3517829 
1.0 6.3065583 
1.0 7.0828429 
1.0 7.7077532 
2.0 8.60646885 
2.0 11.60308695 
2.0 7.5821277 
3.0 9.7980596 
3.0 8.76514065 
3.0 12.31417075 
3.0 11.12570445 
3.0 18.65058825 
3.0 26.450172 
3.0 17.3221706 
3.0 10.52795205 
3.0 9.41333225 
3.0 29.57143525 
3.0 20.94084265 
3.0 23.5312161 
3.0 27.25602215 
3.0 32.8290942 
3.0 13.3982541 
3.0 23.1971922 
3.0 31.95257905 
3.0 22.9741939 
3.0 26.36016145 
3.0 27.4684921 
3.0 31.9396042 
3.0 16.376521 
4.0 18.17115055 
4.0 19.4120052 
4.0 26.5645877 
4.0 25.96236055 
4.0 17.90843845 
4.0 16.4161942 
4.0 11.39218745 
4.0 10.0777684 
4.0 9.39275995 
4.0 10.2400879 
4.0 28.63160685 
4.0 29.6784649 
4.0 20.24525685 
4.0 20.5701027 
4.0 22.78477985 
4.0 24.16154825 
4.0 27.0080034 
4.0 26.9044979 
4.0 32.3061088 
4.0 32.49234065 
4.0 12.95659645 
4.0 14.3111248 
4.0 23.9318359 
4.0 23.4712324 
4.0 32.34767375 
4.0 31.5785736 
4.0 22.68094115 
4.0 22.56409505 
4.0 26.28951395 
4.0 25.5878504 
4.0 26.71376785 
4.0 28.125853 
4.0 31.5170205 
4.0 32.91769985 
4.0 16.3053261 
4.0 16.7469778 
