# Position.Z vs. Particle Type (97 data points):
# "Particle Type" Position.Z
1.0 0.0 
1.0 0.0 
1.0 0.0 
1.0 0.0 
1.0 0.0 
1.0 0.0 
1.0 0.0 
1.0 0.0 
1.0 0.0 
1.0 2.2741768 
1.0 2.2741768 
1.0 2.2741768 
1.0 2.2741768 
1.0 2.2741768 
1.0 2.2741768 
1.0 2.2741768 
1.0 2.2741768 
1.0 2.2741768 
1.0 5.0416534 
1.0 4.34828835 
1.0 5.51112485 
1.0 4.57386965 
1.0 4.35765365 
1.0 4.49505245 
1.0 4.3487052 
1.0 4.26798365 
1.0 4.47112015 
1.0 6.9781936 
1.0 6.83253445 
1.0 6.662775 
1.0 6.5751098 
1.0 8.06079225 
1.0 7.6110545 
1.0 6.70868205 
1.0 7.1920597 
1.0 6.9309254 
2.0 8.4466459 
2.0 13.7785249 
2.0 8.2343604 
3.0 9.59762825 
3.0 9.42955755 
3.0 14.05202015 
3.0 13.4080023 
3.0 13.06920335 
3.0 12.34805985 
3.0 10.34969005 
3.0 10.0500876 
3.0 26.87884115 
3.0 28.2200646 
3.0 25.4763936 
3.0 29.95722275 
3.0 27.13875955 
3.0 29.61437955 
3.0 12.1083522 
3.0 32.61434645 
3.0 30.9052093 
3.0 30.05215815 
3.0 32.24328695 
3.0 32.5374749 
3.0 32.39964875 
3.0 32.06547015 
4.0 13.4519126 
4.0 12.14406235 
4.0 12.18490805 
4.0 12.36568165 
4.0 10.352328 
4.0 11.1837229 
4.0 10.57430465 
4.0 9.7766914 
4.0 25.9853426 
4.0 26.85821285 
4.0 28.7014721 
4.0 27.3475041 
4.0 24.70762105 
4.0 25.42024415 
4.0 29.38079375 
4.0 30.7234984 
4.0 27.20918935 
4.0 27.43005055 
4.0 29.9989718 
4.0 29.14586115 
4.0 12.2610852 
4.0 11.5633021 
4.0 32.7219032 
4.0 32.80490395 
4.0 30.73097125 
4.0 30.0311046 
4.0 30.3504817 
4.0 30.89298695 
4.0 32.54595155 
4.0 32.6083268 
4.0 32.2406798 
4.0 31.97519395 
4.0 32.4088331 
4.0 32.72150665 
4.0 32.11559995 
4.0 33.02994625 
