# Position.Z vs. Particle Type (97 data points):
# "Particle Type" Position.Z
1.0 0.0 
1.0 0.0 
1.0 0.0 
1.0 0.0 
1.0 0.0 
1.0 0.0 
1.0 0.0 
1.0 0.0 
1.0 0.0 
1.0 2.2741768 
1.0 2.2741768 
1.0 2.2741768 
1.0 2.2741768 
1.0 2.2741768 
1.0 2.2741768 
1.0 2.2741768 
1.0 2.2741768 
1.0 2.2741768 
1.0 5.43013625 
1.0 4.28817795 
1.0 4.48765415 
1.0 4.75556025 
1.0 4.2457009 
1.0 4.42814925 
1.0 4.1739971 
1.0 4.81602835 
1.0 4.20033215 
1.0 6.82600415 
1.0 6.7793138 
1.0 6.5215024 
1.0 6.9646381 
1.0 6.66058015 
1.0 7.64174845 
1.0 6.4184281 
1.0 7.99036175 
1.0 7.093205 
2.0 8.68283465 
2.0 14.3535189 
2.0 8.08395945 
3.0 9.81658125 
3.0 9.28279135 
3.0 13.5916011 
3.0 15.08458 
3.0 9.36656735 
3.0 22.6065392 
3.0 16.04881495 
3.0 10.3428052 
3.0 10.76548655 
3.0 32.5611048 
3.0 17.11050705 
3.0 25.3231146 
3.0 13.94242465 
3.0 31.13422165 
3.0 17.80876055 
3.0 26.8629851 
3.0 32.47693505 
3.0 22.468957 
3.0 31.98174385 
3.0 28.4954929 
3.0 32.02280865 
3.0 18.2426615 
4.0 9.3122575 
4.0 8.6001132 
4.0 23.43347335 
4.0 22.1314667 
4.0 16.47813475 
4.0 16.51704915 
4.0 10.8304819 
4.0 10.3798583 
4.0 10.19763745 
4.0 10.77189855 
4.0 31.98076035 
4.0 32.2910882 
4.0 16.53475285 
4.0 16.7724382 
4.0 25.76281365 
4.0 24.3529909 
4.0 14.0161707 
4.0 14.0393673 
4.0 31.4693694 
4.0 31.7626421 
4.0 16.96720935 
4.0 17.77615665 
4.0 26.96484805 
4.0 26.0296288 
4.0 31.88490305 
4.0 31.94069095 
4.0 22.58759265 
4.0 21.5499991 
4.0 31.92214095 
4.0 32.93723125 
4.0 28.0890491 
4.0 29.19062825 
4.0 32.0612411 
4.0 33.02378485 
4.0 18.2450002 
4.0 19.05782725 
