# Position.Z vs. Particle Type (97 data points):
# "Particle Type" Position.Z
1.0 0.0 
1.0 0.0 
1.0 0.0 
1.0 0.0 
1.0 0.0 
1.0 0.0 
1.0 0.0 
1.0 0.0 
1.0 0.0 
1.0 2.2741768 
1.0 2.2741768 
1.0 2.2741768 
1.0 2.2741768 
1.0 2.2741768 
1.0 2.2741768 
1.0 2.2741768 
1.0 2.2741768 
1.0 2.2741768 
1.0 5.01041205 
1.0 4.45790205 
1.0 5.13611105 
1.0 4.3719991 
1.0 4.1762434 
1.0 4.3864359 
1.0 4.3105846 
1.0 4.82761055 
1.0 4.63066275 
1.0 6.7120116 
1.0 7.07297115 
1.0 6.2547429 
1.0 6.7230366 
1.0 6.83245045 
1.0 7.2246622 
1.0 7.4353167 
1.0 7.51698395 
1.0 6.6287382 
2.0 8.31036885 
2.0 14.0748286 
2.0 8.3635097 
3.0 9.44492605 
3.0 9.3998555 
3.0 13.29190275 
3.0 14.9374323 
3.0 25.03605125 
3.0 21.41818455 
3.0 25.33991285 
3.0 20.0276734 
3.0 9.6572133 
3.0 28.17394895 
3.0 10.3312699 
3.0 17.6129597 
3.0 31.99535605 
3.0 28.57904105 
3.0 23.8626234 
3.0 29.3665848 
3.0 16.9901704 
3.0 30.3998051 
3.0 25.93796975 
3.0 31.86676675 
3.0 32.22740185 
3.0 31.45868215 
4.0 25.09396715 
4.0 24.18916045 
4.0 20.49111295 
4.0 21.23875915 
4.0 25.8621062 
4.0 24.80330125 
4.0 19.351087 
4.0 20.88869615 
4.0 10.24733535 
4.0 9.3327941 
4.0 27.2581421 
4.0 28.84033145 
4.0 9.7011019 
4.0 10.1256162 
4.0 17.2409125 
4.0 18.4610538 
4.0 32.20128905 
4.0 32.02061555 
4.0 28.4581227 
4.0 29.50713395 
4.0 24.7423533 
4.0 23.24670705 
4.0 29.17261445 
4.0 28.48074075 
4.0 17.91322855 
4.0 16.7478185 
4.0 30.54216305 
4.0 30.7549788 
4.0 25.80634 
4.0 26.6929509 
4.0 32.28683535 
4.0 31.271548 
4.0 31.82742185 
4.0 31.9664891 
4.0 30.83250625 
4.0 32.19637015 
