# Position.Z vs. Particle Type (97 data points):
# "Particle Type" Position.Z
1.0 0.0 
1.0 0.0 
1.0 0.0 
1.0 0.0 
1.0 0.0 
1.0 0.0 
1.0 0.0 
1.0 0.0 
1.0 0.0 
1.0 2.2741768 
1.0 2.2741768 
1.0 2.2741768 
1.0 2.2741768 
1.0 2.2741768 
1.0 2.2741768 
1.0 2.2741768 
1.0 2.2741768 
1.0 2.2741768 
1.0 4.3161167 
1.0 4.38389805 
1.0 4.38472405 
1.0 4.3909544 
1.0 4.5488282 
1.0 4.50702945 
1.0 4.2939827 
1.0 4.4315096 
1.0 4.54201895 
1.0 7.0755678 
1.0 7.1545621 
1.0 7.1317421 
1.0 6.60419935 
1.0 7.28917875 
1.0 6.6757355 
1.0 6.80142715 
1.0 6.6781911 
1.0 6.37839405 
2.0 8.3712552 
2.0 13.9183758 
2.0 8.06960805 
3.0 9.42132275 
3.0 9.2136128 
3.0 13.3020776 
3.0 14.3312652 
3.0 25.80776415 
3.0 12.2508428 
3.0 24.41525135 
3.0 24.7541308 
3.0 9.6922364 
3.0 30.18579935 
3.0 18.4677703 
3.0 9.7527927 
3.0 31.96322395 
3.0 32.5052518 
3.0 25.98732465 
3.0 28.3797745 
3.0 10.90696215 
3.0 28.96970685 
3.0 21.9319093 
3.0 32.16670975 
3.0 32.5879323 
3.0 28.257768 
4.0 25.24601555 
4.0 25.60056345 
4.0 13.0408663 
4.0 11.8470583 
4.0 23.4748479 
4.0 24.3661572 
4.0 25.3801254 
4.0 24.9086306 
4.0 10.0031134 
4.0 9.05730315 
4.0 31.0369801 
4.0 29.5616363 
4.0 17.6149799 
4.0 18.1748133 
4.0 9.77927895 
4.0 9.8310604 
4.0 32.71101225 
4.0 31.2575172 
4.0 32.1888847 
4.0 33.0437093 
4.0 25.76554995 
4.0 26.9388917 
4.0 28.27743765 
4.0 27.86855575 
4.0 11.0905599 
4.0 11.78366595 
4.0 28.23778615 
4.0 29.7192875 
4.0 22.3310465 
4.0 22.38084695 
4.0 32.9106449 
4.0 31.4039558 
4.0 32.26798995 
4.0 32.64946195 
4.0 29.16853065 
4.0 27.83037215 
