# Position.Z vs. Particle Type (97 data points):
# "Particle Type" Position.Z
1.0 0.0 
1.0 0.0 
1.0 0.0 
1.0 0.0 
1.0 0.0 
1.0 0.0 
1.0 0.0 
1.0 0.0 
1.0 0.0 
1.0 2.2741768 
1.0 2.2741768 
1.0 2.2741768 
1.0 2.2741768 
1.0 2.2741768 
1.0 2.2741768 
1.0 2.2741768 
1.0 2.2741768 
1.0 2.2741768 
1.0 5.0308545 
1.0 4.32689845 
1.0 4.53138735 
1.0 4.3612114 
1.0 4.33006805 
1.0 4.6233894 
1.0 4.335079 
1.0 4.52490745 
1.0 4.6458895 
1.0 7.17511865 
1.0 6.9051325 
1.0 6.43243195 
1.0 6.73788325 
1.0 6.7810743 
1.0 7.8260952 
1.0 6.5203642 
1.0 7.10129945 
1.0 7.31551485 
2.0 8.76642725 
2.0 11.50195305 
2.0 8.2044396 
3.0 9.93636735 
3.0 9.40519895 
3.0 12.557692 
3.0 10.3649119 
3.0 17.1729411 
3.0 27.75537975 
3.0 18.8193145 
3.0 13.07048085 
3.0 9.3725198 
3.0 32.7125267 
3.0 21.01202635 
3.0 25.28819475 
3.0 24.2574878 
3.0 31.9705764 
3.0 17.32455305 
3.0 24.89929995 
3.0 32.43313885 
3.0 24.28633165 
3.0 30.1631995 
3.0 27.0353265 
3.0 31.63160035 
3.0 16.20559745 
4.0 16.77247775 
4.0 17.6281343 
4.0 27.1022794 
4.0 27.243545 
4.0 18.0480132 
4.0 19.56144085 
4.0 13.53807035 
4.0 12.30344255 
4.0 10.29207025 
4.0 9.47492385 
4.0 31.9904186 
4.0 32.49146005 
4.0 20.2807766 
4.0 20.6526789 
4.0 26.1560264 
4.0 25.2931455 
4.0 23.52558705 
4.0 24.07862415 
4.0 31.55539275 
4.0 31.8649947 
4.0 17.0601739 
4.0 16.92611935 
4.0 25.3376312 
4.0 25.33632045 
4.0 32.4392908 
4.0 32.7621497 
4.0 24.4258063 
4.0 23.5552275 
4.0 29.38669545 
4.0 30.78423845 
4.0 26.27023245 
4.0 27.414247 
4.0 31.7296756 
4.0 32.57374155 
4.0 15.33782635 
4.0 16.81857835 
