# Position.Z vs. Particle Type (97 data points):
# "Particle Type" Position.Z
1.0 0.0 
1.0 0.0 
1.0 0.0 
1.0 0.0 
1.0 0.0 
1.0 0.0 
1.0 0.0 
1.0 0.0 
1.0 0.0 
1.0 2.2741768 
1.0 2.2741768 
1.0 2.2741768 
1.0 2.2741768 
1.0 2.2741768 
1.0 2.2741768 
1.0 2.2741768 
1.0 2.2741768 
1.0 2.2741768 
1.0 4.9615531 
1.0 4.3149092 
1.0 4.60002935 
1.0 4.58876425 
1.0 4.5580626 
1.0 4.22452555 
1.0 4.370499 
1.0 4.88299735 
1.0 4.5343928 
1.0 6.75322725 
1.0 6.8323514 
1.0 6.58235865 
1.0 6.82529715 
1.0 6.98276075 
1.0 7.86625875 
1.0 6.6008915 
1.0 7.2690919 
1.0 6.7258128 
2.0 8.60239695 
2.0 13.73188775 
2.0 7.97119925 
3.0 9.8135345 
3.0 9.16907915 
3.0 13.05258605 
3.0 14.36880725 
3.0 21.30705255 
3.0 25.5587493 
3.0 13.97435165 
3.0 9.5418876 
3.0 8.9371611 
3.0 18.33618395 
3.0 9.6935804 
3.0 22.564199 
3.0 29.45153715 
3.0 32.49609825 
3.0 12.3167478 
3.0 22.71073175 
3.0 29.30016285 
3.0 16.54403625 
3.0 25.09353315 
3.0 27.3843626 
3.0 31.755668 
3.0 15.9914825 
4.0 20.47938235 
4.0 21.83840785 
4.0 24.6090579 
4.0 25.91649165 
4.0 13.76521545 
4.0 13.3346388 
4.0 9.7909413 
4.0 9.0953261 
4.0 8.64776535 
4.0 9.1331338 
4.0 17.56504925 
4.0 18.13556605 
4.0 9.44327335 
4.0 10.6567713 
4.0 21.6328518 
4.0 22.61499345 
4.0 29.721097 
4.0 30.09926605 
4.0 32.7589549 
4.0 32.39556425 
4.0 11.5771999 
4.0 12.7090418 
4.0 22.5981791 
4.0 23.3795989 
4.0 29.50896865 
4.0 28.6416599 
4.0 17.45534 
4.0 16.1847763 
4.0 25.3513512 
4.0 25.72905755 
4.0 27.9636042 
4.0 27.7131372 
4.0 32.504402 
4.0 31.5977347 
4.0 16.85451705 
4.0 15.4768145 
