# Position.Z vs. Particle Type (97 data points):
# "Particle Type" Position.Z
1.0 0.0 
1.0 0.0 
1.0 0.0 
1.0 0.0 
1.0 0.0 
1.0 0.0 
1.0 0.0 
1.0 0.0 
1.0 0.0 
1.0 2.2741768 
1.0 2.2741768 
1.0 2.2741768 
1.0 2.2741768 
1.0 2.2741768 
1.0 2.2741768 
1.0 2.2741768 
1.0 2.2741768 
1.0 2.2741768 
1.0 4.24211095 
1.0 4.505123 
1.0 4.3579655 
1.0 4.5366818 
1.0 4.282187 
1.0 4.7544189 
1.0 4.9606256 
1.0 4.59481015 
1.0 4.46992035 
1.0 6.51627795 
1.0 6.86340235 
1.0 6.73979635 
1.0 6.8308317 
1.0 7.3343711 
1.0 6.9935957 
1.0 6.8114543 
1.0 7.076769 
1.0 6.8216589 
2.0 8.30719785 
2.0 12.43829965 
2.0 8.102136 
3.0 9.48638145 
3.0 9.27658725 
3.0 12.76631195 
3.0 12.1602999 
3.0 20.56787915 
3.0 9.4992527 
3.0 32.4329159 
3.0 25.83214655 
3.0 13.66928745 
3.0 9.70132765 
3.0 17.70954185 
3.0 24.965052 
3.0 31.97526675 
3.0 16.07015515 
3.0 28.31749655 
3.0 31.355107 
3.0 26.27708475 
3.0 31.83701465 
3.0 31.83459055 
3.0 23.0208993 
3.0 21.32634665 
3.0 29.1865973 
4.0 21.07179375 
4.0 21.3326176 
4.0 9.0877836 
4.0 9.5980283 
4.0 32.56473045 
4.0 31.892511 
4.0 25.2736288 
4.0 26.2073196 
4.0 14.4276706 
4.0 13.48047155 
4.0 10.00804805 
4.0 10.11771495 
4.0 18.10411645 
4.0 18.275145 
4.0 25.5778817 
4.0 25.48688625 
4.0 31.2965989 
4.0 32.7249937 
4.0 16.0849031 
4.0 16.497019 
4.0 29.06422505 
4.0 28.3959956 
4.0 30.47541875 
4.0 31.97714905 
4.0 26.40680315 
4.0 25.2959217 
4.0 32.2956746 
4.0 31.89040295 
4.0 32.0043759 
4.0 32.5484488 
4.0 23.71188575 
4.0 23.01674025 
4.0 21.13806835 
4.0 21.51160025 
4.0 29.7521742 
4.0 28.2886394 
