# Position.Z vs. Particle Type (97 data points):
# "Particle Type" Position.Z
1.0 0.0 
1.0 0.0 
1.0 0.0 
1.0 0.0 
1.0 0.0 
1.0 0.0 
1.0 0.0 
1.0 0.0 
1.0 0.0 
1.0 2.2741768 
1.0 2.2741768 
1.0 2.2741768 
1.0 2.2741768 
1.0 2.2741768 
1.0 2.2741768 
1.0 2.2741768 
1.0 2.2741768 
1.0 2.2741768 
1.0 4.36441215 
1.0 4.7152371 
1.0 4.1893691 
1.0 4.68345815 
1.0 4.55088235 
1.0 4.553157 
1.0 4.30576895 
1.0 4.5390485 
1.0 4.9768719 
1.0 7.10944955 
1.0 7.1057126 
1.0 6.4123724 
1.0 7.03393985 
1.0 8.1750886 
1.0 7.37930795 
1.0 7.09430365 
1.0 6.79794325 
1.0 6.9764891 
2.0 8.0877566 
2.0 19.25940205 
2.0 8.2580484 
3.0 9.26504915 
3.0 9.44556515 
3.0 19.73003445 
3.0 18.8772367 
3.0 10.4354572 
3.0 15.8326658 
3.0 10.47937625 
3.0 11.29864925 
3.0 15.2022402 
3.0 32.05446545 
3.0 24.1539424 
3.0 28.64957585 
3.0 12.8133306 
3.0 28.58620135 
3.0 27.8337059 
3.0 31.11858155 
3.0 30.7802047 
3.0 27.6556301 
3.0 29.9780838 
3.0 32.45996775 
3.0 31.7431772 
3.0 24.34592755 
4.0 10.0789598 
4.0 10.2168269 
4.0 15.627878 
4.0 16.35691855 
4.0 10.5084623 
4.0 11.14926645 
4.0 12.05984115 
4.0 10.9814957 
4.0 15.7974047 
4.0 14.28167755 
4.0 31.6827784 
4.0 33.013484 
4.0 23.344622 
4.0 24.7728586 
4.0 28.205114 
4.0 27.8936959 
4.0 13.51110495 
4.0 12.46020265 
4.0 27.848086 
4.0 28.69156115 
4.0 28.2970604 
4.0 27.0356233 
4.0 31.44563835 
4.0 30.95340815 
4.0 29.9757829 
4.0 30.71851965 
4.0 27.57352955 
4.0 28.50813105 
4.0 30.2916817 
4.0 30.7574624 
4.0 31.7996609 
4.0 31.9939634 
4.0 32.66126815 
4.0 32.0258918 
4.0 23.35476885 
4.0 24.7824297 
