# Position.Z vs. Particle Type (97 data points):
# "Particle Type" Position.Z
1.0 0.0 
1.0 0.0 
1.0 0.0 
1.0 0.0 
1.0 0.0 
1.0 0.0 
1.0 0.0 
1.0 0.0 
1.0 0.0 
1.0 2.2741768 
1.0 2.2741768 
1.0 2.2741768 
1.0 2.2741768 
1.0 2.2741768 
1.0 2.2741768 
1.0 2.2741768 
1.0 2.2741768 
1.0 2.2741768 
1.0 5.40746675 
1.0 4.23039575 
1.0 4.92071125 
1.0 4.1839203 
1.0 4.5365775 
1.0 4.53890045 
1.0 4.6223583 
1.0 4.53024495 
1.0 4.34700595 
1.0 6.89971135 
1.0 6.59321985 
1.0 6.3095368 
1.0 6.6582138 
1.0 7.40995325 
1.0 7.4200112 
1.0 6.62335135 
1.0 7.1798923 
1.0 8.033564 
2.0 8.5649613 
2.0 16.0140589 
2.0 8.05740145 
3.0 9.74126405 
3.0 9.2377138 
3.0 17.1371963 
3.0 14.877107 
3.0 27.5924957 
3.0 30.80408135 
3.0 25.00137605 
3.0 18.27684495 
3.0 9.7763232 
3.0 26.67091245 
3.0 12.623716 
3.0 20.13724755 
3.0 32.24940565 
3.0 31.5393484 
3.0 21.242018 
3.0 31.30112895 
3.0 22.20172605 
3.0 26.7315503 
3.0 25.29250675 
3.0 31.5203196 
3.0 32.71630845 
3.0 29.69678215 
4.0 27.0321142 
4.0 28.5300813 
4.0 31.6640534 
4.0 30.214282 
4.0 25.24583075 
4.0 24.09032255 
4.0 18.65487855 
4.0 17.7770418 
4.0 9.93499185 
4.0 9.3024477 
4.0 25.86054625 
4.0 26.48616425 
4.0 13.3587209 
4.0 12.0900941 
4.0 21.01870365 
4.0 20.07061875 
4.0 32.06409045 
4.0 31.9509372 
4.0 31.2339111 
4.0 30.7360739 
4.0 20.65395745 
4.0 21.85463035 
4.0 32.17180785 
4.0 31.36414645 
4.0 22.04718425 
4.0 21.64141525 
4.0 26.31867035 
4.0 26.31918555 
4.0 25.58269525 
4.0 25.7655314 
4.0 31.1829217 
4.0 32.4802457 
4.0 32.6190081 
4.0 32.0236875 
4.0 29.9196275 
4.0 28.7572222 
