# Position.Z vs. Particle Type (97 data points):
# "Particle Type" Position.Z
1.0 0.0 
1.0 0.0 
1.0 0.0 
1.0 0.0 
1.0 0.0 
1.0 0.0 
1.0 0.0 
1.0 0.0 
1.0 0.0 
1.0 2.2741768 
1.0 2.2741768 
1.0 2.2741768 
1.0 2.2741768 
1.0 2.2741768 
1.0 2.2741768 
1.0 2.2741768 
1.0 2.2741768 
1.0 2.2741768 
1.0 4.42120735 
1.0 4.52894365 
1.0 4.5157294 
1.0 4.31584405 
1.0 4.87595115 
1.0 5.0772582 
1.0 4.1810615 
1.0 4.47060215 
1.0 4.43964115 
1.0 7.3416259 
1.0 7.35153685 
1.0 6.81904615 
1.0 7.231175 
1.0 6.4869861 
1.0 6.6402091 
1.0 6.5282238 
1.0 7.0725487 
1.0 6.95582265 
2.0 7.9589958 
2.0 21.92203965 
2.0 8.59331165 
3.0 9.11637895 
3.0 9.7526723 
3.0 21.29394295 
3.0 22.4918015 
3.0 13.25615795 
3.0 11.2975296 
3.0 9.4639951 
3.0 12.3519851 
3.0 9.5885328 
3.0 32.6542265 
3.0 24.2936673 
3.0 27.16574385 
3.0 12.14295845 
3.0 26.02039545 
3.0 22.82445025 
3.0 31.98584865 
3.0 32.33369685 
3.0 29.4183533 
3.0 31.1458609 
3.0 30.81616055 
3.0 30.21428305 
3.0 20.6823365 
4.0 14.0012705 
4.0 13.6774617 
4.0 10.8817247 
4.0 11.8410313 
4.0 10.24402015 
4.0 9.18930425 
4.0 11.97836815 
4.0 12.1140971 
4.0 10.53286955 
4.0 9.5277189 
4.0 32.37158505 
4.0 32.630031 
4.0 24.94597175 
4.0 23.63404715 
4.0 26.90767765 
4.0 26.992231 
4.0 11.97872795 
4.0 13.05829315 
4.0 26.89173515 
4.0 25.5171574 
4.0 22.3170899 
4.0 23.4281096 
4.0 32.3856631 
4.0 32.9011305 
4.0 32.12879775 
4.0 33.3094146 
4.0 30.07649085 
4.0 28.7896917 
4.0 31.31409995 
4.0 31.36471765 
4.0 30.5997678 
4.0 30.05519265 
4.0 29.8554207 
4.0 30.0605774 
4.0 20.16727895 
4.0 21.58760345 
