# Position.Z vs. Particle Type (97 data points):
# "Particle Type" Position.Z
1.0 0.0 
1.0 0.0 
1.0 0.0 
1.0 0.0 
1.0 0.0 
1.0 0.0 
1.0 0.0 
1.0 0.0 
1.0 0.0 
1.0 2.2741768 
1.0 2.2741768 
1.0 2.2741768 
1.0 2.2741768 
1.0 2.2741768 
1.0 2.2741768 
1.0 2.2741768 
1.0 2.2741768 
1.0 2.2741768 
1.0 4.9813435 
1.0 4.2852075 
1.0 4.3203335 
1.0 4.1583374 
1.0 4.81700065 
1.0 4.4448061 
1.0 4.473077 
1.0 4.6035311 
1.0 4.33862555 
1.0 7.7640038 
1.0 6.42412505 
1.0 6.9162044 
1.0 7.6052991 
1.0 6.76010125 
1.0 6.5444855 
1.0 6.50192235 
1.0 7.3131653 
1.0 6.83493755 
2.0 8.10060475 
2.0 13.09972615 
2.0 9.12313885 
3.0 9.2189755 
3.0 10.30260735 
3.0 12.54341515 
3.0 13.8829593 
3.0 9.9142799 
3.0 19.3216919 
3.0 17.9724006 
3.0 11.03857825 
3.0 9.8146503 
3.0 31.6664649 
3.0 17.581102 
3.0 22.9664022 
3.0 11.89134205 
3.0 26.60065345 
3.0 19.727617 
3.0 26.8220435 
3.0 31.9434605 
3.0 20.64526975 
3.0 31.9238647 
3.0 29.4287896 
3.0 32.6085732 
3.0 21.19891445 
4.0 10.11431505 
4.0 9.09712755 
4.0 19.84574095 
4.0 18.5954503 
4.0 17.359601 
4.0 18.7798212 
4.0 10.8686067 
4.0 10.7706172 
4.0 8.8800425 
4.0 10.1011876 
4.0 31.65803305 
4.0 32.6619041 
4.0 18.1716325 
4.0 16.7187713 
4.0 22.1063024 
4.0 23.6708969 
4.0 11.8267436 
4.0 12.831763 
4.0 26.07887415 
4.0 26.16109405 
4.0 19.1425577 
4.0 19.27923235 
4.0 26.0413118 
4.0 26.61439375 
4.0 31.9996894 
4.0 31.4044304 
4.0 20.9076371 
4.0 21.07061005 
4.0 32.5430854 
4.0 31.9601604 
4.0 30.1329882 
4.0 28.7802613 
4.0 33.0798475 
4.0 32.3383088 
4.0 20.83369225 
4.0 20.7396175 
