# Position.Z vs. Particle Type (97 data points):
# "Particle Type" Position.Z
1.0 0.0 
1.0 0.0 
1.0 0.0 
1.0 0.0 
1.0 0.0 
1.0 0.0 
1.0 0.0 
1.0 0.0 
1.0 0.0 
1.0 2.2741768 
1.0 2.2741768 
1.0 2.2741768 
1.0 2.2741768 
1.0 2.2741768 
1.0 2.2741768 
1.0 2.2741768 
1.0 2.2741768 
1.0 2.2741768 
1.0 4.59717195 
1.0 4.27300685 
1.0 4.4412095 
1.0 4.6448059 
1.0 4.37225565 
1.0 4.40426665 
1.0 4.32525485 
1.0 5.00525165 
1.0 4.21497265 
1.0 7.5874148 
1.0 6.82512355 
1.0 6.55434955 
1.0 6.8907678 
1.0 6.28157495 
1.0 7.14414785 
1.0 6.28432525 
1.0 6.50993035 
1.0 6.825105 
2.0 8.48857485 
2.0 17.18018225 
2.0 8.33315805 
3.0 9.62394055 
3.0 9.4411205 
3.0 18.20269955 
3.0 16.28298945 
3.0 11.29707635 
3.0 14.18039875 
3.0 18.41087675 
3.0 13.0997181 
3.0 9.2184869 
3.0 31.65617665 
3.0 20.55827585 
3.0 23.14975915 
3.0 13.4898568 
3.0 22.1859113 
3.0 20.52625855 
3.0 27.00226025 
3.0 32.73719575 
3.0 22.60269305 
3.0 31.68380425 
3.0 29.94674585 
3.0 30.37947395 
3.0 20.94632995 
4.0 10.69211885 
4.0 10.93606675 
4.0 13.2303367 
4.0 14.6234375 
4.0 17.7618861 
4.0 17.9584853 
4.0 12.5671651 
4.0 13.732712 
4.0 8.9203408 
4.0 10.07353305 
4.0 31.314003 
4.0 31.7681511 
4.0 21.3475514 
4.0 20.92338815 
4.0 22.44619195 
4.0 22.68705635 
4.0 14.2983372 
4.0 13.2797826 
4.0 21.78631385 
4.0 22.83467375 
4.0 20.2499416 
4.0 21.07999985 
4.0 27.60962715 
4.0 26.5176618 
4.0 32.63692775 
4.0 32.292603 
4.0 22.63193065 
4.0 23.5220447 
4.0 32.65468675 
4.0 31.4997095 
4.0 29.98655975 
4.0 29.3714722 
4.0 31.1930717 
4.0 29.6022384 
4.0 20.96170545 
4.0 20.06406745 
