# Position.Z vs. Particle Type (97 data points):
# "Particle Type" Position.Z
1.0 0.0 
1.0 0.0 
1.0 0.0 
1.0 0.0 
1.0 0.0 
1.0 0.0 
1.0 0.0 
1.0 0.0 
1.0 0.0 
1.0 2.2741768 
1.0 2.2741768 
1.0 2.2741768 
1.0 2.2741768 
1.0 2.2741768 
1.0 2.2741768 
1.0 2.2741768 
1.0 2.2741768 
1.0 2.2741768 
1.0 5.3609976 
1.0 4.39029185 
1.0 4.59620595 
1.0 4.46497765 
1.0 4.3106595 
1.0 4.1610842 
1.0 4.3094149 
1.0 4.5743649 
1.0 4.57111935 
1.0 6.80358245 
1.0 6.80901655 
1.0 6.35476975 
1.0 7.18475905 
1.0 6.5499567 
1.0 7.7524006 
1.0 6.32821735 
1.0 7.7554351 
1.0 7.3565555 
2.0 8.73480755 
2.0 11.2170779 
2.0 8.2045999 
3.0 9.94695625 
3.0 9.3710701 
3.0 12.09584635 
3.0 10.4386877 
3.0 15.07665285 
3.0 27.6241035 
3.0 17.5876267 
3.0 13.36192725 
3.0 9.46326745 
3.0 28.2404472 
3.0 19.9437077 
3.0 26.7132418 
3.0 22.92817905 
3.0 32.21693405 
3.0 18.4943409 
3.0 25.27686945 
3.0 32.138582 
3.0 25.2445921 
3.0 31.1106236 
3.0 28.6097581 
3.0 31.1848978 
3.0 16.02557565 
4.0 14.47936945 
4.0 15.27489215 
4.0 27.9611514 
4.0 27.1173567 
4.0 16.89501695 
4.0 18.47583395 
4.0 12.4180385 
4.0 13.73147055 
4.0 9.34776745 
4.0 10.2153303 
4.0 28.97153595 
4.0 28.6117818 
4.0 20.9110629 
4.0 19.4781412 
4.0 27.3869568 
4.0 26.5325291 
4.0 23.40315635 
4.0 22.3110538 
4.0 32.25325635 
4.0 32.34498155 
4.0 18.77999515 
4.0 17.7200674 
4.0 25.09704575 
4.0 24.42338395 
4.0 32.9787843 
4.0 31.344327 
4.0 24.65995035 
4.0 26.11226485 
4.0 30.42841095 
4.0 31.600884 
4.0 28.0305718 
4.0 28.90783385 
4.0 31.0660056 
4.0 31.6302315 
4.0 16.671361 
4.0 16.3454858 
