# Position.Z vs. Particle Type (97 data points):
# "Particle Type" Position.Z
1.0 0.0 
1.0 0.0 
1.0 0.0 
1.0 0.0 
1.0 0.0 
1.0 0.0 
1.0 0.0 
1.0 0.0 
1.0 0.0 
1.0 2.2741768 
1.0 2.2741768 
1.0 2.2741768 
1.0 2.2741768 
1.0 2.2741768 
1.0 2.2741768 
1.0 2.2741768 
1.0 2.2741768 
1.0 2.2741768 
1.0 4.39406905 
1.0 5.0401267 
1.0 4.23793265 
1.0 4.3132705 
1.0 4.83777 
1.0 4.4728005 
1.0 4.38389805 
1.0 4.3355347 
1.0 4.4678655 
1.0 6.5691164 
1.0 7.00161245 
1.0 6.79640885 
1.0 7.67234265 
1.0 6.8400332 
1.0 6.8222693 
1.0 7.20165075 
1.0 6.60456475 
1.0 6.4455545 
2.0 8.0439632 
2.0 16.83934035 
2.0 8.57655505 
3.0 9.22429865 
3.0 9.64021835 
3.0 17.21698825 
3.0 16.68748095 
3.0 20.7244905 
3.0 13.2120513 
3.0 26.30438755 
3.0 28.8939917 
3.0 14.8984101 
3.0 26.2646055 
3.0 25.00123675 
3.0 9.3746891 
3.0 32.1053243 
3.0 31.8919062 
3.0 23.7377196 
3.0 27.66809885 
3.0 16.4428355 
3.0 32.51481065 
3.0 27.4434006 
3.0 32.62412125 
3.0 32.05267135 
3.0 29.52953885 
4.0 21.30606765 
4.0 20.2405161 
4.0 13.0642743 
4.0 13.48958765 
4.0 27.12563035 
4.0 26.36202415 
4.0 28.7151907 
4.0 28.00760725 
4.0 15.1711399 
4.0 15.67388865 
4.0 26.25931945 
4.0 26.13717015 
4.0 24.24290085 
4.0 25.75957125 
4.0 9.93392785 
4.0 9.8688401 
4.0 32.6332713 
4.0 32.85986165 
4.0 32.6611117 
4.0 31.0021026 
4.0 23.9415057 
4.0 24.41253325 
4.0 27.3371539 
4.0 28.49401345 
4.0 16.6479782 
4.0 17.23224825 
4.0 31.8378991 
4.0 32.2804531 
4.0 26.4915966 
4.0 27.81279165 
4.0 32.681152 
4.0 32.83488005 
4.0 32.4143652 
4.0 32.33719195 
4.0 30.10405545 
4.0 29.53453335 
