# Position.Z vs. Particle Type (97 data points):
# "Particle Type" Position.Z
1.0 0.0 
1.0 0.0 
1.0 0.0 
1.0 0.0 
1.0 0.0 
1.0 0.0 
1.0 0.0 
1.0 0.0 
1.0 0.0 
1.0 2.2741768 
1.0 2.2741768 
1.0 2.2741768 
1.0 2.2741768 
1.0 2.2741768 
1.0 2.2741768 
1.0 2.2741768 
1.0 2.2741768 
1.0 2.2741768 
1.0 5.23779305 
1.0 4.3734747 
1.0 4.3795465 
1.0 4.1143158 
1.0 4.7623975 
1.0 4.24190795 
1.0 4.56001805 
1.0 4.28569995 
1.0 4.81353565 
1.0 7.02763425 
1.0 6.39986935 
1.0 6.9302555 
1.0 7.0780045 
1.0 6.52810165 
1.0 7.4015067 
1.0 6.4581804 
1.0 7.5927229 
1.0 6.9905892 
2.0 8.47293615 
2.0 14.244699 
2.0 7.8497902 
3.0 9.59292915 
3.0 8.99139325 
3.0 13.56703565 
3.0 14.69359325 
3.0 9.6846568 
3.0 21.55057275 
3.0 16.68132375 
3.0 9.7982241 
3.0 10.0761563 
3.0 31.75274865 
3.0 15.8759993 
3.0 24.49879775 
3.0 13.88500435 
3.0 29.3865796 
3.0 17.9628491 
3.0 26.2518011 
3.0 32.3325877 
3.0 22.23635435 
3.0 32.028367 
3.0 29.12987805 
3.0 31.91635125 
3.0 19.55604945 
4.0 9.8967932 
4.0 9.56694935 
4.0 22.0747478 
4.0 21.6834107 
4.0 16.92636645 
4.0 15.7911586 
4.0 9.9962737 
4.0 9.83546725 
4.0 9.43674935 
4.0 9.79118805 
4.0 30.89665425 
4.0 32.39545365 
4.0 16.30444305 
4.0 16.44279595 
4.0 24.2483185 
4.0 23.7009241 
4.0 13.02370895 
4.0 14.5787271 
4.0 29.07251725 
4.0 29.4286818 
4.0 18.52600995 
4.0 17.00729975 
4.0 26.63389785 
4.0 26.01478565 
4.0 32.14745555 
4.0 32.6416573 
4.0 22.5390382 
4.0 21.5289725 
4.0 32.2324905 
4.0 32.95313875 
4.0 28.91814135 
4.0 29.5418788 
4.0 31.522596 
4.0 32.35525965 
4.0 19.1885414 
4.0 20.03907325 
