# Position.Z vs. Particle Type (97 data points):
# "Particle Type" Position.Z
1.0 0.0 
1.0 0.0 
1.0 0.0 
1.0 0.0 
1.0 0.0 
1.0 0.0 
1.0 0.0 
1.0 0.0 
1.0 0.0 
1.0 2.2741768 
1.0 2.2741768 
1.0 2.2741768 
1.0 2.2741768 
1.0 2.2741768 
1.0 2.2741768 
1.0 2.2741768 
1.0 2.2741768 
1.0 2.2741768 
1.0 4.35053535 
1.0 5.15875955 
1.0 4.3860894 
1.0 4.4150771 
1.0 4.21846845 
1.0 4.8309492 
1.0 4.4438583 
1.0 4.5721207 
1.0 4.38494245 
1.0 6.7635099 
1.0 7.19466475 
1.0 6.7323368 
1.0 6.4844241 
1.0 6.8439924 
1.0 6.89738245 
1.0 7.60564665 
1.0 7.04189815 
1.0 6.6276014 
2.0 8.03128515 
2.0 13.52035265 
2.0 8.1649127 
3.0 9.231271 
3.0 9.3274482 
3.0 13.54497025 
3.0 13.63765585 
3.0 18.58449285 
3.0 9.3891686 
3.0 27.15644575 
3.0 28.09016455 
3.0 14.96334385 
3.0 25.79955315 
3.0 23.34776885 
3.0 9.7988541 
3.0 31.86415855 
3.0 29.14303315 
3.0 25.5610789 
3.0 30.95815835 
3.0 21.4060028 
3.0 32.5204796 
3.0 26.5410257 
3.0 31.7095457 
3.0 32.878783 
3.0 29.504615 
4.0 18.8759389 
4.0 17.9097779 
4.0 9.0801165 
4.0 9.49494875 
4.0 27.42259275 
4.0 27.96140445 
4.0 28.6680912 
4.0 27.16815115 
4.0 15.8885314 
4.0 14.83142535 
4.0 25.7300281 
4.0 26.2079244 
4.0 22.75683095 
4.0 23.85161275 
4.0 10.4240367 
4.0 10.15556605 
4.0 32.23223325 
4.0 32.688453 
4.0 29.81933465 
4.0 29.3369391 
4.0 25.39130895 
4.0 25.55397425 
4.0 30.21387145 
4.0 31.69632515 
4.0 21.08329545 
4.0 21.53666655 
4.0 31.7836666 
4.0 32.6545891 
4.0 26.1652944 
4.0 27.3107121 
4.0 32.5682595 
4.0 31.45963205 
4.0 32.0745838 
4.0 32.7272981 
4.0 28.7675717 
4.0 29.01474975 
