# Position.Z vs. Particle Type (97 data points):
# "Particle Type" Position.Z
1.0 0.0 
1.0 0.0 
1.0 0.0 
1.0 0.0 
1.0 0.0 
1.0 0.0 
1.0 0.0 
1.0 0.0 
1.0 0.0 
1.0 2.2741768 
1.0 2.2741768 
1.0 2.2741768 
1.0 2.2741768 
1.0 2.2741768 
1.0 2.2741768 
1.0 2.2741768 
1.0 2.2741768 
1.0 2.2741768 
1.0 4.6678254 
1.0 4.3984927 
1.0 5.8717757 
1.0 4.4775584 
1.0 4.9404453 
1.0 4.42333745 
1.0 4.7007639 
1.0 4.24353965 
1.0 4.2621488 
1.0 6.97214455 
1.0 6.80274875 
1.0 6.71040545 
1.0 6.8765501 
1.0 7.99132705 
1.0 6.98675985 
1.0 8.26200305 
1.0 7.1248954 
1.0 6.81596685 
2.0 8.3019475 
2.0 13.53345245 
2.0 8.20378825 
3.0 9.4919685 
3.0 9.37570095 
3.0 12.43524135 
3.0 14.64049895 
3.0 10.3150383 
3.0 12.8646973 
3.0 31.81994795 
3.0 29.85071775 
3.0 17.8439653 
3.0 14.81381475 
3.0 20.21396125 
3.0 9.7815781 
3.0 28.11337095 
3.0 27.80621865 
3.0 17.7872989 
3.0 32.7816608 
3.0 20.3109942 
3.0 32.12704145 
3.0 27.029394 
3.0 31.1701789 
3.0 20.1778969 
3.0 29.7166646 
4.0 10.6500667 
4.0 10.45273635 
4.0 12.1632602 
4.0 13.58701645 
4.0 30.91916065 
4.0 32.2742112 
4.0 29.79343815 
4.0 30.8622083 
4.0 18.6807509 
4.0 17.76174085 
4.0 14.64789375 
4.0 15.499085 
4.0 20.70299385 
4.0 20.0512683 
4.0 9.69299695 
4.0 10.7961966 
4.0 28.50046955 
4.0 28.7784798 
4.0 27.6583349 
4.0 27.1904955 
4.0 17.9565897 
4.0 17.7065084 
4.0 32.2265426 
4.0 32.23265045 
4.0 19.71892055 
4.0 21.08282785 
4.0 32.88118645 
4.0 32.76392805 
4.0 26.748169 
4.0 27.23257495 
4.0 31.0417044 
4.0 30.76435215 
4.0 20.132028 
4.0 19.39198135 
4.0 28.8826447 
4.0 30.2245979 
