# Position.Z vs. Particle Type (97 data points):
# "Particle Type" Position.Z
1.0 0.0 
1.0 0.0 
1.0 0.0 
1.0 0.0 
1.0 0.0 
1.0 0.0 
1.0 0.0 
1.0 0.0 
1.0 0.0 
1.0 2.2741768 
1.0 2.2741768 
1.0 2.2741768 
1.0 2.2741768 
1.0 2.2741768 
1.0 2.2741768 
1.0 2.2741768 
1.0 2.2741768 
1.0 2.2741768 
1.0 4.23464405 
1.0 4.2149107 
1.0 4.0747714 
1.0 4.42212715 
1.0 4.0658205 
1.0 4.06198975 
1.0 4.45511115 
1.0 4.1748084 
1.0 4.4147635 
1.0 7.00002835 
1.0 6.8627447 
1.0 6.278048 
1.0 6.96439835 
1.0 6.25086385 
1.0 6.27418925 
1.0 6.2502216 
1.0 6.2620712 
1.0 6.28267815 
2.0 8.38526675 
2.0 10.77297025 
2.0 9.48998995 
3.0 9.58140015 
3.0 10.5425502 
3.0 9.77805885 
3.0 11.73069765 
3.0 9.78021765 
3.0 9.66668535 
3.0 9.5184544 
3.0 10.016111 
3.0 11.76768635 
3.0 11.68046425 
3.0 15.0893323 
3.0 14.0869687 
3.0 12.94449415 
3.0 14.4606504 
3.0 13.51953295 
3.0 13.50311235 
3.0 17.25363675 
3.0 18.3462643 
3.0 17.1142853 
3.0 18.17955755 
3.0 18.694844 
3.0 17.04093615 
4.0 9.22829775 
4.0 9.7324934 
4.0 10.34584355 
4.0 9.52498995 
4.0 9.97623585 
4.0 8.91459345 
4.0 9.9399104 
4.0 10.00983865 
4.0 12.35451175 
4.0 12.07989965 
4.0 12.40435385 
4.0 11.6473987 
4.0 15.71483375 
4.0 14.7947135 
4.0 13.7827046 
4.0 13.8943336 
4.0 13.37927885 
4.0 12.0043798 
4.0 15.27131655 
4.0 13.92028155 
4.0 13.3663383 
4.0 14.4906216 
4.0 13.29021015 
4.0 13.27362925 
4.0 17.7945971 
4.0 17.64576345 
4.0 18.27621705 
4.0 17.78385385 
4.0 16.9097026 
4.0 17.41019315 
4.0 18.8985125 
4.0 17.8924116 
4.0 19.52658575 
4.0 18.1460363 
4.0 17.31035075 
4.0 16.08880735 
