# Position.Z vs. Particle Type (97 data points):
# "Particle Type" Position.Z
1.0 0.0 
1.0 0.0 
1.0 0.0 
1.0 0.0 
1.0 0.0 
1.0 0.0 
1.0 0.0 
1.0 0.0 
1.0 0.0 
1.0 2.2741768 
1.0 2.2741768 
1.0 2.2741768 
1.0 2.2741768 
1.0 2.2741768 
1.0 2.2741768 
1.0 2.2741768 
1.0 2.2741768 
1.0 2.2741768 
1.0 4.26019055 
1.0 4.4025303 
1.0 4.7338844 
1.0 4.50126145 
1.0 4.527831 
1.0 4.1906193 
1.0 4.51507105 
1.0 4.74568605 
1.0 4.3666189 
1.0 6.48217395 
1.0 7.2202389 
1.0 6.8551336 
1.0 6.7397106 
1.0 6.74079315 
1.0 7.22045555 
1.0 7.83733895 
1.0 6.79126945 
1.0 7.00399875 
2.0 8.05632415 
2.0 11.5033464 
2.0 8.38612075 
3.0 9.19524375 
3.0 9.5842775 
3.0 12.54774255 
3.0 10.3801306 
3.0 11.01625035 
3.0 14.02444785 
3.0 28.967897 
3.0 27.70905235 
3.0 15.8360132 
3.0 10.39113775 
3.0 20.5185568 
3.0 13.46692655 
3.0 27.90665535 
3.0 27.4120014 
3.0 21.30575125 
3.0 32.2354907 
3.0 18.00081325 
3.0 32.0966632 
3.0 28.98139405 
3.0 31.51705445 
3.0 16.8531657 
3.0 31.65119195 
4.0 10.1985345 
4.0 10.91416375 
4.0 13.53710925 
4.0 13.47225355 
4.0 28.7777994 
4.0 28.1382507 
4.0 27.3131383 
4.0 28.62318445 
4.0 15.78807195 
4.0 15.5028587 
4.0 10.6679965 
4.0 11.1217526 
4.0 21.1742923 
4.0 20.56038705 
4.0 13.7574976 
4.0 14.1336202 
4.0 28.0014035 
4.0 28.20553435 
4.0 26.6777077 
4.0 27.9294064 
4.0 20.5826418 
4.0 20.8693821 
4.0 31.3367229 
4.0 32.44609235 
4.0 17.8767309 
4.0 17.06607525 
4.0 32.92540125 
4.0 32.14958775 
4.0 29.59412155 
4.0 29.3339074 
4.0 31.2011924 
4.0 30.80970865 
4.0 16.7367053 
4.0 17.5631316 
4.0 32.5386159 
4.0 31.70528655 
