# Position.Z vs. Particle Type (97 data points):
# "Particle Type" Position.Z
1.0 0.0 
1.0 0.0 
1.0 0.0 
1.0 0.0 
1.0 0.0 
1.0 0.0 
1.0 0.0 
1.0 0.0 
1.0 0.0 
1.0 2.2741768 
1.0 2.2741768 
1.0 2.2741768 
1.0 2.2741768 
1.0 2.2741768 
1.0 2.2741768 
1.0 2.2741768 
1.0 2.2741768 
1.0 2.2741768 
1.0 4.32180525 
1.0 4.2460012 
1.0 4.3626345 
1.0 4.33128395 
1.0 4.28841945 
1.0 5.1350131 
1.0 5.13518845 
1.0 4.2084931 
1.0 4.44111115 
1.0 6.7145015 
1.0 7.1878716 
1.0 7.4391478 
1.0 6.2665463 
1.0 7.581 
1.0 7.1483993 
1.0 6.4109157 
1.0 7.5283502 
1.0 6.80586865 
2.0 8.56626015 
2.0 12.3017615 
2.0 8.3041959 
3.0 9.7766683 
3.0 9.5067945 
3.0 12.4081321 
3.0 12.21644585 
3.0 16.75408315 
3.0 11.50984135 
3.0 32.63621865 
3.0 27.1011363 
3.0 15.49430225 
3.0 9.4531297 
3.0 16.1474726 
3.0 16.9886577 
3.0 30.8241437 
3.0 17.4614328 
3.0 21.8496544 
3.0 29.31133205 
3.0 22.9435367 
3.0 31.3890311 
3.0 32.1205276 
3.0 23.8735854 
3.0 18.85757125 
3.0 32.2940359 
4.0 16.84384485 
4.0 17.5216461 
4.0 10.60561635 
4.0 11.93816505 
4.0 32.46560065 
4.0 32.69755615 
4.0 26.1520791 
4.0 27.60786945 
4.0 14.7165935 
4.0 15.71554495 
4.0 9.70329535 
4.0 10.0772686 
4.0 16.55209115 
4.0 15.19641375 
4.0 16.764839 
4.0 16.19916935 
4.0 30.7926297 
4.0 31.36979685 
4.0 18.20812875 
4.0 16.82583385 
4.0 21.11590215 
4.0 22.52643505 
4.0 28.55772465 
4.0 29.18510105 
4.0 23.46443505 
4.0 21.9961637 
4.0 30.8869113 
4.0 30.6631878 
4.0 32.82200705 
4.0 31.9529336 
4.0 24.3389209 
4.0 23.5187274 
4.0 19.0048586 
4.0 18.0538001 
4.0 32.326756 
4.0 33.24911905 
