# Position.Z vs. Particle Type (97 data points):
# "Particle Type" Position.Z
1.0 0.0 
1.0 0.0 
1.0 0.0 
1.0 0.0 
1.0 0.0 
1.0 0.0 
1.0 0.0 
1.0 0.0 
1.0 0.0 
1.0 2.2741768 
1.0 2.2741768 
1.0 2.2741768 
1.0 2.2741768 
1.0 2.2741768 
1.0 2.2741768 
1.0 2.2741768 
1.0 2.2741768 
1.0 2.2741768 
1.0 4.42835225 
1.0 4.27338345 
1.0 5.1850596 
1.0 4.38541915 
1.0 4.24005855 
1.0 4.6953375 
1.0 4.37746505 
1.0 4.35703345 
1.0 4.87274095 
1.0 6.45815415 
1.0 7.33017915 
1.0 6.62485635 
1.0 6.6585785 
1.0 7.2346351 
1.0 6.63888575 
1.0 6.53101295 
1.0 7.15452605 
1.0 6.98643295 
2.0 8.18433315 
2.0 11.23407355 
2.0 8.16008585 
3.0 9.38725655 
3.0 9.28571945 
3.0 11.9019992 
3.0 10.75134025 
3.0 13.64794935 
3.0 13.02573335 
3.0 29.22905125 
3.0 27.4206975 
3.0 17.1822721 
3.0 9.4292667 
3.0 13.73028195 
3.0 11.8296381 
3.0 28.00810635 
3.0 15.7006542 
3.0 21.70950145 
3.0 30.9809409 
3.0 19.24088915 
3.0 32.1305831 
3.0 30.30765815 
3.0 28.5548844 
3.0 15.52912585 
3.0 31.7828966 
4.0 13.48541845 
4.0 13.23453775 
4.0 13.4178338 
4.0 13.2790154 
4.0 28.5542789 
4.0 29.8835831 
4.0 26.89827595 
4.0 27.9443962 
4.0 16.94256795 
4.0 17.84747195 
4.0 9.3435349 
4.0 9.4557344 
4.0 13.7232116 
4.0 14.45393705 
4.0 12.3201106 
4.0 10.92797825 
4.0 27.15080865 
4.0 28.7856527 
4.0 14.97397965 
4.0 15.12236215 
4.0 22.40239015 
4.0 21.7037065 
4.0 31.9104408 
4.0 30.9832089 
4.0 18.62745955 
4.0 19.00061905 
4.0 32.344739 
4.0 32.76306495 
4.0 29.39716115 
4.0 30.36495315 
4.0 28.4231024 
4.0 29.07979865 
4.0 15.2425287 
4.0 16.38747985 
4.0 31.49442275 
4.0 31.62708465 
