# Position.Z vs. Particle Type (97 data points):
# "Particle Type" Position.Z
1.0 0.0 
1.0 0.0 
1.0 0.0 
1.0 0.0 
1.0 0.0 
1.0 0.0 
1.0 0.0 
1.0 0.0 
1.0 0.0 
1.0 2.2741768 
1.0 2.2741768 
1.0 2.2741768 
1.0 2.2741768 
1.0 2.2741768 
1.0 2.2741768 
1.0 2.2741768 
1.0 2.2741768 
1.0 2.2741768 
1.0 5.44413485 
1.0 4.25603325 
1.0 4.80810925 
1.0 4.39973835 
1.0 4.271617 
1.0 4.36307935 
1.0 4.5406893 
1.0 4.5877902 
1.0 4.269678 
1.0 7.10126795 
1.0 7.1223145 
1.0 6.5604364 
1.0 6.6307857 
1.0 7.4082449 
1.0 7.6135556 
1.0 6.6162936 
1.0 6.93749385 
1.0 7.6446818 
2.0 8.3877199 
2.0 15.9233151 
2.0 8.14623635 
3.0 9.6043738 
3.0 9.28143055 
3.0 16.9741915 
3.0 14.85000265 
3.0 28.63840875 
3.0 31.17399845 
3.0 23.4030167 
3.0 18.29137415 
3.0 9.534854 
3.0 26.7060591 
3.0 12.6859943 
3.0 20.2368411 
3.0 32.4147852 
3.0 31.0013088 
3.0 21.1817781 
3.0 31.25999625 
3.0 24.18032785 
3.0 26.1107686 
3.0 25.2513149 
3.0 31.57196175 
3.0 32.1312579 
3.0 28.628614 
4.0 27.7694361 
4.0 28.6946149 
4.0 31.7614493 
4.0 31.790388 
4.0 23.0325662 
4.0 22.9218486 
4.0 18.61611395 
4.0 17.64756105 
4.0 9.78755645 
4.0 9.12377025 
4.0 27.3545601 
4.0 26.66819785 
4.0 12.0944894 
4.0 12.74374115 
4.0 20.31479625 
4.0 19.4981738 
4.0 31.7813335 
4.0 32.2146188 
4.0 30.12046415 
4.0 31.19621645 
4.0 20.6995817 
4.0 21.12002795 
4.0 31.1142888 
4.0 31.83110105 
4.0 24.64760865 
4.0 24.77789685 
4.0 26.60371875 
4.0 25.8623841 
4.0 25.11715115 
4.0 25.1604199 
4.0 31.02912435 
4.0 32.27469665 
4.0 32.79351705 
4.0 32.17115475 
4.0 28.65064055 
4.0 28.03713955 
