# Position.Z vs. Particle Type (97 data points):
# "Particle Type" Position.Z
1.0 0.0 
1.0 0.0 
1.0 0.0 
1.0 0.0 
1.0 0.0 
1.0 0.0 
1.0 0.0 
1.0 0.0 
1.0 0.0 
1.0 2.2741768 
1.0 2.2741768 
1.0 2.2741768 
1.0 2.2741768 
1.0 2.2741768 
1.0 2.2741768 
1.0 2.2741768 
1.0 2.2741768 
1.0 2.2741768 
1.0 5.5814087 
1.0 4.1781544 
1.0 4.72213525 
1.0 4.3623209 
1.0 4.39497065 
1.0 4.36392635 
1.0 4.6928343 
1.0 4.2641396 
1.0 4.3422848 
1.0 7.1474011 
1.0 6.5729881 
1.0 6.2705328 
1.0 6.5926574 
1.0 7.1964795 
1.0 7.4157356 
1.0 6.5821938 
1.0 7.4238178 
1.0 7.94860535 
2.0 8.39959435 
2.0 15.43904215 
2.0 8.27854055 
3.0 9.6567933 
3.0 9.4934749 
3.0 15.1903556 
3.0 15.8194274 
3.0 29.15844575 
3.0 32.04789595 
3.0 22.232707 
3.0 17.35032005 
3.0 9.8600271 
3.0 26.58890115 
3.0 11.1573686 
3.0 20.6865099 
3.0 31.3037298 
3.0 32.55473655 
3.0 18.26616505 
3.0 31.8362492 
3.0 23.2980762 
3.0 25.74011545 
3.0 26.81855015 
3.0 29.37702355 
3.0 32.41216825 
3.0 29.25536355 
4.0 29.6419298 
4.0 28.28713895 
4.0 32.06818895 
4.0 32.8862681 
4.0 22.8257603 
4.0 22.45305615 
4.0 17.62458775 
4.0 17.2569264 
4.0 10.5179347 
4.0 9.29420695 
4.0 27.5554167 
4.0 26.1616852 
4.0 10.5335566 
4.0 10.95555335 
4.0 19.85554515 
4.0 20.4890714 
4.0 32.1998691 
4.0 30.8089453 
4.0 31.7826957 
4.0 32.25269425 
4.0 18.24887855 
4.0 19.08471565 
4.0 31.0099916 
4.0 32.3779064 
4.0 22.5316854 
4.0 24.0258711 
4.0 26.56403785 
4.0 25.04417755 
4.0 26.09697055 
4.0 26.5798687 
4.0 29.0438092 
4.0 29.83548785 
4.0 32.6506894 
4.0 32.4502542 
4.0 28.90237315 
4.0 29.44975285 
