# Position.Z vs. Particle Type (97 data points):
# "Particle Type" Position.Z
1.0 0.0 
1.0 0.0 
1.0 0.0 
1.0 0.0 
1.0 0.0 
1.0 0.0 
1.0 0.0 
1.0 0.0 
1.0 0.0 
1.0 2.2741768 
1.0 2.2741768 
1.0 2.2741768 
1.0 2.2741768 
1.0 2.2741768 
1.0 2.2741768 
1.0 2.2741768 
1.0 2.2741768 
1.0 2.2741768 
1.0 4.4197216 
1.0 4.27875805 
1.0 5.2739477 
1.0 4.9096292 
1.0 4.33508915 
1.0 4.2686693 
1.0 4.46400605 
1.0 5.10390475 
1.0 4.21576995 
1.0 6.8282284 
1.0 7.41363315 
1.0 6.4096655 
1.0 6.78557005 
1.0 7.0349181 
1.0 7.5113668 
1.0 7.73112165 
1.0 7.4808888 
1.0 6.6030447 
2.0 8.50562055 
2.0 12.4492697 
2.0 8.89136395 
3.0 9.703351 
3.0 9.99157005 
3.0 13.25608515 
3.0 11.72636885 
3.0 9.8882175 
3.0 13.1234019 
3.0 31.8810212 
3.0 27.8840604 
3.0 17.1000508 
3.0 15.8229799 
3.0 24.92248185 
3.0 9.61211755 
3.0 29.2221272 
3.0 26.98767995 
3.0 19.4320812 
3.0 32.32753615 
3.0 16.2934051 
3.0 32.57294145 
3.0 27.6752413 
3.0 31.6167047 
3.0 17.0916781 
3.0 30.53493835 
4.0 10.00382705 
4.0 10.5700028 
4.0 12.5718593 
4.0 14.05829495 
4.0 32.7873714 
4.0 32.1039159 
4.0 27.24490405 
4.0 27.27724265 
4.0 17.63677405 
4.0 16.9624056 
4.0 15.1183928 
4.0 16.33345875 
4.0 24.32847445 
4.0 25.32504695 
4.0 9.01233305 
4.0 9.88005445 
4.0 28.7465913 
4.0 29.91670465 
4.0 27.27790065 
4.0 27.20917605 
4.0 18.92195725 
4.0 20.3116256 
4.0 31.9048457 
4.0 31.9995235 
4.0 15.3978587 
4.0 16.52820365 
4.0 32.2533484 
4.0 32.6975446 
4.0 28.35102305 
4.0 28.14979825 
4.0 31.3367019 
4.0 32.62084875 
4.0 17.57508515 
4.0 16.49025595 
4.0 29.60992475 
4.0 30.9748523 
