# Position.Z vs. Particle Type (97 data points):
# "Particle Type" Position.Z
1.0 0.0 
1.0 0.0 
1.0 0.0 
1.0 0.0 
1.0 0.0 
1.0 0.0 
1.0 0.0 
1.0 0.0 
1.0 0.0 
1.0 2.2741768 
1.0 2.2741768 
1.0 2.2741768 
1.0 2.2741768 
1.0 2.2741768 
1.0 2.2741768 
1.0 2.2741768 
1.0 2.2741768 
1.0 2.2741768 
1.0 5.18356125 
1.0 4.216618 
1.0 4.35921395 
1.0 4.82061125 
1.0 4.462472 
1.0 4.37196095 
1.0 4.33660675 
1.0 4.5206896 
1.0 4.63952895 
1.0 6.5690975 
1.0 7.1577639 
1.0 6.8316367 
1.0 6.87375745 
1.0 6.31817515 
1.0 7.34137075 
1.0 6.6125535 
1.0 7.5225318 
1.0 7.59817205 
2.0 8.71307605 
2.0 11.5314059 
2.0 8.16394075 
3.0 9.87498155 
3.0 9.29815635 
3.0 12.01651535 
3.0 10.8686851 
3.0 18.6603165 
3.0 26.3472671 
3.0 18.297475 
3.0 12.6756693 
3.0 10.05465335 
3.0 30.8229957 
3.0 21.7857829 
3.0 24.66568335 
3.0 25.756647 
3.0 31.7860193 
3.0 15.1696377 
3.0 25.0077562 
3.0 32.6524618 
3.0 23.7217561 
3.0 27.31574195 
3.0 26.5312089 
3.0 31.56616575 
3.0 16.5951765 
4.0 19.4414808 
4.0 18.9280553 
4.0 26.312076 
4.0 27.18882145 
4.0 17.5872886 
4.0 18.3176777 
4.0 12.12563485 
4.0 12.1048144 
4.0 10.75421725 
4.0 10.3967486 
4.0 31.5522256 
4.0 30.1333445 
4.0 21.0877947 
4.0 21.50296155 
4.0 23.92865055 
4.0 24.3279449 
4.0 25.34382865 
4.0 25.26789965 
4.0 31.91123425 
4.0 32.0556152 
4.0 14.45496605 
4.0 15.47604485 
4.0 25.9653982 
4.0 25.03815685 
4.0 32.582158 
4.0 32.30401755 
4.0 24.5278187 
4.0 23.9097159 
4.0 27.8628238 
4.0 26.7034726 
4.0 26.42738175 
4.0 25.9807205 
4.0 31.3476618 
4.0 32.51892175 
4.0 16.9365112 
4.0 17.05246375 
