# Position.Z vs. Particle Type (97 data points):
# "Particle Type" Position.Z
1.0 0.0 
1.0 0.0 
1.0 0.0 
1.0 0.0 
1.0 0.0 
1.0 0.0 
1.0 0.0 
1.0 0.0 
1.0 0.0 
1.0 2.2741768 
1.0 2.2741768 
1.0 2.2741768 
1.0 2.2741768 
1.0 2.2741768 
1.0 2.2741768 
1.0 2.2741768 
1.0 2.2741768 
1.0 2.2741768 
1.0 5.4202442 
1.0 4.3769719 
1.0 4.45878265 
1.0 4.5016748 
1.0 4.3067556 
1.0 4.40623925 
1.0 4.29045085 
1.0 4.75805155 
1.0 4.6446953 
1.0 7.03278835 
1.0 6.6382778 
1.0 6.17819825 
1.0 7.0933128 
1.0 6.85164165 
1.0 8.31253675 
1.0 6.6935561 
1.0 7.22650845 
1.0 7.5647544 
2.0 8.9544826 
2.0 11.96851915 
2.0 7.92195985 
3.0 9.98987815 
3.0 9.1390327 
3.0 12.4873427 
3.0 11.3840713 
3.0 17.80058 
3.0 26.85638305 
3.0 16.1072611 
3.0 10.29093205 
3.0 8.882321 
3.0 26.3983734 
3.0 19.1753891 
3.0 24.3635196 
3.0 27.99022905 
3.0 32.43799685 
3.0 13.1912326 
3.0 21.66523975 
3.0 30.28801685 
3.0 21.69772605 
3.0 24.12778025 
3.0 30.1228186 
3.0 31.6494822 
3.0 16.6296389 
4.0 18.56548855 
4.0 17.09449035 
4.0 26.23201 
4.0 27.73243235 
4.0 16.5739882 
4.0 15.7183446 
4.0 9.5129461 
4.0 10.41463185 
4.0 9.67560405 
4.0 9.1342069 
4.0 26.87262305 
4.0 25.9757274 
4.0 18.31419555 
4.0 18.9382144 
4.0 24.2355743 
4.0 24.50309785 
4.0 27.08863885 
4.0 28.1131025 
4.0 32.44833375 
4.0 31.6461999 
4.0 13.1363694 
4.0 13.7480385 
4.0 21.0519078 
4.0 22.29937955 
4.0 29.6284499 
4.0 30.9969954 
4.0 22.25826015 
4.0 21.9386356 
4.0 23.84639635 
4.0 25.0551665 
4.0 29.5021657 
4.0 29.83887865 
4.0 31.1143168 
4.0 32.5197943 
4.0 16.12420565 
4.0 17.3879314 
