# Position.Z vs. Particle Type (97 data points):
# "Particle Type" Position.Z
1.0 0.0 
1.0 0.0 
1.0 0.0 
1.0 0.0 
1.0 0.0 
1.0 0.0 
1.0 0.0 
1.0 0.0 
1.0 0.0 
1.0 2.2741768 
1.0 2.2741768 
1.0 2.2741768 
1.0 2.2741768 
1.0 2.2741768 
1.0 2.2741768 
1.0 2.2741768 
1.0 2.2741768 
1.0 2.2741768 
1.0 5.38955865 
1.0 4.45609745 
1.0 4.5332847 
1.0 4.6434507 
1.0 4.3870456 
1.0 4.3475313 
1.0 4.16113635 
1.0 4.4205854 
1.0 4.29611245 
1.0 6.69939445 
1.0 6.56651905 
1.0 6.4818124 
1.0 6.62747015 
1.0 6.54705975 
1.0 7.64498525 
1.0 6.65433895 
1.0 7.2898245 
1.0 7.3675182 
2.0 8.4999138 
2.0 11.8402543 
2.0 8.0944178 
3.0 9.7326418 
3.0 9.31373485 
3.0 12.51955985 
3.0 11.2167888 
3.0 18.2738304 
3.0 26.70372985 
3.0 16.6141612 
3.0 10.18166835 
3.0 10.1802855 
3.0 28.2408693 
3.0 20.01364085 
3.0 23.7717557 
3.0 27.55607645 
3.0 32.12113555 
3.0 12.9336473 
3.0 22.7378795 
3.0 30.8320201 
3.0 22.6195291 
3.0 24.9259598 
3.0 28.6408535 
3.0 32.3636397 
3.0 16.61992675 
4.0 19.25226555 
4.0 17.90190115 
4.0 27.08740195 
4.0 26.4900314 
4.0 16.68441145 
4.0 15.66853855 
4.0 9.7777435 
4.0 10.2208981 
4.0 9.9431997 
4.0 11.12141205 
4.0 28.6268283 
4.0 27.5377319 
4.0 19.9653818 
4.0 20.0936904 
4.0 23.7425111 
4.0 24.35285545 
4.0 27.39661925 
4.0 27.08712825 
4.0 32.0748715 
4.0 31.61869025 
4.0 12.80694415 
4.0 13.1102552 
4.0 21.86725975 
4.0 22.6945859 
4.0 31.23433565 
4.0 31.44336195 
4.0 22.0734066 
4.0 22.1677274 
4.0 24.64683795 
4.0 24.1398668 
4.0 29.1959899 
4.0 29.2011846 
4.0 31.6559117 
4.0 32.79205545 
4.0 16.95166025 
4.0 17.2106032 
