# Position.Z vs. Particle Type (97 data points):
# "Particle Type" Position.Z
1.0 0.0 
1.0 0.0 
1.0 0.0 
1.0 0.0 
1.0 0.0 
1.0 0.0 
1.0 0.0 
1.0 0.0 
1.0 0.0 
1.0 2.2741768 
1.0 2.2741768 
1.0 2.2741768 
1.0 2.2741768 
1.0 2.2741768 
1.0 2.2741768 
1.0 2.2741768 
1.0 2.2741768 
1.0 2.2741768 
1.0 4.44248525 
1.0 4.54505205 
1.0 4.3896825 
1.0 4.29222045 
1.0 4.3919064 
1.0 4.6910157 
1.0 4.1786318 
1.0 4.2597016 
1.0 5.18302575 
1.0 7.42078015 
1.0 7.64005795 
1.0 6.49669265 
1.0 6.8466314 
1.0 7.8835435 
1.0 6.3454272 
1.0 6.5392019 
1.0 6.86409955 
1.0 7.01601985 
2.0 8.1669371 
2.0 17.7691731 
2.0 8.63328375 
3.0 9.33208535 
3.0 9.71401655 
3.0 16.73931105 
3.0 18.70382745 
3.0 9.7726797 
3.0 18.57437505 
3.0 9.19499455 
3.0 12.47349635 
3.0 22.18273015 
3.0 28.5441653 
3.0 19.78335415 
3.0 21.5066824 
3.0 13.5276652 
3.0 23.2692509 
3.0 23.029405 
3.0 32.4754199 
3.0 27.93375165 
3.0 27.14031075 
3.0 32.0376448 
3.0 30.751749 
3.0 32.39537525 
3.0 29.3609862 
4.0 8.7827446 
4.0 9.903831 
4.0 19.4857467 
4.0 18.77551725 
4.0 9.9585255 
4.0 9.43809965 
4.0 13.1982858 
4.0 11.72888605 
4.0 23.0576997 
4.0 22.06222235 
4.0 28.7617015 
4.0 29.2838049 
4.0 20.5157407 
4.0 20.24387435 
4.0 20.91585195 
4.0 20.9616169 
4.0 13.835108 
4.0 12.6205065 
4.0 23.3760884 
4.0 24.1543687 
4.0 22.3085093 
4.0 22.54044765 
4.0 32.0741106 
4.0 32.92637565 
4.0 27.63337675 
4.0 27.23585515 
4.0 27.37054495 
4.0 27.27463095 
4.0 32.33460895 
4.0 32.74473265 
4.0 30.65874035 
4.0 31.47312525 
4.0 32.21906625 
4.0 33.0600452 
4.0 29.55535555 
4.0 28.8861125 
