# Position.Z vs. Particle Type (97 data points):
# "Particle Type" Position.Z
1.0 0.0 
1.0 0.0 
1.0 0.0 
1.0 0.0 
1.0 0.0 
1.0 0.0 
1.0 0.0 
1.0 0.0 
1.0 0.0 
1.0 2.2741768 
1.0 2.2741768 
1.0 2.2741768 
1.0 2.2741768 
1.0 2.2741768 
1.0 2.2741768 
1.0 2.2741768 
1.0 2.2741768 
1.0 2.2741768 
1.0 4.4148748 
1.0 4.45026225 
1.0 4.25177445 
1.0 4.2137893 
1.0 4.7982452 
1.0 4.540137 
1.0 4.3720642 
1.0 4.61220305 
1.0 5.230792 
1.0 6.96730685 
1.0 6.94417115 
1.0 6.517392 
1.0 7.13220445 
1.0 7.872011 
1.0 6.8307316 
1.0 6.5918832 
1.0 6.60948435 
1.0 6.788691 
2.0 7.9740885 
2.0 17.9787685 
2.0 8.25894545 
3.0 9.1329224 
3.0 9.43783715 
3.0 16.97982335 
3.0 19.02586455 
3.0 9.63482065 
3.0 18.1166965 
3.0 10.10485665 
3.0 12.82821155 
3.0 20.9871823 
3.0 29.3267884 
3.0 20.4228647 
3.0 21.7524216 
3.0 12.3637969 
3.0 24.93352995 
3.0 23.42210045 
3.0 32.794055 
3.0 28.003885 
3.0 26.9921575 
3.0 31.31370585 
3.0 31.49828255 
3.0 31.6789459 
3.0 28.6587091 
4.0 10.42395165 
4.0 9.63997545 
4.0 18.822524 
4.0 17.26473175 
4.0 10.83173665 
4.0 10.256505 
4.0 13.60061605 
4.0 12.7944782 
4.0 20.49752705 
4.0 20.6058419 
4.0 30.2641164 
4.0 29.33285845 
4.0 21.1479401 
4.0 20.13036795 
4.0 22.5972446 
4.0 21.6413372 
4.0 11.38507965 
4.0 12.7099 
4.0 25.79894205 
4.0 25.1385897 
4.0 24.0535631 
4.0 22.601901 
4.0 32.6151665 
4.0 32.8004957 
4.0 28.8231902 
4.0 27.36599285 
4.0 26.265708 
4.0 26.86412785 
4.0 30.8635474 
4.0 32.2097825 
4.0 31.26412555 
4.0 30.6112422 
4.0 31.5756882 
4.0 32.210549 
4.0 28.64942815 
4.0 27.79874755 
