# Position.Z vs. Particle Type (97 data points):
# "Particle Type" Position.Z
1.0 0.0 
1.0 0.0 
1.0 0.0 
1.0 0.0 
1.0 0.0 
1.0 0.0 
1.0 0.0 
1.0 0.0 
1.0 0.0 
1.0 2.2741768 
1.0 2.2741768 
1.0 2.2741768 
1.0 2.2741768 
1.0 2.2741768 
1.0 2.2741768 
1.0 2.2741768 
1.0 2.2741768 
1.0 2.2741768 
1.0 5.41441635 
1.0 4.25325635 
1.0 4.4547755 
1.0 4.73736795 
1.0 4.1709381 
1.0 4.23640595 
1.0 4.4623579 
1.0 4.41898065 
1.0 4.7050843 
1.0 6.4953504 
1.0 6.99455295 
1.0 6.59565585 
1.0 6.86762125 
1.0 6.50397195 
1.0 7.60987815 
1.0 6.32218405 
1.0 7.164598 
1.0 7.3789576 
2.0 8.56523605 
2.0 11.5841698 
2.0 7.97493515 
3.0 9.77097415 
3.0 9.06362205 
3.0 12.41484895 
3.0 10.6655479 
3.0 17.9985799 
3.0 27.0133983 
3.0 18.6459217 
3.0 13.23197715 
3.0 10.29104685 
3.0 32.08260405 
3.0 21.1214213 
3.0 25.24727485 
3.0 24.8060218 
3.0 32.0895253 
3.0 16.2332205 
3.0 25.4366098 
3.0 32.5447262 
3.0 24.05279975 
3.0 29.2106577 
3.0 26.49360035 
3.0 32.20365015 
3.0 16.45632975 
4.0 18.0160316 
4.0 17.5187145 
4.0 27.89906315 
4.0 26.3360181 
4.0 19.1985388 
4.0 19.2080203 
4.0 12.56531955 
4.0 13.39873885 
4.0 11.10620735 
4.0 10.43626815 
4.0 33.02915 
4.0 31.8605504 
4.0 21.3035123 
4.0 20.7459798 
4.0 25.34882735 
4.0 26.19674085 
4.0 23.9209726 
4.0 24.7046303 
4.0 31.72042755 
4.0 31.4884633 
4.0 15.70494835 
4.0 17.0066337 
4.0 26.067062 
4.0 25.962076 
4.0 32.26839245 
4.0 32.84763545 
4.0 23.30457745 
4.0 23.8338219 
4.0 29.0608472 
4.0 29.02975985 
4.0 26.32106995 
4.0 25.64687265 
4.0 32.0633579 
4.0 32.97062125 
4.0 15.6520308 
4.0 16.05069025 
