# Position.Z vs. Particle Type (97 data points):
# "Particle Type" Position.Z
1.0 0.0 
1.0 0.0 
1.0 0.0 
1.0 0.0 
1.0 0.0 
1.0 0.0 
1.0 0.0 
1.0 0.0 
1.0 0.0 
1.0 2.2741768 
1.0 2.2741768 
1.0 2.2741768 
1.0 2.2741768 
1.0 2.2741768 
1.0 2.2741768 
1.0 2.2741768 
1.0 2.2741768 
1.0 2.2741768 
1.0 5.4488392 
1.0 4.4140005 
1.0 4.6576586 
1.0 4.21579655 
1.0 4.4845703 
1.0 4.3903265 
1.0 4.7912347 
1.0 4.88867225 
1.0 4.477053 
1.0 7.36446655 
1.0 6.6104066 
1.0 6.2360081 
1.0 6.89699535 
1.0 6.9181511 
1.0 7.30314305 
1.0 6.6587318 
1.0 6.90113025 
1.0 7.63849555 
2.0 8.37767735 
2.0 15.5317904 
2.0 8.05895755 
3.0 9.53031135 
3.0 9.2656403 
3.0 15.5483853 
3.0 15.6105642 
3.0 28.77860055 
3.0 32.00374765 
3.0 22.89762685 
3.0 16.8743624 
3.0 9.58042995 
3.0 27.23436205 
3.0 12.57695355 
3.0 20.3306376 
3.0 32.07036805 
3.0 31.71546735 
3.0 19.23772375 
3.0 32.2581406 
3.0 23.39685005 
3.0 25.77726725 
3.0 26.19935325 
3.0 31.6638714 
3.0 32.70086715 
3.0 29.7714886 
4.0 29.4221914 
4.0 28.58113685 
4.0 32.2352492 
4.0 32.86015285 
4.0 23.6233214 
4.0 22.9622162 
4.0 17.3591306 
4.0 17.5497308 
4.0 9.9433264 
4.0 9.22288325 
4.0 27.047216 
4.0 26.55839305 
4.0 12.54339415 
4.0 11.6556321 
4.0 19.37288325 
4.0 20.51624155 
4.0 31.14328245 
4.0 32.2343126 
4.0 32.6158259 
4.0 31.7965809 
4.0 19.37005735 
4.0 19.490506 
4.0 32.92886415 
4.0 32.4989924 
4.0 23.8935277 
4.0 23.10309295 
4.0 26.3377121 
4.0 25.07115835 
4.0 27.0060063 
4.0 25.9186984 
4.0 31.67017 
4.0 30.7761923 
4.0 32.34040215 
4.0 32.61418895 
4.0 29.1588584 
4.0 29.62286985 
