# Position.Z vs. Particle Type (97 data points):
# "Particle Type" Position.Z
1.0 0.0 
1.0 0.0 
1.0 0.0 
1.0 0.0 
1.0 0.0 
1.0 0.0 
1.0 0.0 
1.0 0.0 
1.0 0.0 
1.0 2.2741768 
1.0 2.2741768 
1.0 2.2741768 
1.0 2.2741768 
1.0 2.2741768 
1.0 2.2741768 
1.0 2.2741768 
1.0 2.2741768 
1.0 2.2741768 
1.0 4.28967525 
1.0 4.2217161 
1.0 4.81845595 
1.0 4.44117905 
1.0 4.49294685 
1.0 4.4605456 
1.0 4.23897355 
1.0 4.53620265 
1.0 4.8846539 
1.0 7.2356956 
1.0 7.4589179 
1.0 6.6680306 
1.0 6.3367269 
1.0 7.2697317 
1.0 7.3265458 
1.0 6.36443535 
1.0 7.33953115 
1.0 6.9200754 
2.0 8.3321448 
2.0 14.47549495 
2.0 8.5305136 
3.0 9.4654525 
3.0 9.6186006 
3.0 13.99921495 
3.0 14.88323375 
3.0 12.80222335 
3.0 12.9287935 
3.0 9.5217346 
3.0 10.4087718 
3.0 22.5191638 
3.0 25.68220725 
3.0 23.34997455 
3.0 22.87756555 
3.0 22.4536165 
3.0 26.08111485 
3.0 15.50559815 
3.0 27.0947117 
3.0 25.18946675 
3.0 28.1215354 
3.0 29.77530605 
3.0 29.69475985 
3.0 32.8380927 
3.0 29.3042456 
4.0 13.2734595 
4.0 12.8146186 
4.0 12.68635515 
4.0 12.1139347 
4.0 10.09699075 
4.0 9.15535845 
4.0 10.5323176 
4.0 9.58129795 
4.0 21.623434 
4.0 22.42550555 
4.0 26.3633559 
4.0 25.2048937 
4.0 23.15122285 
4.0 24.28848275 
4.0 22.35974405 
4.0 23.78421325 
4.0 22.5424556 
4.0 22.6204601 
4.0 25.7407409 
4.0 25.9222719 
4.0 14.62839945 
4.0 16.0516055 
4.0 26.9335815 
4.0 27.82101035 
4.0 24.37649725 
4.0 25.0069344 
4.0 27.37273525 
4.0 28.78714965 
4.0 28.8149295 
4.0 29.7628023 
4.0 29.7997672 
4.0 29.83738765 
4.0 32.45532815 
4.0 32.7393479 
4.0 28.73715565 
4.0 29.76619485 
