# Position.Z vs. Particle Type (97 data points):
# "Particle Type" Position.Z
1.0 0.0 
1.0 0.0 
1.0 0.0 
1.0 0.0 
1.0 0.0 
1.0 0.0 
1.0 0.0 
1.0 0.0 
1.0 0.0 
1.0 2.2741768 
1.0 2.2741768 
1.0 2.2741768 
1.0 2.2741768 
1.0 2.2741768 
1.0 2.2741768 
1.0 2.2741768 
1.0 2.2741768 
1.0 2.2741768 
1.0 4.4691304 
1.0 4.47929895 
1.0 5.49795505 
1.0 4.5299282 
1.0 4.3632442 
1.0 4.5514735 
1.0 4.4708279 
1.0 4.5560655 
1.0 4.31786495 
1.0 6.7898509 
1.0 7.0185108 
1.0 6.42425735 
1.0 6.6909731 
1.0 7.4961068 
1.0 7.09237235 
1.0 7.686595 
1.0 6.6375022 
1.0 6.68464195 
2.0 8.16871685 
2.0 12.5951301 
2.0 8.0784949 
3.0 9.30230945 
3.0 9.21421585 
3.0 13.3934031 
3.0 11.84276415 
3.0 9.95755985 
3.0 12.88026845 
3.0 32.2444787 
3.0 28.6432937 
3.0 17.5543774 
3.0 15.34130745 
3.0 23.95420055 
3.0 10.5492338 
3.0 29.15973935 
3.0 27.3974001 
3.0 19.09673675 
3.0 32.64774135 
3.0 18.48512855 
3.0 31.8293955 
3.0 28.72116415 
3.0 32.02896655 
3.0 16.69461045 
3.0 30.7179579 
4.0 9.82825935 
4.0 10.54893 
4.0 12.1701895 
4.0 13.10415995 
4.0 31.8054338 
4.0 32.7324949 
4.0 28.9246342 
4.0 28.1265145 
4.0 16.9112762 
4.0 18.36825795 
4.0 16.1489986 
4.0 15.1117085 
4.0 24.82296565 
4.0 24.1181388 
4.0 9.58109565 
4.0 11.14952335 
4.0 29.7627141 
4.0 28.70873495 
4.0 26.82095185 
4.0 28.27088425 
4.0 18.4876881 
4.0 18.7027218 
4.0 32.49644685 
4.0 32.16445435 
4.0 17.8007333 
4.0 18.87404295 
4.0 31.4482994 
4.0 32.6285288 
4.0 28.1014468 
4.0 28.960288 
4.0 32.6568529 
4.0 32.0920397 
4.0 15.7076976 
4.0 16.978199 
4.0 29.93890865 
4.0 30.53774885 
