# Position.Z vs. Particle Type (97 data points):
# "Particle Type" Position.Z
1.0 0.0 
1.0 0.0 
1.0 0.0 
1.0 0.0 
1.0 0.0 
1.0 0.0 
1.0 0.0 
1.0 0.0 
1.0 0.0 
1.0 2.2741768 
1.0 2.2741768 
1.0 2.2741768 
1.0 2.2741768 
1.0 2.2741768 
1.0 2.2741768 
1.0 2.2741768 
1.0 2.2741768 
1.0 2.2741768 
1.0 4.2828863 
1.0 4.32988045 
1.0 4.3700104 
1.0 4.1673079 
1.0 4.3314509 
1.0 4.34080815 
1.0 5.1659405 
1.0 5.03501565 
1.0 4.6155802 
1.0 7.5244778 
1.0 7.1691627 
1.0 8.08817905 
1.0 6.79148715 
1.0 6.8298951 
1.0 6.86247485 
1.0 6.78256005 
1.0 6.78112015 
1.0 6.8861387 
2.0 8.26481145 
2.0 12.90983925 
2.0 8.06577835 
3.0 9.35993485 
3.0 9.3327941 
3.0 12.33970465 
3.0 13.41078025 
3.0 12.1142861 
3.0 11.64201675 
3.0 9.74371055 
3.0 9.84299575 
3.0 15.20746115 
3.0 17.3052488 
3.0 17.500588 
3.0 15.7690596 
3.0 14.4947264 
3.0 19.58658275 
3.0 14.641774 
3.0 18.0136453 
3.0 20.51437045 
3.0 23.2360184 
3.0 22.65728885 
3.0 23.23159265 
3.0 22.40651 
3.0 20.07061665 
4.0 11.71651425 
4.0 11.4021467 
4.0 12.4604018 
4.0 11.86078775 
4.0 9.31644105 
4.0 10.1550148 
4.0 9.51940465 
4.0 10.69718685 
4.0 14.89735765 
4.0 16.0884668 
4.0 16.8312935 
4.0 16.9371769 
4.0 18.255104 
4.0 17.8569762 
4.0 15.17288465 
4.0 16.6713771 
4.0 15.22942365 
4.0 14.53285015 
4.0 20.30617575 
4.0 19.58177235 
4.0 13.7922169 
4.0 15.0463992 
4.0 17.37296995 
4.0 17.53386915 
4.0 20.2290823 
4.0 19.95557095 
4.0 23.4634337 
4.0 22.91021425 
4.0 22.98356865 
4.0 22.78804255 
4.0 23.9717758 
4.0 22.52655545 
4.0 21.69931365 
4.0 23.01360285 
4.0 19.8883923 
4.0 19.2727122 
