# Position.Z vs. Particle Type (97 data points):
# "Particle Type" Position.Z
1.0 0.0 
1.0 0.0 
1.0 0.0 
1.0 0.0 
1.0 0.0 
1.0 0.0 
1.0 0.0 
1.0 0.0 
1.0 0.0 
1.0 2.2741768 
1.0 2.2741768 
1.0 2.2741768 
1.0 2.2741768 
1.0 2.2741768 
1.0 2.2741768 
1.0 2.2741768 
1.0 2.2741768 
1.0 2.2741768 
1.0 4.2854721 
1.0 4.37364025 
1.0 4.3011927 
1.0 4.29757055 
1.0 4.35230845 
1.0 4.96808865 
1.0 4.90178605 
1.0 4.31018665 
1.0 4.67795965 
1.0 6.54120425 
1.0 7.04528895 
1.0 7.1807036 
1.0 6.4398887 
1.0 7.25097905 
1.0 6.745914 
1.0 6.4323567 
1.0 7.8027432 
1.0 6.34643275 
2.0 8.45659255 
2.0 10.9653222 
2.0 7.9789584 
3.0 9.56964995 
3.0 8.9941957 
3.0 11.7743311 
3.0 10.13029535 
3.0 15.84702595 
3.0 12.12147125 
3.0 30.5758677 
3.0 27.60770215 
3.0 15.36857245 
3.0 9.3331098 
3.0 15.46528585 
3.0 13.4200402 
3.0 29.07130975 
3.0 18.0906761 
3.0 19.86234495 
3.0 30.32822765 
3.0 20.6651074 
3.0 31.78973385 
3.0 32.27539105 
3.0 25.21906905 
3.0 18.5158932 
3.0 32.4786812 
4.0 16.4539585 
4.0 15.5543969 
4.0 11.6817869 
4.0 12.69848265 
4.0 30.19115295 
4.0 31.1798774 
4.0 26.8537962 
4.0 27.6417785 
4.0 15.0249946 
4.0 15.00287145 
4.0 9.8184625 
4.0 9.8242529 
4.0 14.87901975 
4.0 16.33904055 
4.0 14.09028565 
4.0 13.4474011 
4.0 28.3913644 
4.0 29.6128441 
4.0 17.2804667 
4.0 18.3239224 
4.0 20.2708317 
4.0 19.1224516 
4.0 30.73800415 
4.0 29.9898396 
4.0 20.13754155 
4.0 20.72781655 
4.0 32.28047095 
4.0 32.31726015 
4.0 32.5266662 
4.0 32.12522565 
4.0 24.25744125 
4.0 25.3187998 
4.0 19.47429505 
4.0 18.0290859 
4.0 31.75600925 
4.0 32.45839975 
