# Position.Z vs. Particle Type (97 data points):
# "Particle Type" Position.Z
1.0 0.0 
1.0 0.0 
1.0 0.0 
1.0 0.0 
1.0 0.0 
1.0 0.0 
1.0 0.0 
1.0 0.0 
1.0 0.0 
1.0 2.2741768 
1.0 2.2741768 
1.0 2.2741768 
1.0 2.2741768 
1.0 2.2741768 
1.0 2.2741768 
1.0 2.2741768 
1.0 2.2741768 
1.0 2.2741768 
1.0 4.2631848 
1.0 5.29679115 
1.0 4.52239585 
1.0 4.4980775 
1.0 4.4060737 
1.0 4.35578115 
1.0 4.5094609 
1.0 4.2742518 
1.0 4.2668619 
1.0 6.68648855 
1.0 7.14276045 
1.0 6.58963585 
1.0 6.5398179 
1.0 6.86648305 
1.0 7.36501325 
1.0 7.79494065 
1.0 6.9249348 
1.0 6.6499034 
2.0 8.05785155 
2.0 15.59902715 
2.0 8.02342905 
3.0 9.20182165 
3.0 9.2197602 
3.0 15.1469612 
3.0 15.9063688 
3.0 18.40041315 
3.0 11.04830685 
3.0 26.232017 
3.0 27.33321325 
3.0 15.25036135 
3.0 25.05518295 
3.0 25.68812155 
3.0 9.8110922 
3.0 32.11259065 
3.0 32.2462707 
3.0 23.5900518 
3.0 29.97499575 
3.0 18.7256741 
3.0 32.39644135 
3.0 27.5835126 
3.0 31.3867113 
3.0 32.09460975 
3.0 29.6354016 
4.0 18.25869885 
4.0 18.7248894 
4.0 11.7744396 
4.0 10.5862071 
4.0 25.89617275 
4.0 25.8020406 
4.0 28.28937825 
4.0 27.18482655 
4.0 14.3432051 
4.0 15.29732925 
4.0 24.62783435 
4.0 25.54940535 
4.0 26.45227935 
4.0 24.92777665 
4.0 9.97902885 
4.0 9.4648995 
4.0 32.12829165 
4.0 33.094544 
4.0 32.65089485 
4.0 31.3908259 
4.0 22.90410535 
4.0 24.4474468 
4.0 29.64241385 
4.0 29.20422155 
4.0 18.73017895 
4.0 18.0226459 
4.0 32.78675995 
4.0 31.9163705 
4.0 27.4712676 
4.0 26.7623664 
4.0 30.8594188 
4.0 32.10054575 
4.0 31.51314075 
4.0 32.02785845 
4.0 29.17480965 
4.0 30.4883243 
