# Position.Z vs. Particle Type (97 data points):
# "Particle Type" Position.Z
1.0 0.0 
1.0 0.0 
1.0 0.0 
1.0 0.0 
1.0 0.0 
1.0 0.0 
1.0 0.0 
1.0 0.0 
1.0 0.0 
1.0 2.2741768 
1.0 2.2741768 
1.0 2.2741768 
1.0 2.2741768 
1.0 2.2741768 
1.0 2.2741768 
1.0 2.2741768 
1.0 2.2741768 
1.0 2.2741768 
1.0 4.61851145 
1.0 4.25548095 
1.0 4.30659075 
1.0 4.43898525 
1.0 4.5628037 
1.0 4.8640424 
1.0 4.33652485 
1.0 4.3394246 
1.0 4.6180456 
1.0 7.0339101 
1.0 7.4248608 
1.0 6.64615 
1.0 6.8899187 
1.0 7.46493615 
1.0 7.25382315 
1.0 6.4044309 
1.0 7.3984365 
1.0 6.6583076 
2.0 8.61726145 
2.0 13.4756223 
2.0 8.18881455 
3.0 9.79993035 
3.0 9.40529415 
3.0 12.53321755 
3.0 14.4683987 
3.0 24.0266082 
3.0 27.37314685 
3.0 16.07074875 
3.0 16.180542 
3.0 8.8939123 
3.0 19.70516625 
3.0 9.7480824 
3.0 21.2099006 
3.0 29.43897215 
3.0 32.40085905 
3.0 23.0349987 
3.0 25.273472 
3.0 29.75094605 
3.0 22.7604111 
3.0 29.1348778 
3.0 24.80674875 
3.0 32.0553282 
3.0 23.33147915 
4.0 23.1826259 
4.0 23.77623675 
4.0 26.47148735 
4.0 27.46602915 
4.0 16.43663525 
4.0 15.37652585 
4.0 15.7588781 
4.0 16.5830294 
4.0 8.99512775 
4.0 9.82745295 
4.0 19.16052285 
4.0 19.5906557 
4.0 9.9588104 
4.0 10.2833304 
4.0 20.55490325 
4.0 20.7637843 
4.0 30.0156689 
4.0 30.054745 
4.0 31.4696557 
4.0 32.21378335 
4.0 23.81197525 
4.0 23.5511003 
4.0 26.0457547 
4.0 25.44026835 
4.0 29.4705936 
4.0 29.50448445 
4.0 21.94124485 
4.0 23.17045745 
4.0 29.67668795 
4.0 28.2966978 
4.0 24.8142006 
4.0 23.8949865 
4.0 32.556328 
4.0 32.52990825 
4.0 23.65761475 
4.0 23.98110295 
