# Position.Z vs. Particle Type (97 data points):
# "Particle Type" Position.Z
1.0 0.0 
1.0 0.0 
1.0 0.0 
1.0 0.0 
1.0 0.0 
1.0 0.0 
1.0 0.0 
1.0 0.0 
1.0 0.0 
1.0 2.2741768 
1.0 2.2741768 
1.0 2.2741768 
1.0 2.2741768 
1.0 2.2741768 
1.0 2.2741768 
1.0 2.2741768 
1.0 2.2741768 
1.0 2.2741768 
1.0 4.4047864 
1.0 4.6273955 
1.0 4.3758428 
1.0 4.53535705 
1.0 4.55678545 
1.0 5.3375875 
1.0 4.2258468 
1.0 4.4477482 
1.0 5.14893085 
1.0 7.28149765 
1.0 7.57987405 
1.0 6.6221225 
1.0 7.03199455 
1.0 7.6655838 
1.0 6.30064645 
1.0 6.44838705 
1.0 6.8948369 
1.0 7.2244123 
2.0 8.45959345 
2.0 17.4224575 
2.0 8.356208 
3.0 9.58347285 
3.0 9.51180615 
3.0 17.1412227 
3.0 17.7398487 
3.0 9.7638527 
3.0 19.41070425 
3.0 9.61333905 
3.0 13.0477669 
3.0 23.41148215 
3.0 28.19297005 
3.0 19.4353369 
3.0 20.8519395 
3.0 14.73515575 
3.0 22.2078675 
3.0 22.0554005 
3.0 31.6456035 
3.0 28.00904225 
3.0 28.1763321 
3.0 32.52051635 
3.0 30.95910615 
3.0 32.0178614 
3.0 29.5494843 
4.0 8.879493 
4.0 9.61627625 
4.0 18.9113533 
4.0 18.9428197 
4.0 10.16538915 
4.0 10.10412095 
4.0 13.4747053 
4.0 12.80731515 
4.0 22.89348775 
4.0 23.9834854 
4.0 28.0245679 
4.0 28.84131985 
4.0 18.9730086 
4.0 20.2894853 
4.0 21.6587427 
4.0 20.63332425 
4.0 13.9191927 
4.0 14.5278287 
4.0 21.78965285 
4.0 22.3334727 
4.0 21.2693285 
4.0 22.224748 
4.0 31.25598385 
4.0 32.34751135 
4.0 27.15980645 
4.0 28.03070165 
4.0 28.55105785 
4.0 28.18996775 
4.0 31.7337132 
4.0 32.2377363 
4.0 31.3681424 
4.0 31.60227735 
4.0 31.75499635 
4.0 32.7996739 
4.0 29.03682215 
4.0 29.80670175 
