# Position.Z vs. Particle Type (97 data points):
# "Particle Type" Position.Z
1.0 0.0 
1.0 0.0 
1.0 0.0 
1.0 0.0 
1.0 0.0 
1.0 0.0 
1.0 0.0 
1.0 0.0 
1.0 0.0 
1.0 2.2741768 
1.0 2.2741768 
1.0 2.2741768 
1.0 2.2741768 
1.0 2.2741768 
1.0 2.2741768 
1.0 2.2741768 
1.0 2.2741768 
1.0 2.2741768 
1.0 5.5004376 
1.0 4.3166872 
1.0 4.36586395 
1.0 4.6211725 
1.0 4.6562978 
1.0 4.52377485 
1.0 4.2702268 
1.0 4.39443725 
1.0 4.9686581 
1.0 7.22781885 
1.0 7.02235555 
1.0 6.7696909 
1.0 6.9538385 
1.0 6.58716065 
1.0 7.73663415 
1.0 6.36781425 
1.0 7.8987314 
1.0 7.70782285 
2.0 9.1904253 
2.0 11.6900504 
2.0 8.3120856 
3.0 10.38375765 
3.0 9.53092735 
3.0 11.27541765 
3.0 11.9994322 
3.0 17.8803261 
3.0 26.5257727 
3.0 15.11444235 
3.0 10.96683315 
3.0 9.53289925 
3.0 24.40931535 
3.0 16.16935495 
3.0 23.39080555 
3.0 27.4638448 
3.0 31.54249945 
3.0 13.4152431 
3.0 19.76080715 
3.0 29.63329635 
3.0 19.7548141 
3.0 24.87789045 
3.0 32.7561983 
3.0 32.51155215 
3.0 16.67210195 
4.0 17.07260345 
4.0 18.5133536 
4.0 25.7518422 
4.0 26.50377275 
4.0 15.2279197 
4.0 14.2035894 
4.0 10.5367395 
4.0 10.93197735 
4.0 8.86222225 
4.0 10.0584281 
4.0 23.95779015 
4.0 25.3412782 
4.0 16.1892073 
4.0 16.0400114 
4.0 22.6652804 
4.0 23.71419785 
4.0 28.31557085 
4.0 27.6325525 
4.0 30.66264215 
4.0 31.6649256 
4.0 13.7263651 
4.0 12.51477185 
4.0 20.48221665 
4.0 19.00725225 
4.0 29.56385145 
4.0 29.96529025 
4.0 20.7399801 
4.0 19.62372965 
4.0 24.0911552 
4.0 24.64707455 
4.0 32.51118955 
4.0 33.0236627 
4.0 32.2721182 
4.0 32.233089 
4.0 16.68503725 
4.0 17.2793978 
