# Position.Z vs. Particle Type (97 data points):
# "Particle Type" Position.Z
1.0 0.0 
1.0 0.0 
1.0 0.0 
1.0 0.0 
1.0 0.0 
1.0 0.0 
1.0 0.0 
1.0 0.0 
1.0 0.0 
1.0 2.2741768 
1.0 2.2741768 
1.0 2.2741768 
1.0 2.2741768 
1.0 2.2741768 
1.0 2.2741768 
1.0 2.2741768 
1.0 2.2741768 
1.0 2.2741768 
1.0 5.1382093 
1.0 4.358998 
1.0 4.8933906 
1.0 5.0862952 
1.0 4.39860995 
1.0 4.2355999 
1.0 4.4241386 
1.0 4.50501345 
1.0 4.3108387 
1.0 6.8334371 
1.0 6.63831875 
1.0 6.5358727 
1.0 7.5969887 
1.0 6.81707145 
1.0 7.6355433 
1.0 7.2619197 
1.0 6.4474494 
1.0 6.9778198 
2.0 7.99742195 
2.0 21.0732298 
2.0 8.51248265 
3.0 9.1313215 
3.0 9.62650115 
3.0 21.2776711 
3.0 20.8539646 
3.0 12.86924135 
3.0 29.13933085 
3.0 27.17766765 
3.0 30.32872605 
3.0 9.9226519 
3.0 13.70963615 
3.0 29.6559011 
3.0 14.71959895 
3.0 23.99981185 
3.0 11.18350135 
3.0 25.36384865 
3.0 31.55708885 
3.0 32.47501915 
3.0 32.8781271 
3.0 11.1380668 
3.0 12.7042062 
3.0 26.0505721 
3.0 31.76844965 
4.0 12.15098325 
4.0 12.3976601 
4.0 29.8472552 
4.0 29.70949345 
4.0 26.89886395 
4.0 26.3384205 
4.0 30.37243965 
4.0 29.55126895 
4.0 10.42483645 
4.0 10.4235516 
4.0 14.03736565 
4.0 14.333676 
4.0 28.69590815 
4.0 30.0174406 
4.0 14.8589616 
4.0 14.27592845 
4.0 24.55678085 
4.0 23.172548 
4.0 12.1388729 
4.0 10.65816395 
4.0 24.61811065 
4.0 25.8977425 
4.0 31.3567765 
4.0 32.56224475 
4.0 32.02994445 
4.0 32.2851438 
4.0 32.6212194 
4.0 32.1164669 
4.0 11.2224084 
4.0 10.74908625 
4.0 12.61447705 
4.0 12.71551995 
4.0 25.4355143 
4.0 26.9148096 
4.0 31.5773101 
4.0 32.58591805 
