# Position.Z vs. Particle Type (97 data points):
# "Particle Type" Position.Z
1.0 0.0 
1.0 0.0 
1.0 0.0 
1.0 0.0 
1.0 0.0 
1.0 0.0 
1.0 0.0 
1.0 0.0 
1.0 0.0 
1.0 2.2741768 
1.0 2.2741768 
1.0 2.2741768 
1.0 2.2741768 
1.0 2.2741768 
1.0 2.2741768 
1.0 2.2741768 
1.0 2.2741768 
1.0 2.2741768 
1.0 4.56653575 
1.0 4.63685215 
1.0 4.32873525 
1.0 4.30142055 
1.0 4.31008655 
1.0 4.38512865 
1.0 4.3505728 
1.0 4.6060945 
1.0 4.3032269 
1.0 7.35069195 
1.0 7.3258038 
1.0 6.86594895 
1.0 7.10209465 
1.0 6.60785895 
1.0 6.74054325 
1.0 6.6420991 
1.0 6.56662895 
1.0 6.75000725 
2.0 8.6164358 
2.0 10.5263795 
2.0 7.98696325 
3.0 9.59815115 
3.0 9.0057373 
3.0 9.53495655 
3.0 11.5625671 
3.0 9.24282275 
3.0 9.91631795 
3.0 9.5531205 
3.0 10.43047565 
3.0 11.9211281 
3.0 12.5421716 
3.0 15.41161615 
3.0 14.36548295 
3.0 12.7774766 
3.0 15.7484089 
3.0 13.92814535 
3.0 14.0975807 
3.0 17.44173095 
3.0 18.98607445 
3.0 17.57798245 
3.0 18.35093015 
3.0 19.85772635 
3.0 16.73381325 
4.0 9.3414769 
4.0 9.4269196 
4.0 10.8465399 
4.0 9.9153348 
4.0 8.7553417 
4.0 9.93045445 
4.0 9.8975716 
4.0 10.4763456 
4.0 12.73933605 
4.0 12.3557903 
4.0 12.80345885 
4.0 11.7687136 
4.0 16.2884995 
4.0 15.6035033 
4.0 15.0849398 
4.0 13.79702905 
4.0 12.3505508 
4.0 12.23172895 
4.0 16.51899935 
4.0 15.16511605 
4.0 13.5651285 
4.0 14.250453 
4.0 14.18280465 
4.0 14.07066115 
4.0 17.02878205 
4.0 18.18063555 
4.0 19.16108845 
4.0 18.29373945 
4.0 17.24785895 
4.0 17.55689145 
4.0 18.5412724 
4.0 19.0957277 
4.0 20.60365685 
4.0 19.05152025 
4.0 16.2640737 
4.0 16.24874685 
