# Position.Z vs. Particle Type (97 data points):
# "Particle Type" Position.Z
1.0 0.0 
1.0 0.0 
1.0 0.0 
1.0 0.0 
1.0 0.0 
1.0 0.0 
1.0 0.0 
1.0 0.0 
1.0 0.0 
1.0 2.2741768 
1.0 2.2741768 
1.0 2.2741768 
1.0 2.2741768 
1.0 2.2741768 
1.0 2.2741768 
1.0 2.2741768 
1.0 2.2741768 
1.0 2.2741768 
1.0 4.5209318 
1.0 5.5603737 
1.0 4.53593385 
1.0 4.29531095 
1.0 4.26555815 
1.0 4.28230355 
1.0 5.1284905 
1.0 4.35996295 
1.0 4.56578955 
1.0 7.61222735 
1.0 7.1471057 
1.0 7.0233576 
1.0 7.71854265 
1.0 8.02547935 
1.0 6.46277765 
1.0 7.08887235 
1.0 6.6007263 
1.0 6.6439079 
2.0 8.7032806 
2.0 25.0174295 
2.0 8.0955266 
3.0 9.88654205 
3.0 9.32837885 
3.0 25.8531168 
3.0 24.28347985 
3.0 14.85128225 
3.0 10.26494945 
3.0 13.4945923 
3.0 23.7471521 
3.0 11.8718236 
3.0 12.8248897 
3.0 26.7975414 
3.0 18.78442055 
3.0 11.49159795 
3.0 14.9176692 
3.0 29.29793755 
3.0 30.9238146 
3.0 19.72887595 
3.0 31.7083543 
3.0 16.70813025 
3.0 19.2929905 
3.0 32.54832595 
3.0 31.94560705 
4.0 15.73175905 
4.0 14.5106773 
4.0 10.6577989 
4.0 10.81290665 
4.0 12.9144155 
4.0 13.00891375 
4.0 23.5871601 
4.0 23.79129585 
4.0 11.089302 
4.0 12.3179105 
4.0 13.69481785 
4.0 12.26645035 
4.0 27.0686836 
4.0 27.71387815 
4.0 17.8615367 
4.0 18.94783065 
4.0 12.07170615 
4.0 10.73521225 
4.0 14.81963175 
4.0 14.9831626 
4.0 29.5056041 
4.0 28.4246347 
4.0 30.7565895 
4.0 31.2329948 
4.0 19.9247748 
4.0 20.5131185 
4.0 30.9328796 
4.0 32.4530941 
4.0 17.4324661 
4.0 16.8443058 
4.0 18.95041855 
4.0 19.8012283 
4.0 32.2335629 
4.0 31.8181787 
4.0 31.1057292 
4.0 32.58034115 
