# Position.Z vs. Particle Type (97 data points):
# "Particle Type" Position.Z
1.0 0.0 
1.0 0.0 
1.0 0.0 
1.0 0.0 
1.0 0.0 
1.0 0.0 
1.0 0.0 
1.0 0.0 
1.0 0.0 
1.0 2.2741768 
1.0 2.2741768 
1.0 2.2741768 
1.0 2.2741768 
1.0 2.2741768 
1.0 2.2741768 
1.0 2.2741768 
1.0 2.2741768 
1.0 2.2741768 
1.0 4.75680835 
1.0 5.36104275 
1.0 4.2260631 
1.0 4.4578877 
1.0 4.40973785 
1.0 4.30328115 
1.0 4.4967307 
1.0 4.4691346 
1.0 4.2136388 
1.0 6.77101075 
1.0 7.51705115 
1.0 6.57887265 
1.0 7.54580505 
1.0 8.06297765 
1.0 6.37713335 
1.0 6.45526805 
1.0 6.47268545 
1.0 6.81218545 
2.0 8.52401515 
2.0 17.74687005 
2.0 7.73036075 
3.0 9.6541802 
3.0 8.83185485 
3.0 18.71372825 
3.0 16.74365875 
3.0 9.74730015 
3.0 9.5354287 
3.0 13.5975182 
3.0 13.63545365 
3.0 12.0589084 
3.0 13.9985804 
3.0 29.3588603 
3.0 16.4157567 
3.0 11.4987572 
3.0 11.3421658 
3.0 32.3302231 
3.0 29.9154821 
3.0 17.9209765 
3.0 32.4841237 
3.0 16.93250125 
3.0 19.00558905 
3.0 31.38779385 
3.0 32.0464977 
4.0 10.2791017 
4.0 8.797418 
4.0 10.230591 
4.0 10.01532385 
4.0 13.3260302 
4.0 13.2743254 
4.0 14.53121355 
4.0 13.4817179 
4.0 12.9134355 
4.0 12.0174642 
4.0 13.2303227 
4.0 14.42145145 
4.0 29.81017025 
4.0 28.4795217 
4.0 16.08233445 
4.0 17.39116715 
4.0 10.85040215 
4.0 11.7750514 
4.0 10.66072595 
4.0 10.78695835 
4.0 33.0996449 
4.0 31.56865635 
4.0 29.04153595 
4.0 30.202886 
4.0 17.7525649 
4.0 18.32498325 
4.0 32.0029878 
4.0 32.3316168 
4.0 16.2213849 
4.0 16.54901745 
4.0 18.8484177 
4.0 19.98484495 
4.0 31.89413255 
4.0 32.1523825 
4.0 31.26355085 
4.0 32.2323414 
