# Position.Z vs. Particle Type (97 data points):
# "Particle Type" Position.Z
1.0 0.0 
1.0 0.0 
1.0 0.0 
1.0 0.0 
1.0 0.0 
1.0 0.0 
1.0 0.0 
1.0 0.0 
1.0 0.0 
1.0 2.2741768 
1.0 2.2741768 
1.0 2.2741768 
1.0 2.2741768 
1.0 2.2741768 
1.0 2.2741768 
1.0 2.2741768 
1.0 2.2741768 
1.0 2.2741768 
1.0 5.0757294 
1.0 5.42851995 
1.0 4.5807335 
1.0 4.3341018 
1.0 4.19646465 
1.0 4.1416459 
1.0 4.41823095 
1.0 4.41570255 
1.0 4.34380205 
1.0 7.5238506 
1.0 7.55797175 
1.0 6.80803935 
1.0 6.9059123 
1.0 7.7623966 
1.0 6.5403261 
1.0 6.4175783 
1.0 6.16150535 
1.0 6.84934775 
2.0 8.39203295 
2.0 27.9063029 
2.0 8.20762635 
3.0 9.568363 
3.0 9.40805985 
3.0 27.8574177 
3.0 28.11480525 
3.0 16.6715066 
3.0 9.88386875 
3.0 13.0377212 
3.0 14.0051338 
3.0 10.46098585 
3.0 12.78600645 
3.0 31.7407923 
3.0 15.4271285 
3.0 15.03524505 
3.0 11.7110861 
3.0 31.92227115 
3.0 29.6437267 
3.0 15.94477675 
3.0 32.17930275 
3.0 17.6042188 
3.0 14.55210295 
3.0 30.7562199 
3.0 32.00407105 
4.0 16.5429334 
4.0 16.41859345 
4.0 10.3996942 
4.0 10.25562195 
4.0 12.22737425 
4.0 12.8061024 
4.0 14.2399523 
4.0 14.6063211 
4.0 9.55782905 
4.0 10.981607 
4.0 13.09834435 
4.0 13.48498935 
4.0 31.1724203 
4.0 32.63054795 
4.0 14.68704755 
4.0 15.9063905 
4.0 15.01004855 
4.0 15.71314745 
4.0 12.39844655 
4.0 11.5400313 
4.0 30.97730545 
4.0 31.8515232 
4.0 29.7709048 
4.0 29.2540682 
4.0 16.5942 
4.0 16.45869715 
4.0 32.76626115 
4.0 32.3098874 
4.0 18.53755015 
4.0 17.67319925 
4.0 14.16188095 
4.0 14.55091715 
4.0 31.22224805 
4.0 31.1559682 
4.0 31.91314315 
4.0 32.4926637 
