# Position.Z vs. Particle Type (97 data points):
# "Particle Type" Position.Z
1.0 0.0 
1.0 0.0 
1.0 0.0 
1.0 0.0 
1.0 0.0 
1.0 0.0 
1.0 0.0 
1.0 0.0 
1.0 0.0 
1.0 2.2741768 
1.0 2.2741768 
1.0 2.2741768 
1.0 2.2741768 
1.0 2.2741768 
1.0 2.2741768 
1.0 2.2741768 
1.0 2.2741768 
1.0 2.2741768 
1.0 4.40580105 
1.0 4.33976935 
1.0 4.5980263 
1.0 5.2714788 
1.0 4.4855895 
1.0 4.29752575 
1.0 4.30456215 
1.0 4.2019089 
1.0 4.46408025 
1.0 6.7401439 
1.0 6.74391515 
1.0 6.6401692 
1.0 7.2797088 
1.0 6.32830345 
1.0 6.3605619 
1.0 7.6071856 
1.0 6.84858965 
1.0 7.48923315 
2.0 7.8883203 
2.0 16.6618179 
2.0 8.62390445 
3.0 9.09785135 
3.0 9.7844068 
3.0 15.61098595 
3.0 17.6673266 
3.0 12.26406475 
3.0 24.00265945 
3.0 31.23507485 
3.0 31.89135705 
3.0 9.12915255 
3.0 12.61272425 
3.0 29.0098102 
3.0 12.4244575 
3.0 20.13811555 
3.0 9.3133677 
3.0 27.65884695 
3.0 32.60669265 
3.0 25.5848789 
3.0 29.7985373 
3.0 12.58937155 
3.0 14.3753533 
3.0 21.6113261 
3.0 32.02478685 
4.0 12.22023075 
4.0 11.5199861 
4.0 24.23614585 
4.0 23.0399981 
4.0 30.3014397 
4.0 31.2262146 
4.0 32.63360345 
4.0 32.31310565 
4.0 9.9731401 
4.0 9.4265682 
4.0 13.0007003 
4.0 12.2340526 
4.0 29.6270716 
4.0 28.23471735 
4.0 12.4607168 
4.0 12.63963855 
4.0 19.44849445 
4.0 19.7827777 
4.0 9.16506955 
4.0 9.709903 
4.0 28.3206665 
4.0 26.74848295 
4.0 32.19537965 
4.0 32.2732949 
4.0 24.9295389 
4.0 26.02216715 
4.0 29.58727975 
4.0 30.4240398 
4.0 12.001976 
4.0 13.22962235 
4.0 14.8679531 
4.0 13.9086164 
4.0 20.6588473 
4.0 21.7935844 
4.0 31.47434815 
4.0 32.8709773 
