# Position.Z vs. Particle Type (97 data points):
# "Particle Type" Position.Z
1.0 0.0 
1.0 0.0 
1.0 0.0 
1.0 0.0 
1.0 0.0 
1.0 0.0 
1.0 0.0 
1.0 0.0 
1.0 0.0 
1.0 2.2741768 
1.0 2.2741768 
1.0 2.2741768 
1.0 2.2741768 
1.0 2.2741768 
1.0 2.2741768 
1.0 2.2741768 
1.0 2.2741768 
1.0 2.2741768 
1.0 4.358403 
1.0 5.23047665 
1.0 4.30514 
1.0 4.257365 
1.0 4.43344195 
1.0 4.3796221 
1.0 4.58674615 
1.0 4.5763102 
1.0 4.75070295 
1.0 7.18754925 
1.0 7.22254225 
1.0 6.76208155 
1.0 7.47214685 
1.0 7.7778162 
1.0 6.4263423 
1.0 6.41352495 
1.0 6.70801915 
1.0 6.79492135 
2.0 8.4245924 
2.0 19.9100153 
2.0 7.8984787 
3.0 9.64009795 
3.0 9.1060564 
3.0 20.74458155 
3.0 19.05989925 
3.0 9.54789115 
3.0 9.93242705 
3.0 12.07372915 
3.0 14.05936735 
3.0 11.67116895 
3.0 15.66621245 
3.0 30.44942845 
3.0 17.74358005 
3.0 11.7634097 
3.0 11.0904773 
3.0 29.15676995 
3.0 31.89236085 
3.0 15.5458107 
3.0 32.27539175 
3.0 13.56750675 
3.0 15.16938535 
3.0 32.5134215 
3.0 30.9285557 
4.0 10.16561455 
4.0 9.73202265 
4.0 10.191643 
4.0 10.45986165 
4.0 11.0822306 
4.0 12.38889505 
4.0 13.5045904 
4.0 14.12446035 
4.0 11.11708465 
4.0 12.5258728 
4.0 16.2699663 
4.0 15.15241315 
4.0 31.10015685 
4.0 29.5652245 
4.0 17.18890005 
4.0 18.4129407 
4.0 11.79779755 
4.0 12.04075845 
4.0 11.21669395 
4.0 10.1120292 
4.0 28.3113621 
4.0 29.7523597 
4.0 32.7550328 
4.0 31.3304068 
4.0 14.8201676 
4.0 15.34021475 
4.0 32.4471231 
4.0 31.8798788 
4.0 12.6758982 
4.0 14.1504552 
4.0 15.75911995 
4.0 15.5004675 
4.0 32.93029915 
4.0 32.2395766 
4.0 31.38830905 
4.0 31.08898695 
