# Position.Z vs. Particle Type (97 data points):
# "Particle Type" Position.Z
1.0 0.0 
1.0 0.0 
1.0 0.0 
1.0 0.0 
1.0 0.0 
1.0 0.0 
1.0 0.0 
1.0 0.0 
1.0 0.0 
1.0 2.2741768 
1.0 2.2741768 
1.0 2.2741768 
1.0 2.2741768 
1.0 2.2741768 
1.0 2.2741768 
1.0 2.2741768 
1.0 2.2741768 
1.0 2.2741768 
1.0 4.59658605 
1.0 4.2855274 
1.0 4.5333029 
1.0 4.56034985 
1.0 4.36983715 
1.0 4.30447395 
1.0 4.3845011 
1.0 4.4200499 
1.0 5.1426074 
1.0 6.81173955 
1.0 7.24581305 
1.0 6.9251056 
1.0 6.71267835 
1.0 6.59050665 
1.0 7.3479231 
1.0 6.5295895 
1.0 6.54131205 
1.0 7.3497564 
2.0 7.95713485 
2.0 25.2335531 
2.0 8.30192615 
3.0 9.16454945 
3.0 9.3385285 
3.0 26.00605245 
3.0 24.4373297 
3.0 23.02836375 
3.0 21.8653561 
3.0 27.31786365 
3.0 30.34614905 
3.0 9.4365985 
3.0 20.43685735 
3.0 31.9838204 
3.0 20.10652595 
3.0 24.27394655 
3.0 18.2626297 
3.0 24.3747336 
3.0 30.0822137 
3.0 31.61911025 
3.0 32.41166635 
3.0 19.3078487 
3.0 9.76387405 
3.0 27.2783686 
3.0 27.4946098 
4.0 23.551234 
4.0 22.4067172 
4.0 22.56967055 
4.0 21.99947225 
4.0 27.03466255 
4.0 27.48373215 
4.0 30.87397495 
4.0 29.8391975 
4.0 10.1299898 
4.0 9.5362148 
4.0 20.26882235 
4.0 20.12978905 
4.0 32.0461645 
4.0 31.2592812 
4.0 21.04403525 
4.0 19.78780615 
4.0 24.29391195 
4.0 23.3588712 
4.0 18.36015615 
4.0 17.30409135 
4.0 24.430973 
4.0 24.58870575 
4.0 30.72442205 
4.0 29.3587546 
4.0 32.32586735 
4.0 31.28544755 
4.0 32.86966725 
4.0 31.73958165 
4.0 19.76464525 
4.0 19.85390645 
4.0 10.5515053 
4.0 9.1654143 
4.0 27.25257955 
4.0 28.01832705 
4.0 27.3675983 
4.0 28.2118795 
