# Position.Z vs. Particle Type (97 data points):
# "Particle Type" Position.Z
1.0 0.0 
1.0 0.0 
1.0 0.0 
1.0 0.0 
1.0 0.0 
1.0 0.0 
1.0 0.0 
1.0 0.0 
1.0 0.0 
1.0 2.2741768 
1.0 2.2741768 
1.0 2.2741768 
1.0 2.2741768 
1.0 2.2741768 
1.0 2.2741768 
1.0 2.2741768 
1.0 2.2741768 
1.0 2.2741768 
1.0 5.01850335 
1.0 5.1034753 
1.0 4.27135555 
1.0 4.1890394 
1.0 4.3573551 
1.0 4.40667255 
1.0 4.7228216 
1.0 4.4748991 
1.0 4.53931275 
1.0 7.25952955 
1.0 7.40926025 
1.0 6.5955904 
1.0 7.6725663 
1.0 7.6262795 
1.0 6.4412397 
1.0 6.72564025 
1.0 6.3243621 
1.0 6.89999625 
2.0 8.70712535 
2.0 12.4034526 
2.0 8.108569 
3.0 9.92207195 
3.0 9.31743505 
3.0 13.01681255 
3.0 11.8536159 
3.0 9.3076697 
3.0 9.69890775 
3.0 9.2753703 
3.0 18.76039305 
3.0 19.77276105 
3.0 24.2288536 
3.0 31.34423285 
3.0 21.74280745 
3.0 22.45386815 
3.0 20.34381615 
3.0 30.33972725 
3.0 23.1041328 
3.0 24.9103904 
3.0 32.4719899 
3.0 20.5341094 
3.0 32.5352034 
3.0 32.13689955 
3.0 31.84658575 
4.0 9.80361655 
4.0 9.8672693 
4.0 9.71625375 
4.0 8.78349745 
4.0 10.06154905 
4.0 9.6951379 
4.0 18.947796 
4.0 19.60163765 
4.0 19.63322935 
4.0 19.21642555 
4.0 24.16110235 
4.0 24.40596095 
4.0 31.7372188 
4.0 31.62917625 
4.0 22.4849037 
4.0 21.03590265 
4.0 22.05602385 
4.0 22.10499375 
4.0 20.74693355 
4.0 20.2702675 
4.0 30.86931505 
4.0 30.2133482 
4.0 24.0732716 
4.0 22.67631065 
4.0 25.67121165 
4.0 24.5837487 
4.0 32.9758324 
4.0 32.4040059 
4.0 19.6243621 
4.0 21.0683263 
4.0 31.9939466 
4.0 32.13131775 
4.0 31.99765625 
4.0 32.7260745 
4.0 31.225187 
4.0 32.49419915 
