# Position.Z vs. Particle Type (97 data points):
# "Particle Type" Position.Z
1.0 0.0 
1.0 0.0 
1.0 0.0 
1.0 0.0 
1.0 0.0 
1.0 0.0 
1.0 0.0 
1.0 0.0 
1.0 0.0 
1.0 2.2741768 
1.0 2.2741768 
1.0 2.2741768 
1.0 2.2741768 
1.0 2.2741768 
1.0 2.2741768 
1.0 2.2741768 
1.0 2.2741768 
1.0 2.2741768 
1.0 5.4539058 
1.0 4.5845751 
1.0 4.38056885 
1.0 4.4676933 
1.0 4.2653772 
1.0 4.16566675 
1.0 4.7336247 
1.0 4.30626875 
1.0 4.32370365 
1.0 7.30243955 
1.0 7.32266885 
1.0 7.1335852 
1.0 7.5720904 
1.0 6.33287865 
1.0 7.0281379 
1.0 6.7881863 
1.0 6.44195755 
1.0 6.66385965 
2.0 8.6038484 
2.0 23.0607293 
2.0 8.24080915 
3.0 9.82184245 
3.0 9.43290075 
3.0 23.3949926 
3.0 22.7591287 
3.0 12.88154875 
3.0 29.8312511 
3.0 28.25339755 
3.0 26.71484095 
3.0 9.0277824 
3.0 17.61666095 
3.0 32.2384839 
3.0 18.30321255 
3.0 23.752883 
3.0 17.8263645 
3.0 26.76443665 
3.0 31.4934326 
3.0 32.4378628 
3.0 31.7204412 
3.0 15.04344975 
3.0 9.69558345 
3.0 29.54699125 
3.0 32.06164045 
4.0 13.40103415 
4.0 12.0529101 
4.0 29.0322858 
4.0 29.5498007 
4.0 29.12289835 
4.0 27.59623335 
4.0 27.0893406 
4.0 25.7650757 
4.0 9.7590178 
4.0 9.2840223 
4.0 17.6639533 
4.0 18.516652 
4.0 31.949442 
4.0 31.6257536 
4.0 18.5401524 
4.0 17.73136225 
4.0 23.52566825 
4.0 24.67595375 
4.0 17.854781 
4.0 17.28778485 
4.0 25.81541165 
4.0 27.1251939 
4.0 30.9664803 
4.0 31.4771891 
4.0 32.85464595 
4.0 31.80954315 
4.0 31.47551785 
4.0 32.65165715 
4.0 15.69018885 
4.0 14.36373015 
4.0 9.95239875 
4.0 10.23270885 
4.0 30.46731135 
4.0 29.27542695 
4.0 31.32581445 
4.0 32.745104 
