# Position.Z vs. Particle Type (97 data points):
# "Particle Type" Position.Z
1.0 0.0 
1.0 0.0 
1.0 0.0 
1.0 0.0 
1.0 0.0 
1.0 0.0 
1.0 0.0 
1.0 0.0 
1.0 0.0 
1.0 2.2741768 
1.0 2.2741768 
1.0 2.2741768 
1.0 2.2741768 
1.0 2.2741768 
1.0 2.2741768 
1.0 2.2741768 
1.0 2.2741768 
1.0 2.2741768 
1.0 4.8162338 
1.0 5.3882325 
1.0 4.34553385 
1.0 4.47802845 
1.0 4.31827025 
1.0 4.49136485 
1.0 4.4044042 
1.0 4.79623095 
1.0 4.3175615 
1.0 7.13917225 
1.0 7.27492745 
1.0 6.77690825 
1.0 7.38226685 
1.0 7.98870415 
1.0 6.42060685 
1.0 6.8943658 
1.0 6.71523055 
1.0 6.8242104 
2.0 8.38699225 
2.0 13.92245085 
2.0 8.0640455 
3.0 9.6179405 
3.0 9.2821561 
3.0 13.4757119 
3.0 14.40704475 
3.0 10.7611749 
3.0 11.71815435 
3.0 9.6870144 
3.0 19.2522001 
3.0 23.8759997 
3.0 28.5343422 
3.0 32.15601305 
3.0 22.6292808 
3.0 27.49701465 
3.0 22.8209555 
3.0 30.28971645 
3.0 25.98150555 
3.0 29.01964065 
3.0 32.45604845 
3.0 22.3838734 
3.0 32.502148 
3.0 31.95937675 
3.0 32.0353124 
4.0 10.3505129 
4.0 10.07913445 
4.0 11.73806235 
4.0 11.50131675 
4.0 10.6957095 
4.0 9.5046441 
4.0 18.9858676 
4.0 20.08718495 
4.0 24.7928233 
4.0 23.64522405 
4.0 29.45953325 
4.0 27.8415977 
4.0 32.9148715 
4.0 32.5623298 
4.0 22.79691995 
4.0 23.3750566 
4.0 27.6605637 
4.0 27.7361343 
4.0 22.4586726 
4.0 22.22399515 
4.0 29.3524098 
4.0 30.5675132 
4.0 26.3198978 
4.0 25.0207573 
4.0 29.50367105 
4.0 28.2746807 
4.0 32.1140771 
4.0 32.16635835 
4.0 22.2733301 
4.0 22.8657758 
4.0 32.23794945 
4.0 31.79960035 
4.0 32.90362845 
4.0 32.31180085 
4.0 32.04183605 
4.0 32.4507197 
