# Position.Z vs. Particle Type (97 data points):
# "Particle Type" Position.Z
1.0 0.0 
1.0 0.0 
1.0 0.0 
1.0 0.0 
1.0 0.0 
1.0 0.0 
1.0 0.0 
1.0 0.0 
1.0 0.0 
1.0 2.2741768 
1.0 2.2741768 
1.0 2.2741768 
1.0 2.2741768 
1.0 2.2741768 
1.0 2.2741768 
1.0 2.2741768 
1.0 2.2741768 
1.0 2.2741768 
1.0 4.65855985 
1.0 5.3517849 
1.0 4.5450972 
1.0 4.4523507 
1.0 4.2187278 
1.0 4.31647055 
1.0 4.4099083 
1.0 4.46146645 
1.0 4.46474805 
1.0 6.8268599 
1.0 7.26203275 
1.0 6.55553115 
1.0 7.94605175 
1.0 7.31967775 
1.0 6.5714068 
1.0 6.60697485 
1.0 6.2183961 
1.0 7.31325035 
2.0 8.71141425 
2.0 15.68379155 
2.0 7.9003106 
3.0 9.84266255 
3.0 8.97297765 
3.0 15.85584105 
3.0 15.46970425 
3.0 9.7085828 
3.0 11.02044755 
3.0 12.64460925 
3.0 15.5610154 
3.0 9.94801465 
3.0 20.8993512 
3.0 28.7415779 
3.0 18.7089308 
3.0 14.67099725 
3.0 11.8061006 
3.0 30.16093605 
3.0 32.0547101 
3.0 17.484775 
3.0 32.27569275 
3.0 18.412688 
3.0 30.18971655 
3.0 30.5879238 
3.0 32.0218878 
4.0 9.9336916 
4.0 9.4029698 
4.0 10.0422112 
4.0 11.2734874 
4.0 12.38134695 
4.0 12.19782305 
4.0 15.67124545 
4.0 14.5940396 
4.0 10.151456 
4.0 9.5777444 
4.0 20.33584315 
4.0 21.1614473 
4.0 27.78459005 
4.0 28.91906115 
4.0 19.23126765 
4.0 18.4454242 
4.0 15.18756225 
4.0 15.11248235 
4.0 12.5593048 
4.0 11.184194 
4.0 30.9832978 
4.0 30.26529485 
4.0 32.72332315 
4.0 31.7433186 
4.0 16.620415 
4.0 17.2258555 
4.0 32.1318046 
4.0 31.63260765 
4.0 19.0791328 
4.0 17.66110605 
4.0 30.0861204 
4.0 29.45919305 
4.0 30.9766247 
4.0 30.22395845 
4.0 31.82766125 
4.0 33.02862815 
