# Position.Z vs. Particle Type (97 data points):
# "Particle Type" Position.Z
1.0 0.0 
1.0 0.0 
1.0 0.0 
1.0 0.0 
1.0 0.0 
1.0 0.0 
1.0 0.0 
1.0 0.0 
1.0 0.0 
1.0 2.2741768 
1.0 2.2741768 
1.0 2.2741768 
1.0 2.2741768 
1.0 2.2741768 
1.0 2.2741768 
1.0 2.2741768 
1.0 2.2741768 
1.0 2.2741768 
1.0 4.42055425 
1.0 5.1344587 
1.0 4.45392955 
1.0 4.6983797 
1.0 4.18680745 
1.0 4.2404355 
1.0 4.439792 
1.0 4.71878295 
1.0 4.17678555 
1.0 7.04718245 
1.0 7.2217229 
1.0 6.4022931 
1.0 7.5537028 
1.0 7.2467927 
1.0 6.4900108 
1.0 6.8415921 
1.0 6.34585455 
1.0 6.72001645 
2.0 8.41521695 
2.0 17.4690117 
2.0 8.0931249 
3.0 9.6486362 
3.0 9.2427069 
3.0 16.7746215 
3.0 18.1653311 
3.0 10.08999075 
3.0 9.2115051 
3.0 13.62875675 
3.0 13.8569613 
3.0 12.0701924 
3.0 16.7208538 
3.0 30.97187415 
3.0 15.51500195 
3.0 14.10021165 
3.0 12.4059439 
3.0 32.183858 
3.0 29.9612775 
3.0 19.6480977 
3.0 31.4727595 
3.0 16.75897335 
3.0 20.38998675 
3.0 32.49592955 
3.0 31.8423651 
4.0 9.8494144 
4.0 10.96612405 
4.0 9.2711115 
4.0 9.5165252 
4.0 14.13218275 
4.0 13.21562025 
4.0 13.9347663 
4.0 13.8820577 
4.0 12.97259705 
4.0 11.76323505 
4.0 16.03967575 
4.0 16.27713325 
4.0 30.80803495 
4.0 31.9594947 
4.0 14.7634599 
4.0 16.15657295 
4.0 14.00148855 
4.0 14.70337715 
4.0 12.88423605 
4.0 12.0208249 
4.0 32.4488829 
4.0 31.6831865 
4.0 30.2094079 
4.0 30.07135425 
4.0 20.4663438 
4.0 20.0051992 
4.0 31.14905605 
4.0 32.26982325 
4.0 16.89553775 
4.0 17.1753694 
4.0 20.97552135 
4.0 19.82439585 
4.0 32.2356244 
4.0 32.0841066 
4.0 32.7474175 
4.0 31.68220755 
