# Position.Z vs. Particle Type (97 data points):
# "Particle Type" Position.Z
1.0 0.0 
1.0 0.0 
1.0 0.0 
1.0 0.0 
1.0 0.0 
1.0 0.0 
1.0 0.0 
1.0 0.0 
1.0 0.0 
1.0 2.2741768 
1.0 2.2741768 
1.0 2.2741768 
1.0 2.2741768 
1.0 2.2741768 
1.0 2.2741768 
1.0 2.2741768 
1.0 2.2741768 
1.0 2.2741768 
1.0 4.67340195 
1.0 5.65260885 
1.0 4.265408 
1.0 4.7026581 
1.0 4.3225385 
1.0 4.3398509 
1.0 4.2932414 
1.0 4.7328687 
1.0 4.12862905 
1.0 6.66131725 
1.0 7.25105535 
1.0 6.5792916 
1.0 7.37396765 
1.0 8.0986794 
1.0 6.4075452 
1.0 7.00923545 
1.0 6.53838325 
1.0 6.93220045 
2.0 8.1671597 
2.0 15.289064 
2.0 7.94816505 
3.0 9.2091426 
3.0 9.1813106 
3.0 15.6313906 
3.0 14.9075493 
3.0 10.26089785 
3.0 9.95987335 
3.0 13.0665122 
3.0 15.5513295 
3.0 10.4665274 
3.0 20.9517252 
3.0 31.12345355 
3.0 17.4983606 
3.0 14.575575 
3.0 11.73742745 
3.0 29.6676695 
3.0 32.1218065 
3.0 17.864294 
3.0 31.80799755 
3.0 19.7797936 
3.0 29.1727646 
3.0 32.38469395 
3.0 31.70475875 
4.0 10.03487555 
4.0 9.75890405 
4.0 9.9332058 
4.0 9.90517885 
4.0 12.78192405 
4.0 12.3494336 
4.0 15.80962775 
4.0 14.96464865 
4.0 10.58977045 
4.0 10.5867139 
4.0 20.17836065 
4.0 20.8998524 
4.0 31.07882295 
4.0 31.563357 
4.0 17.30402065 
4.0 17.65371685 
4.0 13.9793479 
4.0 14.98853055 
4.0 12.70716755 
4.0 11.44291505 
4.0 30.3598568 
4.0 29.8311013 
4.0 32.79647455 
4.0 32.0568472 
4.0 17.5323106 
4.0 17.11866835 
4.0 32.22759715 
4.0 30.8815479 
4.0 20.04971325 
4.0 20.49279505 
4.0 28.60079775 
4.0 28.57985795 
4.0 32.21018605 
4.0 31.93372175 
4.0 30.7987379 
4.0 32.355869 
