# Position.Z vs. Particle Type (97 data points):
# "Particle Type" Position.Z
1.0 0.0 
1.0 0.0 
1.0 0.0 
1.0 0.0 
1.0 0.0 
1.0 0.0 
1.0 0.0 
1.0 0.0 
1.0 0.0 
1.0 2.2741768 
1.0 2.2741768 
1.0 2.2741768 
1.0 2.2741768 
1.0 2.2741768 
1.0 2.2741768 
1.0 2.2741768 
1.0 2.2741768 
1.0 2.2741768 
1.0 4.7698784 
1.0 4.5669729 
1.0 4.24229435 
1.0 4.2153076 
1.0 4.43574005 
1.0 4.19502055 
1.0 4.32838315 
1.0 4.25688795 
1.0 5.2885126 
1.0 6.8959744 
1.0 7.5262327 
1.0 7.51852815 
1.0 6.92565335 
1.0 6.38249605 
1.0 6.9767915 
1.0 6.48425995 
1.0 6.3708344 
1.0 7.40270685 
2.0 8.1247257 
2.0 25.2922299 
2.0 8.7805732 
3.0 9.31153405 
3.0 9.8918379 
3.0 26.27378845 
3.0 24.32400705 
3.0 23.3414167 
3.0 21.7792057 
3.0 27.5968238 
3.0 30.6714604 
3.0 8.88015415 
3.0 20.84665485 
3.0 32.60031005 
3.0 19.67211575 
3.0 24.81758055 
3.0 17.9905152 
3.0 25.32183395 
3.0 29.4186221 
3.0 32.40382355 
3.0 31.57633745 
3.0 19.44510295 
3.0 10.43084 
3.0 27.70550265 
3.0 25.9112217 
4.0 23.654673 
4.0 23.7892438 
4.0 21.9920624 
4.0 21.3375764 
4.0 27.00439 
4.0 28.4687291 
4.0 30.4016587 
4.0 31.08086555 
4.0 9.39856995 
4.0 9.52559825 
4.0 20.517259 
4.0 21.6959491 
4.0 32.13409255 
4.0 32.2678699 
4.0 20.3034398 
4.0 18.91026865 
4.0 24.56560295 
4.0 24.0525845 
4.0 17.7363487 
4.0 17.9133325 
4.0 25.31464775 
4.0 25.26457605 
4.0 29.37497255 
4.0 29.6984051 
4.0 32.7299042 
4.0 32.6751397 
4.0 32.370947 
4.0 31.7166073 
4.0 19.0894557 
4.0 19.73564425 
4.0 11.08131815 
4.0 10.99375725 
4.0 26.8341178 
4.0 27.7505053 
4.0 26.85431805 
4.0 25.7619264 
