# Position.Z vs. Particle Type (97 data points):
# "Particle Type" Position.Z
1.0 0.0 
1.0 0.0 
1.0 0.0 
1.0 0.0 
1.0 0.0 
1.0 0.0 
1.0 0.0 
1.0 0.0 
1.0 0.0 
1.0 2.2741768 
1.0 2.2741768 
1.0 2.2741768 
1.0 2.2741768 
1.0 2.2741768 
1.0 2.2741768 
1.0 2.2741768 
1.0 2.2741768 
1.0 2.2741768 
1.0 4.3745611 
1.0 4.5288439 
1.0 4.89227865 
1.0 5.29052055 
1.0 4.181975 
1.0 4.4978906 
1.0 4.4447655 
1.0 4.6836874 
1.0 4.32615575 
1.0 6.65259385 
1.0 6.75877195 
1.0 6.9637204 
1.0 7.4587653 
1.0 6.6599722 
1.0 6.71698755 
1.0 7.5295479 
1.0 6.73183875 
1.0 7.25468695 
2.0 7.9092678 
2.0 16.71690895 
2.0 8.5246161 
3.0 9.0288541 
3.0 9.7664301 
3.0 15.7421376 
3.0 17.6355389 
3.0 12.2585701 
3.0 25.13226555 
3.0 30.5716124 
3.0 31.77459425 
3.0 9.42716565 
3.0 13.3846979 
3.0 28.2894913 
3.0 12.98579275 
3.0 20.6876761 
3.0 10.23939595 
3.0 28.0470512 
3.0 32.4472316 
3.0 25.50589195 
3.0 30.60626065 
3.0 12.8140992 
3.0 14.86098565 
3.0 20.55622695 
3.0 31.5082817 
4.0 12.4459594 
4.0 11.2758079 
4.0 24.25600065 
4.0 25.7133058 
4.0 30.1079506 
4.0 31.286451 
4.0 31.99304955 
4.0 32.41875 
4.0 9.2653127 
4.0 9.27316705 
4.0 14.1067521 
4.0 13.6166968 
4.0 28.56071295 
4.0 28.6611759 
4.0 12.3471747 
4.0 13.06017755 
4.0 21.4411106 
4.0 20.67687545 
4.0 10.6340654 
4.0 11.0274388 
4.0 28.75996865 
4.0 27.15987785 
4.0 31.70499675 
4.0 31.99767025 
4.0 25.17983825 
4.0 26.0639463 
4.0 30.16962795 
4.0 30.03956235 
4.0 13.4570114 
4.0 13.1004188 
4.0 14.49942795 
4.0 14.29331995 
4.0 19.82100645 
4.0 20.0994976 
4.0 32.1541381 
4.0 31.47420465 
