# Position.Z vs. Particle Type (97 data points):
# "Particle Type" Position.Z
1.0 0.0 
1.0 0.0 
1.0 0.0 
1.0 0.0 
1.0 0.0 
1.0 0.0 
1.0 0.0 
1.0 0.0 
1.0 0.0 
1.0 2.2741768 
1.0 2.2741768 
1.0 2.2741768 
1.0 2.2741768 
1.0 2.2741768 
1.0 2.2741768 
1.0 2.2741768 
1.0 2.2741768 
1.0 2.2741768 
1.0 5.00313135 
1.0 4.71857505 
1.0 4.24415355 
1.0 4.34477645 
1.0 4.44646195 
1.0 4.31442445 
1.0 4.3803501 
1.0 4.30134985 
1.0 4.8443129 
1.0 6.92398455 
1.0 7.40339635 
1.0 6.85631765 
1.0 6.9684111 
1.0 6.5012745 
1.0 7.479521 
1.0 6.34732105 
1.0 6.40681965 
1.0 6.87037155 
2.0 8.2377295 
2.0 23.94288785 
2.0 8.43747695 
3.0 9.4168823 
3.0 9.5712925 
3.0 22.97214675 
3.0 24.72955835 
3.0 19.299203 
3.0 24.55520235 
3.0 27.85359675 
3.0 27.37798735 
3.0 9.57093585 
3.0 19.89632785 
3.0 32.3808261 
3.0 20.3439026 
3.0 23.80367955 
3.0 17.63773305 
3.0 26.1468697 
3.0 28.981666 
3.0 31.2883081 
3.0 32.2864325 
3.0 21.8219176 
3.0 11.03528755 
3.0 29.4175406 
3.0 32.38741205 
4.0 18.9284375 
4.0 20.17726025 
4.0 25.3015455 
4.0 25.0644394 
4.0 27.8644261 
4.0 28.689913 
4.0 27.81196005 
4.0 28.1594635 
4.0 9.91283755 
4.0 10.20381495 
4.0 19.66497365 
4.0 20.3670817 
4.0 32.21448475 
4.0 32.69270165 
4.0 19.5231792 
4.0 20.230847 
4.0 23.4484712 
4.0 23.35916835 
4.0 16.9372266 
4.0 18.28980615 
4.0 25.3391915 
4.0 25.942119 
4.0 29.51563125 
4.0 28.20850095 
4.0 31.6847678 
4.0 30.5463851 
4.0 33.10591795 
4.0 32.2104559 
4.0 21.9248176 
4.0 21.06061055 
4.0 10.6634066 
4.0 11.16812655 
4.0 29.35201115 
4.0 30.3244354 
4.0 32.32090645 
4.0 32.52720065 
