# Position.Z vs. Particle Type (97 data points):
# "Particle Type" Position.Z
1.0 0.0 
1.0 0.0 
1.0 0.0 
1.0 0.0 
1.0 0.0 
1.0 0.0 
1.0 0.0 
1.0 0.0 
1.0 0.0 
1.0 2.2741768 
1.0 2.2741768 
1.0 2.2741768 
1.0 2.2741768 
1.0 2.2741768 
1.0 2.2741768 
1.0 2.2741768 
1.0 2.2741768 
1.0 2.2741768 
1.0 4.5482773 
1.0 4.17239445 
1.0 4.28679335 
1.0 5.01547585 
1.0 4.44579765 
1.0 4.2594279 
1.0 4.4005227 
1.0 4.54598095 
1.0 4.41279895 
1.0 6.9868106 
1.0 6.66765575 
1.0 6.41973465 
1.0 7.5226578 
1.0 6.38284395 
1.0 6.42088965 
1.0 6.7834816 
1.0 7.17999975 
1.0 7.0542885 
2.0 8.07263835 
2.0 22.93354595 
2.0 8.3670209 
3.0 9.20545045 
3.0 9.38376495 
3.0 23.5205572 
3.0 22.28539005 
3.0 14.113218 
3.0 27.85768055 
3.0 32.5538549 
3.0 30.6835347 
3.0 13.16499275 
3.0 9.44378295 
3.0 31.2861423 
3.0 11.9088074 
3.0 20.59025115 
3.0 9.71088405 
3.0 25.22426375 
3.0 32.15309195 
3.0 30.0680331 
3.0 31.83014555 
3.0 11.47555535 
3.0 10.84685105 
3.0 21.6756106 
3.0 25.8109383 
4.0 13.91360985 
4.0 14.8850149 
4.0 28.2455187 
4.0 27.23774865 
4.0 31.9597691 
4.0 32.8192991 
4.0 30.536212 
4.0 29.89624575 
4.0 12.560884 
4.0 12.57202275 
4.0 9.2121365 
4.0 9.886688 
4.0 31.2638774 
4.0 31.8190481 
4.0 11.30773945 
4.0 12.74616945 
4.0 19.9407523 
4.0 20.51857605 
4.0 9.8110159 
4.0 9.55373755 
4.0 26.1614507 
4.0 24.58415015 
4.0 32.10726575 
4.0 32.0537847 
4.0 30.68218335 
4.0 30.4175879 
4.0 31.6251285 
4.0 32.6203724 
4.0 11.55328685 
4.0 11.50519545 
4.0 11.41979335 
4.0 11.3943641 
4.0 21.2690912 
4.0 22.4623847 
4.0 24.9230646 
4.0 26.04619955 
