# Position.Z vs. Particle Type (97 data points):
# "Particle Type" Position.Z
1.0 0.0 
1.0 0.0 
1.0 0.0 
1.0 0.0 
1.0 0.0 
1.0 0.0 
1.0 0.0 
1.0 0.0 
1.0 0.0 
1.0 2.2741768 
1.0 2.2741768 
1.0 2.2741768 
1.0 2.2741768 
1.0 2.2741768 
1.0 2.2741768 
1.0 2.2741768 
1.0 2.2741768 
1.0 2.2741768 
1.0 5.3518101 
1.0 4.48991655 
1.0 4.1317416 
1.0 4.89326845 
1.0 4.5163391 
1.0 4.62947205 
1.0 4.15186275 
1.0 4.2922418 
1.0 4.21222375 
1.0 6.77262005 
1.0 6.6376338 
1.0 6.2043688 
1.0 7.54005175 
1.0 6.28329345 
1.0 7.40066285 
1.0 7.16756985 
1.0 6.7910241 
1.0 7.2105138 
2.0 7.9484419 
2.0 20.481454 
2.0 8.3289136 
3.0 9.0930084 
3.0 9.51010795 
3.0 20.67191035 
3.0 20.31683955 
3.0 11.8328959 
3.0 27.15526345 
3.0 27.9272931 
3.0 29.509711 
3.0 9.3769501 
3.0 15.2156319 
3.0 28.9579598 
3.0 13.599726 
3.0 24.3142956 
3.0 9.31393225 
3.0 26.19036525 
3.0 31.89111485 
3.0 32.10072355 
3.0 32.1723871 
3.0 12.5504757 
3.0 14.566356 
3.0 25.3313809 
3.0 31.92794815 
4.0 12.7444233 
4.0 11.82381655 
4.0 26.28357025 
4.0 27.4711367 
4.0 27.2878858 
4.0 27.73291115 
4.0 30.3744791 
4.0 29.6298646 
4.0 9.6662951 
4.0 10.0093371 
4.0 16.15841045 
4.0 14.86381225 
4.0 28.5896394 
4.0 28.85601775 
4.0 13.0913937 
4.0 13.39191315 
4.0 23.5961404 
4.0 24.6020656 
4.0 8.50063795 
4.0 9.6743409 
4.0 26.8999612 
4.0 26.76198665 
4.0 31.2031678 
4.0 32.8132924 
4.0 32.0815992 
4.0 31.88217305 
4.0 31.6229382 
4.0 33.12896475 
4.0 13.4368969 
4.0 12.05247505 
4.0 15.37744845 
4.0 14.2863938 
4.0 24.5718004 
4.0 25.0758221 
4.0 31.23814155 
4.0 32.32857915 
