# Position.Z vs. Particle Type (97 data points):
# "Particle Type" Position.Z
1.0 0.0 
1.0 0.0 
1.0 0.0 
1.0 0.0 
1.0 0.0 
1.0 0.0 
1.0 0.0 
1.0 0.0 
1.0 0.0 
1.0 2.2741768 
1.0 2.2741768 
1.0 2.2741768 
1.0 2.2741768 
1.0 2.2741768 
1.0 2.2741768 
1.0 2.2741768 
1.0 2.2741768 
1.0 2.2741768 
1.0 4.31226845 
1.0 4.29854775 
1.0 4.24146695 
1.0 4.6312847 
1.0 4.24124575 
1.0 4.30833095 
1.0 4.9691376 
1.0 4.57232125 
1.0 5.1170343 
1.0 7.6378204 
1.0 7.7444164 
1.0 7.26220075 
1.0 6.8628497 
1.0 6.3859873 
1.0 6.3699027 
1.0 6.7149915 
1.0 6.73113945 
1.0 7.06434925 
2.0 8.59134535 
2.0 11.9061586 
2.0 8.09719435 
3.0 9.65151425 
3.0 9.21524205 
3.0 12.35045385 
3.0 11.6321331 
3.0 11.98219505 
3.0 9.69389155 
3.0 9.6801033 
3.0 15.0014354 
3.0 11.6405772 
3.0 22.72438735 
3.0 32.13849275 
3.0 18.7954991 
3.0 17.3488917 
3.0 18.65439415 
3.0 29.853418 
3.0 20.95177875 
3.0 17.9168521 
3.0 31.87174725 
3.0 13.9388837 
3.0 32.7781405 
3.0 31.4212738 
3.0 28.15848245 
4.0 11.78292885 
4.0 11.6003986 
4.0 9.89961945 
4.0 9.4917004 
4.0 10.5318444 
4.0 9.8163576 
4.0 14.8245244 
4.0 15.3255025 
4.0 11.09456845 
4.0 12.1884224 
4.0 22.5970052 
4.0 23.66808605 
4.0 31.4478724 
4.0 32.99316405 
4.0 19.2794784 
4.0 18.27051485 
4.0 17.8880408 
4.0 17.9663309 
4.0 17.6762355 
4.0 18.58428985 
4.0 30.1000546 
4.0 29.47459235 
4.0 21.26767545 
4.0 20.68976105 
4.0 18.8352976 
4.0 17.5528108 
4.0 32.0314554 
4.0 32.2234297 
4.0 14.52268335 
4.0 13.04555 
4.0 32.39552715 
4.0 32.7871334 
4.0 32.14489075 
4.0 31.3401193 
4.0 27.6474128 
4.0 28.9616411 
