# Position.Z vs. Particle Type (97 data points):
# "Particle Type" Position.Z
1.0 0.0 
1.0 0.0 
1.0 0.0 
1.0 0.0 
1.0 0.0 
1.0 0.0 
1.0 0.0 
1.0 0.0 
1.0 0.0 
1.0 2.2741768 
1.0 2.2741768 
1.0 2.2741768 
1.0 2.2741768 
1.0 2.2741768 
1.0 2.2741768 
1.0 2.2741768 
1.0 2.2741768 
1.0 2.2741768 
1.0 4.3913289 
1.0 4.88482715 
1.0 4.3556072 
1.0 4.3863162 
1.0 4.18514845 
1.0 4.3532195 
1.0 4.8981093 
1.0 4.86561005 
1.0 4.37259655 
1.0 7.35959525 
1.0 7.37075045 
1.0 6.5890573 
1.0 6.90465055 
1.0 7.27805365 
1.0 6.24022 
1.0 6.78845965 
1.0 6.60397465 
1.0 6.7548649 
2.0 8.34174425 
2.0 12.4233165 
2.0 7.80017525 
3.0 9.53171555 
3.0 8.9931618 
3.0 11.25818575 
3.0 13.56443865 
3.0 9.18495935 
3.0 10.5176694 
3.0 10.1609711 
3.0 12.32616315 
3.0 13.95311435 
3.0 13.85100955 
3.0 17.4340663 
3.0 15.00816345 
3.0 12.88023835 
3.0 17.68436775 
3.0 16.0313678 
3.0 15.9445923 
3.0 18.21712235 
3.0 20.1132155 
3.0 19.5166685 
3.0 20.7185881 
3.0 21.0486829 
3.0 19.16946675 
4.0 9.34072335 
4.0 9.266453 
4.0 9.94645085 
4.0 10.64469525 
4.0 9.9613633 
4.0 10.81399795 
4.0 11.4605631 
4.0 12.9848971 
4.0 14.32543385 
4.0 13.51356895 
4.0 14.57883035 
4.0 14.24696805 
4.0 18.22546565 
4.0 17.4293112 
4.0 14.09474745 
4.0 15.5344259 
4.0 13.63326475 
4.0 12.46062965 
4.0 17.21772815 
4.0 18.6339909 
4.0 15.39678245 
4.0 16.67152305 
4.0 15.86671065 
4.0 15.54461965 
4.0 17.3816216 
4.0 18.8773158 
4.0 20.41445455 
4.0 20.02230685 
4.0 19.70920735 
4.0 20.1905886 
4.0 21.50704395 
4.0 19.93745075 
4.0 21.2700691 
4.0 20.4909586 
4.0 19.0816906 
4.0 18.24626685 
