# Position.Z vs. Particle Type (97 data points):
# "Particle Type" Position.Z
1.0 0.0 
1.0 0.0 
1.0 0.0 
1.0 0.0 
1.0 0.0 
1.0 0.0 
1.0 0.0 
1.0 0.0 
1.0 0.0 
1.0 2.2741768 
1.0 2.2741768 
1.0 2.2741768 
1.0 2.2741768 
1.0 2.2741768 
1.0 2.2741768 
1.0 2.2741768 
1.0 2.2741768 
1.0 2.2741768 
1.0 5.15868745 
1.0 5.09580155 
1.0 4.20068705 
1.0 4.3148693 
1.0 4.28062705 
1.0 4.2120771 
1.0 4.5740954 
1.0 4.54985895 
1.0 4.45281235 
1.0 7.05553905 
1.0 6.8883388 
1.0 6.58218645 
1.0 7.58506595 
1.0 7.54209925 
1.0 6.43145895 
1.0 6.48688565 
1.0 6.323226 
1.0 6.97154185 
2.0 8.45527795 
2.0 26.9294697 
2.0 8.049244 
3.0 9.6394739 
3.0 9.1192248 
3.0 27.9665302 
3.0 25.98077195 
3.0 14.1971375 
3.0 9.4464426 
3.0 10.22574665 
3.0 17.67641925 
3.0 11.05803055 
3.0 12.6103733 
3.0 26.5909735 
3.0 15.49999745 
3.0 11.95611795 
3.0 14.92009715 
3.0 29.70976995 
3.0 31.1293325 
3.0 19.15325615 
3.0 32.41313005 
3.0 20.129403 
3.0 17.85709625 
3.0 32.70667295 
3.0 32.0275193 
4.0 14.784917 
4.0 13.5423967 
4.0 10.1194366 
4.0 9.82894395 
4.0 9.29288465 
4.0 10.53854725 
4.0 18.38905705 
4.0 17.8165603 
4.0 11.4258116 
4.0 11.8859629 
4.0 13.10817305 
4.0 11.87417 
4.0 27.15228635 
4.0 25.98901515 
4.0 15.83359155 
4.0 15.2004223 
4.0 12.6917511 
4.0 11.43712465 
4.0 14.1106987 
4.0 15.44292925 
4.0 29.7206042 
4.0 30.6802146 
4.0 31.23983975 
4.0 30.20390275 
4.0 19.18445515 
4.0 18.20016065 
4.0 32.37075485 
4.0 32.69224525 
4.0 19.70854935 
4.0 20.8591593 
4.0 18.0542789 
4.0 17.1687131 
4.0 32.14817515 
4.0 32.12517805 
4.0 32.48509845 
4.0 32.7490107 
