# Position.Z vs. Particle Type (97 data points):
# "Particle Type" Position.Z
1.0 0.0 
1.0 0.0 
1.0 0.0 
1.0 0.0 
1.0 0.0 
1.0 0.0 
1.0 0.0 
1.0 0.0 
1.0 0.0 
1.0 2.2741768 
1.0 2.2741768 
1.0 2.2741768 
1.0 2.2741768 
1.0 2.2741768 
1.0 2.2741768 
1.0 2.2741768 
1.0 2.2741768 
1.0 2.2741768 
1.0 4.3377824 
1.0 4.3961463 
1.0 4.26338675 
1.0 5.07732015 
1.0 4.32331375 
1.0 4.2728287 
1.0 4.32791555 
1.0 4.4193065 
1.0 4.43351195 
1.0 6.62222085 
1.0 6.68849055 
1.0 6.38854265 
1.0 7.40249545 
1.0 6.4666588 
1.0 6.3948899 
1.0 7.2752036 
1.0 6.787389 
1.0 7.22703765 
2.0 7.9881235 
2.0 25.1021309 
2.0 8.55216005 
3.0 9.12253545 
3.0 9.71712455 
3.0 25.3757924 
3.0 24.880506 
3.0 20.53776235 
3.0 21.7844823 
3.0 32.1405056 
3.0 29.0986661 
3.0 12.45054825 
3.0 10.8757817 
3.0 31.5975338 
3.0 17.0169657 
3.0 22.80955075 
3.0 9.44673415 
3.0 32.19890835 
3.0 30.87287 
3.0 31.1146787 
3.0 31.98131755 
3.0 12.13601025 
3.0 14.0866082 
3.0 28.3417386 
3.0 23.5612853 
4.0 21.00098875 
4.0 20.4562701 
4.0 20.96735375 
4.0 22.5378552 
4.0 32.66719085 
4.0 31.30000545 
4.0 28.469238 
4.0 29.35469005 
4.0 12.1036839 
4.0 12.38137565 
4.0 11.2587874 
4.0 11.49692425 
4.0 32.3650474 
4.0 31.5355439 
4.0 17.34302605 
4.0 16.05914835 
4.0 22.33011025 
4.0 23.3249555 
4.0 9.42951695 
4.0 9.7977516 
4.0 32.2644847 
4.0 31.55156445 
4.0 30.7611556 
4.0 31.1632622 
4.0 30.9795829 
4.0 31.91743205 
4.0 31.10858065 
4.0 32.52929645 
4.0 11.40958665 
4.0 12.56096555 
4.0 14.4234566 
4.0 13.38897525 
4.0 27.78870465 
4.0 29.12348985 
4.0 23.1412762 
4.0 23.18398215 
