# Position.Z vs. Particle Type (97 data points):
# "Particle Type" Position.Z
1.0 0.0 
1.0 0.0 
1.0 0.0 
1.0 0.0 
1.0 0.0 
1.0 0.0 
1.0 0.0 
1.0 0.0 
1.0 0.0 
1.0 2.2741768 
1.0 2.2741768 
1.0 2.2741768 
1.0 2.2741768 
1.0 2.2741768 
1.0 2.2741768 
1.0 2.2741768 
1.0 2.2741768 
1.0 2.2741768 
1.0 4.1982759 
1.0 4.64727655 
1.0 4.2839412 
1.0 5.12835085 
1.0 4.2908677 
1.0 4.57868705 
1.0 4.45003545 
1.0 4.64127265 
1.0 4.43959635 
1.0 7.1416114 
1.0 6.524553 
1.0 7.1640296 
1.0 7.21881965 
1.0 6.5087183 
1.0 6.4467753 
1.0 6.89048465 
1.0 7.0079548 
1.0 7.60361665 
2.0 8.22205195 
2.0 10.73957745 
2.0 8.15556 
3.0 9.30288835 
3.0 9.36578475 
3.0 10.18075555 
3.0 11.46346495 
3.0 10.24777145 
3.0 9.42112325 
3.0 13.5401749 
3.0 18.08385425 
3.0 11.7514439 
3.0 22.0838415 
3.0 29.29311945 
3.0 19.5485892 
3.0 15.74820415 
3.0 14.4530722 
3.0 31.4903785 
3.0 24.8491334 
3.0 18.6004406 
3.0 30.81326535 
3.0 14.41334895 
3.0 32.72961475 
3.0 32.3949843 
3.0 30.54927225 
4.0 10.73330055 
4.0 10.0175936 
4.0 10.0122911 
4.0 8.75232575 
4.0 13.07051375 
4.0 14.3707473 
4.0 17.33615625 
4.0 18.83928795 
4.0 11.67423495 
4.0 11.54136865 
4.0 22.17286925 
4.0 21.6372569 
4.0 28.34279735 
4.0 29.8712288 
4.0 19.1949975 
4.0 19.3024426 
4.0 16.4838114 
4.0 15.20211 
4.0 13.88761605 
4.0 14.1484931 
4.0 31.14129585 
4.0 32.25456465 
4.0 24.17091985 
4.0 24.2538968 
4.0 19.4448107 
4.0 18.770619 
4.0 31.31754675 
4.0 31.29944965 
4.0 14.6329141 
4.0 13.50036975 
4.0 32.60774545 
4.0 32.06310905 
4.0 31.7771755 
4.0 32.9724871 
4.0 30.5576096 
4.0 30.25330245 
