# Position.Z vs. Particle Type (97 data points):
# "Particle Type" Position.Z
1.0 0.0 
1.0 0.0 
1.0 0.0 
1.0 0.0 
1.0 0.0 
1.0 0.0 
1.0 0.0 
1.0 0.0 
1.0 0.0 
1.0 2.2741768 
1.0 2.2741768 
1.0 2.2741768 
1.0 2.2741768 
1.0 2.2741768 
1.0 2.2741768 
1.0 2.2741768 
1.0 2.2741768 
1.0 2.2741768 
1.0 4.7492809 
1.0 4.29591855 
1.0 4.6458293 
1.0 5.17743135 
1.0 4.3150191 
1.0 4.3336209 
1.0 4.13285215 
1.0 4.4500281 
1.0 4.5241378 
1.0 6.89486665 
1.0 6.7832814 
1.0 6.251889 
1.0 7.4164405 
1.0 6.6504774 
1.0 7.18669035 
1.0 7.6907908 
1.0 6.6956911 
1.0 7.1844262 
2.0 8.01458735 
2.0 18.8207957 
2.0 8.4871206 
3.0 9.16885585 
3.0 9.61069445 
3.0 18.006135 
3.0 19.4795972 
3.0 13.8591614 
3.0 24.9041737 
3.0 28.0788368 
3.0 31.89475765 
3.0 9.38167405 
3.0 13.56496155 
3.0 29.4424347 
3.0 12.23552785 
3.0 22.55329265 
3.0 10.12896185 
3.0 30.41584035 
3.0 32.3500436 
3.0 31.92477225 
3.0 31.8254671 
3.0 11.41048545 
3.0 17.1431162 
3.0 22.8018959 
3.0 32.26342245 
4.0 13.84189275 
4.0 14.0751842 
4.0 24.88834005 
4.0 24.11650745 
4.0 27.5952103 
4.0 28.64502515 
4.0 32.03374475 
4.0 32.88358255 
4.0 9.812901 
4.0 9.7300896 
4.0 14.47658765 
4.0 13.0228308 
4.0 28.71899905 
4.0 29.76059135 
4.0 12.61757035 
4.0 11.55516215 
4.0 23.45357455 
4.0 22.7361204 
4.0 10.48061525 
4.0 9.4098571 
4.0 30.17045255 
4.0 29.7376226 
4.0 32.3650439 
4.0 32.25440295 
4.0 32.65152905 
4.0 32.06734965 
4.0 31.4380738 
4.0 31.76992805 
4.0 12.3298231 
4.0 11.00108555 
4.0 17.7040829 
4.0 17.1331685 
4.0 23.60591695 
4.0 22.1251471 
4.0 32.40150305 
4.0 31.4652793 
