# Position.Z vs. Particle Type (97 data points):
# "Particle Type" Position.Z
1.0 0.0 
1.0 0.0 
1.0 0.0 
1.0 0.0 
1.0 0.0 
1.0 0.0 
1.0 0.0 
1.0 0.0 
1.0 0.0 
1.0 2.2741768 
1.0 2.2741768 
1.0 2.2741768 
1.0 2.2741768 
1.0 2.2741768 
1.0 2.2741768 
1.0 2.2741768 
1.0 2.2741768 
1.0 2.2741768 
1.0 4.8104882 
1.0 5.4263895 
1.0 4.15844905 
1.0 4.44136455 
1.0 4.26702745 
1.0 4.16233895 
1.0 4.87387565 
1.0 4.56191015 
1.0 4.43935905 
1.0 7.40355875 
1.0 7.70717535 
1.0 6.9612361 
1.0 7.2609579 
1.0 7.97630575 
1.0 6.4521072 
1.0 6.4285613 
1.0 6.1913726 
1.0 6.43853595 
2.0 8.71357935 
2.0 14.14336735 
2.0 7.89614455 
3.0 9.8751471 
3.0 9.07392395 
3.0 15.0532438 
3.0 13.22080725 
3.0 11.1301064 
3.0 11.62031815 
3.0 10.3040049 
3.0 15.08964065 
3.0 15.728972 
3.0 19.16503715 
3.0 21.65545305 
3.0 16.82297155 
3.0 18.75245785 
3.0 21.0237601 
3.0 21.09851975 
3.0 19.23996235 
3.0 22.07843575 
3.0 24.81275545 
3.0 23.3557499 
3.0 25.6787237 
3.0 23.76453765 
3.0 23.7942005 
4.0 10.7349088 
4.0 11.43084355 
4.0 12.2882676 
4.0 10.7415742 
4.0 10.539592 
4.0 10.3864334 
4.0 15.1252983 
4.0 14.4754645 
4.0 16.6419743 
4.0 15.5821925 
4.0 19.63082275 
4.0 18.2523677 
4.0 22.2871607 
4.0 20.86656775 
4.0 16.50908595 
4.0 16.16185025 
4.0 18.34186025 
4.0 18.1253814 
4.0 20.77374775 
4.0 21.9367953 
4.0 20.38925385 
4.0 21.1190252 
4.0 19.69020165 
4.0 20.01525225 
4.0 22.9795181 
4.0 21.4864573 
4.0 25.0818463 
4.0 24.21967905 
4.0 23.75769025 
4.0 22.7109267 
4.0 25.3310918 
4.0 26.58684455 
4.0 24.2533515 
4.0 23.46321775 
4.0 24.5177842 
4.0 22.9621651 
