# Position.Z vs. Particle Type (97 data points):
# "Particle Type" Position.Z
1.0 0.0 
1.0 0.0 
1.0 0.0 
1.0 0.0 
1.0 0.0 
1.0 0.0 
1.0 0.0 
1.0 0.0 
1.0 0.0 
1.0 2.2741768 
1.0 2.2741768 
1.0 2.2741768 
1.0 2.2741768 
1.0 2.2741768 
1.0 2.2741768 
1.0 2.2741768 
1.0 2.2741768 
1.0 2.2741768 
1.0 4.2796453 
1.0 5.59031865 
1.0 4.3398985 
1.0 4.34691775 
1.0 4.2068082 
1.0 4.30270995 
1.0 4.8414667 
1.0 4.69629965 
1.0 4.4599107 
1.0 7.34851005 
1.0 7.46167135 
1.0 6.88431835 
1.0 6.8761875 
1.0 7.686266 
1.0 6.59612905 
1.0 7.00446145 
1.0 6.28786795 
1.0 6.5871281 
2.0 8.4546413 
2.0 16.2675016 
2.0 8.01036075 
3.0 9.6267395 
3.0 9.13797185 
3.0 15.80970965 
3.0 16.7273267 
3.0 10.76972505 
3.0 12.37286785 
3.0 9.49824295 
3.0 23.05717155 
3.0 20.6997112 
3.0 26.1559557 
3.0 25.99975595 
3.0 22.73827185 
3.0 28.09748235 
3.0 24.0467367 
3.0 28.68581975 
3.0 25.45190305 
3.0 25.4941372 
3.0 31.57243635 
3.0 29.7650521 
3.0 28.5505017 
3.0 30.4645621 
3.0 30.07588255 
4.0 11.27553665 
4.0 10.3006407 
4.0 11.44892315 
4.0 12.8516521 
4.0 10.2178237 
4.0 9.7188651 
4.0 22.8517954 
4.0 22.13552005 
4.0 20.96587885 
4.0 21.5644219 
4.0 25.82134555 
4.0 26.2213448 
4.0 26.8607339 
4.0 25.4825697 
4.0 23.572101 
4.0 22.12464695 
4.0 27.5540251 
4.0 28.98786765 
4.0 23.94906535 
4.0 24.05652725 
4.0 27.8161576 
4.0 28.5559631 
4.0 24.7619064 
4.0 25.84635655 
4.0 26.1446815 
4.0 25.8298635 
4.0 32.31134655 
4.0 31.3171733 
4.0 29.5701595 
4.0 30.60930145 
4.0 28.5854975 
4.0 29.40822745 
4.0 30.11086435 
4.0 30.7265826 
4.0 29.549275 
4.0 29.59013365 
