# Position.Z vs. Particle Type (97 data points):
# "Particle Type" Position.Z
1.0 0.0 
1.0 0.0 
1.0 0.0 
1.0 0.0 
1.0 0.0 
1.0 0.0 
1.0 0.0 
1.0 0.0 
1.0 0.0 
1.0 2.2741768 
1.0 2.2741768 
1.0 2.2741768 
1.0 2.2741768 
1.0 2.2741768 
1.0 2.2741768 
1.0 2.2741768 
1.0 2.2741768 
1.0 2.2741768 
1.0 4.19472725 
1.0 5.50370205 
1.0 4.11000695 
1.0 4.52225935 
1.0 4.4034711 
1.0 4.44297 
1.0 4.7181211 
1.0 4.65384815 
1.0 4.35354885 
1.0 7.4059041 
1.0 7.39792515 
1.0 6.8360292 
1.0 6.54928295 
1.0 7.9355465 
1.0 6.31130745 
1.0 6.68639265 
1.0 6.24972775 
1.0 6.72299355 
2.0 8.2032412 
2.0 16.2816997 
2.0 8.0806894 
3.0 9.2450379 
3.0 9.1525308 
3.0 15.56904825 
3.0 16.9998864 
3.0 11.3768816 
3.0 11.3875468 
3.0 9.68929605 
3.0 24.9424413 
3.0 21.37636025 
3.0 27.3694043 
3.0 26.50994745 
3.0 23.57262985 
3.0 29.16115545 
3.0 25.1946093 
3.0 29.78962875 
3.0 26.01988025 
3.0 27.34017475 
3.0 32.0386024 
3.0 30.3551136 
3.0 29.28986795 
3.0 31.49935985 
3.0 31.5316407 
4.0 10.89009215 
4.0 12.3076583 
4.0 11.1787907 
4.0 12.0595279 
4.0 10.2324453 
4.0 9.10046305 
4.0 25.8417201 
4.0 24.3061224 
4.0 20.4892898 
4.0 21.9357579 
4.0 26.8725268 
4.0 27.07294695 
4.0 27.29719615 
4.0 25.9514801 
4.0 22.85568005 
4.0 23.5026015 
4.0 28.5503722 
4.0 30.04830395 
4.0 25.1559686 
4.0 25.65409455 
4.0 29.09904935 
4.0 29.5392972 
4.0 25.1879306 
4.0 25.9400939 
4.0 28.20844775 
4.0 27.3378875 
4.0 32.99287915 
4.0 31.60797745 
4.0 31.19877145 
4.0 30.1578816 
4.0 29.65223065 
4.0 29.55544585 
4.0 31.6491497 
4.0 31.8857791 
4.0 30.5919887 
4.0 31.4771114 
