# Position.Z vs. Particle Type (97 data points):
# "Particle Type" Position.Z
1.0 0.0 
1.0 0.0 
1.0 0.0 
1.0 0.0 
1.0 0.0 
1.0 0.0 
1.0 0.0 
1.0 0.0 
1.0 0.0 
1.0 2.2741768 
1.0 2.2741768 
1.0 2.2741768 
1.0 2.2741768 
1.0 2.2741768 
1.0 2.2741768 
1.0 2.2741768 
1.0 2.2741768 
1.0 2.2741768 
1.0 4.3864989 
1.0 4.70860985 
1.0 4.4105873 
1.0 4.43689365 
1.0 4.2726929 
1.0 4.1613831 
1.0 4.35856295 
1.0 4.4464483 
1.0 4.96670265 
1.0 6.6989944 
1.0 7.14259175 
1.0 6.74531025 
1.0 6.8631521 
1.0 7.65267405 
1.0 6.3143717 
1.0 6.2813009 
1.0 6.5111998 
1.0 7.45390345 
2.0 7.94744265 
2.0 27.30397285 
2.0 8.15449915 
3.0 9.1205625 
3.0 9.362108 
3.0 28.35060655 
3.0 26.2150301 
3.0 18.37428565 
3.0 10.9737705 
3.0 13.60612505 
3.0 17.0457224 
3.0 9.2084916 
3.0 14.2432934 
3.0 31.667468 
3.0 18.4906421 
3.0 15.24983845 
3.0 12.02797015 
3.0 31.81981075 
3.0 29.66924835 
3.0 17.5169827 
3.0 31.8037566 
3.0 22.00208605 
3.0 10.06041575 
3.0 30.2719165 
3.0 32.66981655 
4.0 18.90666645 
4.0 19.021996 
4.0 11.7068812 
4.0 11.2803705 
4.0 13.7132695 
4.0 13.2641152 
4.0 17.4120289 
4.0 17.6254778 
4.0 8.71884335 
4.0 9.6561451 
4.0 13.82752105 
4.0 15.1744726 
4.0 32.42013005 
4.0 30.91210395 
4.0 17.5330232 
4.0 18.71973985 
4.0 14.713447 
4.0 14.6827184 
4.0 11.7543461 
4.0 11.3988077 
4.0 31.03144275 
4.0 32.5525515 
4.0 30.3096598 
4.0 29.1930807 
4.0 17.42426735 
4.0 17.78859355 
4.0 32.2628572 
4.0 32.4614976 
4.0 21.45209045 
4.0 22.443225 
4.0 10.49785975 
4.0 9.49298595 
4.0 30.41648995 
4.0 30.4083787 
4.0 32.3411284 
4.0 32.0268648 
