# Position.Z vs. Particle Type (97 data points):
# "Particle Type" Position.Z
1.0 0.0 
1.0 0.0 
1.0 0.0 
1.0 0.0 
1.0 0.0 
1.0 0.0 
1.0 0.0 
1.0 0.0 
1.0 0.0 
1.0 2.2741768 
1.0 2.2741768 
1.0 2.2741768 
1.0 2.2741768 
1.0 2.2741768 
1.0 2.2741768 
1.0 2.2741768 
1.0 2.2741768 
1.0 2.2741768 
1.0 4.4028138 
1.0 4.65846465 
1.0 4.56051995 
1.0 5.07856405 
1.0 4.2254723 
1.0 4.44387615 
1.0 4.50771405 
1.0 5.0049951 
1.0 4.2397236 
1.0 7.52282125 
1.0 6.52462685 
1.0 7.0384328 
1.0 7.7584017 
1.0 6.3081249 
1.0 6.82117975 
1.0 6.6187044 
1.0 6.99793115 
1.0 7.3676106 
2.0 8.8201631 
2.0 11.1417194 
2.0 8.2539373 
3.0 9.8320558 
3.0 9.4601402 
3.0 11.4757671 
3.0 10.94321935 
3.0 9.1943586 
3.0 10.64348775 
3.0 12.91246145 
3.0 18.80556615 
3.0 11.57301985 
3.0 22.3723612 
3.0 29.28071475 
3.0 19.24427995 
3.0 15.8591062 
3.0 13.48042115 
3.0 32.29759855 
3.0 24.94776935 
3.0 18.7352298 
3.0 31.09051925 
3.0 14.1832698 
3.0 32.8774628 
3.0 31.77572405 
3.0 30.67455335 
4.0 9.66715155 
4.0 9.3111676 
4.0 10.0984863 
4.0 11.24218725 
4.0 12.0514212 
4.0 12.69077005 
4.0 17.92969045 
4.0 19.397903 
4.0 11.725854 
4.0 10.79443925 
4.0 21.7492744 
4.0 21.9185715 
4.0 28.3908772 
4.0 29.8992652 
4.0 18.38906405 
4.0 18.9534065 
4.0 15.93959395 
4.0 15.38139015 
4.0 13.76844595 
4.0 14.15326675 
4.0 32.3976002 
4.0 33.25695135 
4.0 24.07980855 
4.0 25.5628254 
4.0 19.3249077 
4.0 18.710909 
4.0 30.85787075 
4.0 31.4850585 
4.0 14.03128615 
4.0 13.54360945 
4.0 32.5294585 
4.0 32.0516448 
4.0 31.46132885 
4.0 32.72414565 
4.0 30.93542865 
4.0 30.10838845 
