# Position.Z vs. Particle Type (97 data points):
# "Particle Type" Position.Z
1.0 0.0 
1.0 0.0 
1.0 0.0 
1.0 0.0 
1.0 0.0 
1.0 0.0 
1.0 0.0 
1.0 0.0 
1.0 0.0 
1.0 2.2741768 
1.0 2.2741768 
1.0 2.2741768 
1.0 2.2741768 
1.0 2.2741768 
1.0 2.2741768 
1.0 2.2741768 
1.0 2.2741768 
1.0 2.2741768 
1.0 5.0258586 
1.0 4.43839305 
1.0 4.9276472 
1.0 4.9427644 
1.0 4.28645385 
1.0 4.48032865 
1.0 4.24991385 
1.0 4.7580834 
1.0 4.3118397 
1.0 6.93658595 
1.0 7.08678145 
1.0 6.35955145 
1.0 7.83025425 
1.0 6.722149 
1.0 7.2739205 
1.0 7.1424304 
1.0 6.5366301 
1.0 7.20538385 
2.0 8.57451455 
2.0 21.18701445 
2.0 8.50229695 
3.0 9.5805822 
3.0 9.6701731 
3.0 20.8702515 
3.0 21.6090028 
3.0 12.97528715 
3.0 30.12304785 
3.0 27.58511525 
3.0 29.8423363 
3.0 9.3585506 
3.0 14.3997154 
3.0 29.7185854 
3.0 15.99904215 
3.0 24.31830345 
3.0 11.16398325 
3.0 25.35504615 
3.0 32.18917205 
3.0 32.8119946 
3.0 32.4934827 
3.0 10.1566542 
3.0 11.50051385 
3.0 26.81393085 
3.0 32.51196095 
4.0 12.31765535 
4.0 12.34405725 
4.0 30.3272592 
4.0 30.96035845 
4.0 26.97265095 
4.0 27.94735755 
4.0 29.52035135 
4.0 29.2957413 
4.0 9.8309288 
4.0 9.8095704 
4.0 13.65622125 
4.0 14.9731862 
4.0 30.07704875 
4.0 29.8726659 
4.0 16.10471205 
4.0 15.646176 
4.0 24.8589222 
4.0 23.45263025 
4.0 11.19239555 
4.0 11.82010725 
4.0 24.55023655 
4.0 25.29691745 
4.0 32.90418355 
4.0 32.65064075 
4.0 32.0658478 
4.0 32.5937332 
4.0 32.50927785 
4.0 32.31319105 
4.0 10.16491735 
4.0 9.45012145 
4.0 11.3620941 
4.0 12.4234817 
4.0 27.3464394 
4.0 26.97357285 
4.0 31.99991795 
4.0 33.27754815 
