# Position.Z vs. Particle Type (97 data points):
# "Particle Type" Position.Z
1.0 0.0 
1.0 0.0 
1.0 0.0 
1.0 0.0 
1.0 0.0 
1.0 0.0 
1.0 0.0 
1.0 0.0 
1.0 0.0 
1.0 2.2741768 
1.0 2.2741768 
1.0 2.2741768 
1.0 2.2741768 
1.0 2.2741768 
1.0 2.2741768 
1.0 2.2741768 
1.0 2.2741768 
1.0 2.2741768 
1.0 4.2724493 
1.0 4.2699713 
1.0 4.4153305 
1.0 5.3569299 
1.0 4.20885745 
1.0 4.53206705 
1.0 4.31273115 
1.0 4.6600617 
1.0 4.59781175 
1.0 6.92074075 
1.0 6.94480535 
1.0 6.37247345 
1.0 7.32029515 
1.0 6.5029839 
1.0 6.5698829 
1.0 7.6355013 
1.0 6.64879425 
1.0 7.420567 
2.0 7.8854447 
2.0 16.4059287 
2.0 8.523711 
3.0 9.03348775 
3.0 9.7076707 
3.0 16.0173447 
3.0 16.72832175 
3.0 11.00084265 
3.0 25.28051855 
3.0 31.8277673 
3.0 31.80716 
3.0 10.60127915 
3.0 9.68452485 
3.0 29.8038013 
3.0 12.9838086 
3.0 18.8837873 
3.0 9.2460879 
3.0 26.2098284 
3.0 32.6667719 
3.0 27.4851892 
3.0 28.4494301 
3.0 13.9164823 
3.0 11.89813205 
3.0 21.47219165 
3.0 30.5565862 
4.0 10.47244905 
4.0 10.5631477 
4.0 25.78107735 
4.0 24.35127415 
4.0 32.5511466 
4.0 31.09724275 
4.0 30.9682366 
4.0 31.6602916 
4.0 10.13017355 
4.0 10.59323965 
4.0 10.3150943 
4.0 8.8172147 
4.0 30.43416075 
4.0 28.94605875 
4.0 12.61174005 
4.0 12.21123015 
4.0 19.4224338 
4.0 18.01426935 
4.0 10.10368345 
4.0 9.0634887 
4.0 26.23710705 
4.0 25.56401715 
4.0 32.1658043 
4.0 32.86872925 
4.0 26.52441155 
4.0 27.7109511 
4.0 28.5206446 
4.0 27.547303 
4.0 13.627313 
4.0 13.2294295 
4.0 12.7411158 
4.0 12.2546893 
4.0 21.67423125 
4.0 20.7394061 
4.0 31.0268875 
4.0 29.72285995 
