# Position.Z vs. Particle Type (97 data points):
# "Particle Type" Position.Z
1.0 0.0 
1.0 0.0 
1.0 0.0 
1.0 0.0 
1.0 0.0 
1.0 0.0 
1.0 0.0 
1.0 0.0 
1.0 0.0 
1.0 2.2741768 
1.0 2.2741768 
1.0 2.2741768 
1.0 2.2741768 
1.0 2.2741768 
1.0 2.2741768 
1.0 2.2741768 
1.0 2.2741768 
1.0 2.2741768 
1.0 4.36440025 
1.0 5.18129535 
1.0 4.6923842 
1.0 4.7112296 
1.0 4.39127535 
1.0 4.21380995 
1.0 4.47365835 
1.0 4.5469179 
1.0 4.3368402 
1.0 6.55567675 
1.0 7.1121519 
1.0 6.83335765 
1.0 7.28262395 
1.0 7.77305445 
1.0 6.3866901 
1.0 6.7045482 
1.0 6.4879115 
1.0 6.66255415 
2.0 8.3172558 
2.0 26.03387115 
2.0 7.8593963 
3.0 9.4422111 
3.0 9.0653206 
3.0 24.922184 
3.0 27.0642239 
3.0 15.2259058 
3.0 9.65668025 
3.0 14.6946646 
3.0 21.3406417 
3.0 10.5272958 
3.0 12.9059784 
3.0 25.51102505 
3.0 18.83691705 
3.0 11.64483495 
3.0 15.9697972 
3.0 28.89440785 
3.0 32.337998 
3.0 20.04468375 
3.0 32.03388475 
3.0 17.3286778 
3.0 20.51570465 
3.0 32.4567467 
3.0 32.13865375 
4.0 14.89219445 
4.0 14.4745916 
4.0 10.28399715 
4.0 10.160143 
4.0 13.88571345 
4.0 14.91759395 
4.0 21.36653015 
4.0 21.38717175 
4.0 10.40584125 
4.0 11.27885955 
4.0 13.7489345 
4.0 12.3611229 
4.0 24.7808099 
4.0 25.19084155 
4.0 17.87797165 
4.0 18.85905945 
4.0 10.8627113 
4.0 11.2852642 
4.0 15.8502344 
4.0 16.1474663 
4.0 29.03021975 
4.0 27.947297 
4.0 31.9920237 
4.0 31.84784085 
4.0 20.55277875 
4.0 19.8088919 
4.0 31.9800397 
4.0 33.01441675 
4.0 18.21176525 
4.0 16.6067622 
4.0 20.1233886 
4.0 19.7155728 
4.0 32.824379 
4.0 31.5106694 
4.0 31.75542545 
4.0 32.2102872 
