# Position.Z vs. Particle Type (97 data points):
# "Particle Type" Position.Z
1.0 0.0 
1.0 0.0 
1.0 0.0 
1.0 0.0 
1.0 0.0 
1.0 0.0 
1.0 0.0 
1.0 0.0 
1.0 0.0 
1.0 2.2741768 
1.0 2.2741768 
1.0 2.2741768 
1.0 2.2741768 
1.0 2.2741768 
1.0 2.2741768 
1.0 2.2741768 
1.0 2.2741768 
1.0 2.2741768 
1.0 4.59262125 
1.0 4.480028 
1.0 4.29559655 
1.0 4.49586305 
1.0 4.43576595 
1.0 4.31012225 
1.0 4.29636375 
1.0 4.32116335 
1.0 4.8436598 
1.0 6.809047 
1.0 6.783021 
1.0 7.45669715 
1.0 6.5647729 
1.0 6.49524015 
1.0 6.92634075 
1.0 6.37826 
1.0 6.3965538 
1.0 7.15208795 
2.0 7.96473265 
2.0 24.0611462 
2.0 8.16178405 
3.0 9.13824415 
3.0 9.34163685 
3.0 24.5752402 
3.0 23.6511023 
3.0 21.1092042 
3.0 17.6350335 
3.0 17.26865 
3.0 23.44983025 
3.0 9.56097695 
3.0 19.81435855 
3.0 31.82602255 
3.0 18.43254595 
3.0 19.183745 
3.0 10.16362375 
3.0 32.4189159 
3.0 26.15647475 
3.0 23.55149335 
3.0 28.8370558 
3.0 20.1897605 
3.0 10.86597855 
3.0 30.67710625 
3.0 32.19807675 
4.0 20.6597727 
4.0 20.74861705 
4.0 17.0010092 
4.0 17.8408104 
4.0 18.0775749 
4.0 16.6691833 
4.0 23.38485975 
4.0 22.994811 
4.0 9.60401855 
4.0 9.773995 
4.0 19.7469566 
4.0 19.414066 
4.0 32.7005154 
4.0 31.76096385 
4.0 19.1772035 
4.0 17.99311395 
4.0 18.83106295 
4.0 19.42171245 
4.0 10.15316225 
4.0 9.4458854 
4.0 31.89466805 
4.0 31.88304245 
4.0 26.0814281 
4.0 25.90973245 
4.0 22.7042151 
4.0 24.0147145 
4.0 29.52450725 
4.0 28.9296679 
4.0 19.66690355 
4.0 19.642847 
4.0 11.57351475 
4.0 11.0295815 
4.0 30.4968573 
4.0 30.6535327 
4.0 32.60286995 
4.0 32.8370091 
