# Position.Z vs. Particle Type (97 data points):
# "Particle Type" Position.Z
1.0 0.0 
1.0 0.0 
1.0 0.0 
1.0 0.0 
1.0 0.0 
1.0 0.0 
1.0 0.0 
1.0 0.0 
1.0 0.0 
1.0 2.2741768 
1.0 2.2741768 
1.0 2.2741768 
1.0 2.2741768 
1.0 2.2741768 
1.0 2.2741768 
1.0 2.2741768 
1.0 2.2741768 
1.0 2.2741768 
1.0 4.47596485 
1.0 4.50437085 
1.0 4.37528245 
1.0 5.2077564 
1.0 4.55193375 
1.0 4.34076965 
1.0 4.22558325 
1.0 4.26148555 
1.0 4.4162111 
1.0 6.6294718 
1.0 6.57810685 
1.0 6.3452004 
1.0 7.56088445 
1.0 6.5699648 
1.0 6.44875945 
1.0 7.07669165 
1.0 6.51760165 
1.0 7.4787979 
2.0 7.6667864 
2.0 23.5355757 
2.0 8.5292242 
3.0 8.8980731 
3.0 9.63982495 
3.0 23.519846 
3.0 23.61763215 
3.0 19.4827423 
3.0 20.6615122 
3.0 32.12736275 
3.0 29.9508713 
3.0 12.2744895 
3.0 9.1202566 
3.0 32.3724996 
3.0 17.8326078 
3.0 27.48882325 
3.0 9.4932404 
3.0 31.87812425 
3.0 31.6892884 
3.0 32.54834065 
3.0 27.64245715 
3.0 13.2600692 
3.0 10.7507904 
3.0 26.33963255 
3.0 19.53623035 
4.0 19.273653 
4.0 19.8124297 
4.0 20.32820405 
4.0 20.9766704 
4.0 32.9283122 
4.0 32.396049 
4.0 29.13954505 
4.0 30.6107907 
4.0 12.61585395 
4.0 11.82720945 
4.0 9.39965565 
4.0 9.71383245 
4.0 32.9061166 
4.0 32.0249048 
4.0 17.15132965 
4.0 17.81472175 
4.0 27.25873745 
4.0 28.2119733 
4.0 9.53919645 
4.0 10.06773285 
4.0 31.10626085 
4.0 31.566759 
4.0 31.78151865 
4.0 32.55295995 
4.0 32.08839375 
4.0 32.52365795 
4.0 27.03116885 
4.0 27.0910752 
4.0 13.4373414 
4.0 12.69591785 
4.0 10.0606863 
4.0 11.0379395 
4.0 25.48696325 
4.0 27.03799385 
4.0 19.4236217 
4.0 19.85078795 
