# Position.Z vs. Particle Type (97 data points):
# "Particle Type" Position.Z
1.0 0.0 
1.0 0.0 
1.0 0.0 
1.0 0.0 
1.0 0.0 
1.0 0.0 
1.0 0.0 
1.0 0.0 
1.0 0.0 
1.0 2.2741768 
1.0 2.2741768 
1.0 2.2741768 
1.0 2.2741768 
1.0 2.2741768 
1.0 2.2741768 
1.0 2.2741768 
1.0 2.2741768 
1.0 2.2741768 
1.0 4.58645075 
1.0 4.4414657 
1.0 4.34807625 
1.0 4.40600615 
1.0 4.27693455 
1.0 4.61803615 
1.0 4.5144589 
1.0 4.43088625 
1.0 5.18049455 
1.0 6.72335965 
1.0 7.43835085 
1.0 7.3363339 
1.0 6.9554471 
1.0 6.5859969 
1.0 7.10305995 
1.0 6.52033865 
1.0 6.5599233 
1.0 7.3430427 
2.0 8.2178992 
2.0 24.61025105 
2.0 8.5032997 
3.0 9.44433455 
3.0 9.7427533 
3.0 25.60634685 
3.0 23.7085849 
3.0 22.9822971 
3.0 22.24339495 
3.0 27.52916705 
3.0 32.3611547 
3.0 9.0558377 
3.0 20.72348845 
3.0 32.2941416 
3.0 18.76642495 
3.0 25.0801446 
3.0 18.22221555 
3.0 25.8575674 
3.0 28.4113347 
3.0 31.4635566 
3.0 31.43373205 
3.0 20.15390965 
3.0 11.9085897 
3.0 29.13136555 
3.0 27.12269105 
4.0 23.04774955 
4.0 22.01342605 
4.0 21.88084605 
4.0 22.6246034 
4.0 26.7415673 
4.0 28.056392 
4.0 32.7513788 
4.0 32.9865676 
4.0 9.1735987 
4.0 9.97059665 
4.0 21.128926 
4.0 20.66857485 
4.0 31.92796495 
4.0 31.8126781 
4.0 19.7439354 
4.0 18.5528903 
4.0 24.86870785 
4.0 24.54898425 
4.0 17.3860778 
4.0 19.02409145 
4.0 26.4045033 
4.0 26.36691225 
4.0 27.72343245 
4.0 29.27168265 
4.0 32.05922265 
4.0 30.73692475 
4.0 31.7424065 
4.0 31.77560365 
4.0 19.3615562 
4.0 19.65239465 
4.0 11.3560272 
4.0 11.7380403 
4.0 29.38221405 
4.0 28.15245545 
4.0 27.51682115 
4.0 26.4441863 
