# Position.Z vs. Particle Type (97 data points):
# "Particle Type" Position.Z
1.0 0.0 
1.0 0.0 
1.0 0.0 
1.0 0.0 
1.0 0.0 
1.0 0.0 
1.0 0.0 
1.0 0.0 
1.0 0.0 
1.0 2.2741768 
1.0 2.2741768 
1.0 2.2741768 
1.0 2.2741768 
1.0 2.2741768 
1.0 2.2741768 
1.0 2.2741768 
1.0 2.2741768 
1.0 2.2741768 
1.0 4.5522967 
1.0 4.39767685 
1.0 4.1675879 
1.0 4.3564731 
1.0 4.53390455 
1.0 4.57269995 
1.0 4.41999215 
1.0 4.35826965 
1.0 5.33027355 
1.0 6.5940385 
1.0 7.63234395 
1.0 7.45756935 
1.0 7.39898775 
1.0 6.45391215 
1.0 6.6482423 
1.0 6.6477159 
1.0 6.62126745 
1.0 6.9686932 
2.0 8.2590137 
2.0 25.5502611 
2.0 8.46139525 
3.0 9.3937592 
3.0 9.6685729 
3.0 24.46302635 
3.0 26.6220262 
3.0 20.58474565 
3.0 14.4618159 
3.0 17.80682855 
3.0 18.2774816 
3.0 9.315992 
3.0 16.34156685 
3.0 30.92585265 
3.0 18.3185597 
3.0 17.85633745 
3.0 12.9510353 
3.0 31.44734915 
3.0 24.5603939 
3.0 20.6016902 
3.0 29.6736097 
3.0 22.27830675 
3.0 10.1731245 
3.0 32.30975685 
3.0 32.63709855 
4.0 19.8177273 
4.0 20.6281677 
4.0 15.354318 
4.0 14.02945635 
4.0 17.091599 
4.0 18.4760625 
4.0 18.0873217 
4.0 17.7497838 
4.0 9.56624235 
4.0 9.7907607 
4.0 15.4817425 
4.0 16.4444763 
4.0 30.8983451 
4.0 30.39018815 
4.0 17.94136365 
4.0 18.67008465 
4.0 17.31402645 
4.0 17.67725855 
4.0 12.81460705 
4.0 12.28521245 
4.0 32.21387015 
4.0 31.0662226 
4.0 23.84002705 
4.0 24.5736155 
4.0 21.1522591 
4.0 19.76132655 
4.0 28.7364007 
4.0 30.0974989 
4.0 21.5705672 
4.0 21.87519705 
4.0 9.6681683 
4.0 9.69086755 
4.0 31.4853574 
4.0 32.76740915 
4.0 32.2511798 
4.0 32.5131121 
