# Position.Z vs. Particle Type (97 data points):
# "Particle Type" Position.Z
1.0 0.0 
1.0 0.0 
1.0 0.0 
1.0 0.0 
1.0 0.0 
1.0 0.0 
1.0 0.0 
1.0 0.0 
1.0 0.0 
1.0 2.2741768 
1.0 2.2741768 
1.0 2.2741768 
1.0 2.2741768 
1.0 2.2741768 
1.0 2.2741768 
1.0 2.2741768 
1.0 2.2741768 
1.0 2.2741768 
1.0 4.36620275 
1.0 5.17906935 
1.0 4.31513005 
1.0 4.20415135 
1.0 4.6036403 
1.0 4.28231965 
1.0 4.39342085 
1.0 4.22017295 
1.0 5.04015295 
1.0 6.71639605 
1.0 7.577794 
1.0 7.1312668 
1.0 7.11027415 
1.0 7.67082855 
1.0 6.49685925 
1.0 6.3038745 
1.0 6.4916887 
1.0 7.21941325 
2.0 8.37043515 
2.0 27.48220615 
2.0 8.53630155 
3.0 9.55046155 
3.0 9.7860378 
3.0 27.79923965 
3.0 27.17577625 
3.0 18.63328845 
3.0 9.602523 
3.0 12.34661575 
3.0 16.30797455 
3.0 9.2989099 
3.0 14.1893297 
3.0 32.08338105 
3.0 18.47004145 
3.0 15.2874393 
3.0 12.15772565 
3.0 32.6347448 
3.0 30.50748155 
3.0 16.77644465 
3.0 32.38438525 
3.0 20.70264455 
3.0 10.9927027 
3.0 31.3647656 
3.0 32.18564405 
4.0 18.90943425 
4.0 18.01848265 
4.0 9.8112112 
4.0 10.5237678 
4.0 12.8735677 
4.0 12.7702218 
4.0 16.95621515 
4.0 16.78079935 
4.0 8.9526535 
4.0 9.13492545 
4.0 13.4389479 
4.0 14.87808455 
4.0 32.62879515 
4.0 32.4432675 
4.0 17.64424165 
4.0 19.13566305 
4.0 14.7079814 
4.0 15.5085364 
4.0 12.4021765 
4.0 11.45148795 
4.0 31.9684631 
4.0 32.60075735 
4.0 29.5625169 
4.0 30.73006475 
4.0 16.89282665 
4.0 17.12987955 
4.0 31.70155625 
4.0 32.85941295 
4.0 21.02280285 
4.0 20.5964073 
4.0 11.10700675 
4.0 10.76539135 
4.0 30.8246785 
4.0 31.7989693 
4.0 32.1943125 
4.0 31.90866595 
