# Position.Z vs. Particle Type (97 data points):
# "Particle Type" Position.Z
1.0 0.0 
1.0 0.0 
1.0 0.0 
1.0 0.0 
1.0 0.0 
1.0 0.0 
1.0 0.0 
1.0 0.0 
1.0 0.0 
1.0 2.2741768 
1.0 2.2741768 
1.0 2.2741768 
1.0 2.2741768 
1.0 2.2741768 
1.0 2.2741768 
1.0 2.2741768 
1.0 2.2741768 
1.0 2.2741768 
1.0 4.40917155 
1.0 5.2449978 
1.0 4.38534145 
1.0 4.62900515 
1.0 4.44185945 
1.0 4.65183145 
1.0 4.6692352 
1.0 4.30791655 
1.0 4.46722465 
1.0 7.6775265 
1.0 7.63172095 
1.0 7.1138263 
1.0 7.09884665 
1.0 7.04821985 
1.0 6.59549765 
1.0 7.0466655 
1.0 6.46664095 
1.0 6.83198425 
2.0 8.7285142 
2.0 23.1883813 
2.0 8.23336815 
3.0 9.88094975 
3.0 9.34960005 
3.0 22.4340515 
3.0 23.7810391 
3.0 13.79820715 
3.0 9.38565285 
3.0 11.77691655 
3.0 21.87014095 
3.0 11.48706545 
3.0 13.3460635 
3.0 30.1037842 
3.0 18.0319643 
3.0 11.00741915 
3.0 13.00171005 
3.0 27.0896885 
3.0 32.29558535 
3.0 18.18668775 
3.0 31.2749297 
3.0 16.08856305 
3.0 17.07772325 
3.0 31.88857805 
3.0 31.833942 
4.0 13.21704475 
4.0 13.25014145 
4.0 9.79529635 
4.0 9.83886505 
4.0 11.6834592 
4.0 11.46910555 
4.0 21.3501771 
4.0 22.603798 
4.0 11.77292025 
4.0 10.9251667 
4.0 12.38382285 
4.0 13.33812095 
4.0 30.0885291 
4.0 31.07666415 
4.0 18.0258386 
4.0 18.77229165 
4.0 11.84886465 
4.0 10.53307395 
4.0 13.6924627 
4.0 13.54540425 
4.0 26.8726507 
4.0 26.38111595 
4.0 31.8124121 
4.0 32.51828825 
4.0 17.6484959 
4.0 17.77346515 
4.0 31.49891815 
4.0 31.7319324 
4.0 15.4862743 
4.0 15.99789275 
4.0 17.9634833 
4.0 17.0081548 
4.0 32.0880161 
4.0 31.2289761 
4.0 31.83014415 
4.0 32.7872769 
