# Position.Z vs. Particle Type (97 data points):
# "Particle Type" Position.Z
1.0 0.0 
1.0 0.0 
1.0 0.0 
1.0 0.0 
1.0 0.0 
1.0 0.0 
1.0 0.0 
1.0 0.0 
1.0 0.0 
1.0 2.2741768 
1.0 2.2741768 
1.0 2.2741768 
1.0 2.2741768 
1.0 2.2741768 
1.0 2.2741768 
1.0 2.2741768 
1.0 2.2741768 
1.0 2.2741768 
1.0 4.1559854 
1.0 4.4621654 
1.0 4.252353 
1.0 4.2718459 
1.0 4.4779819 
1.0 4.3901844 
1.0 4.6060077 
1.0 4.494112 
1.0 5.02915245 
1.0 7.3801903 
1.0 7.4901442 
1.0 7.10630095 
1.0 6.37861175 
1.0 6.84879055 
1.0 6.36629525 
1.0 6.45262275 
1.0 6.51991235 
1.0 7.1589077 
2.0 8.3177514 
2.0 26.7135981 
2.0 8.50046365 
3.0 9.3413033 
3.0 9.6532849 
3.0 26.20495185 
3.0 27.01151005 
3.0 20.02219835 
3.0 12.6756378 
3.0 15.69367835 
3.0 17.7621199 
3.0 9.08591775 
3.0 14.9942737 
3.0 31.4653297 
3.0 18.5563728 
3.0 16.564247 
3.0 12.58282655 
3.0 31.90782 
3.0 26.5859027 
3.0 18.65087 
3.0 30.3365734 
3.0 22.8021451 
3.0 9.90523695 
3.0 29.64739785 
3.0 32.5337376 
4.0 19.9288915 
4.0 20.98915 
4.0 12.715311 
4.0 13.2932121 
4.0 16.6266786 
4.0 15.2001311 
4.0 18.3303953 
4.0 17.7822841 
4.0 9.36732055 
4.0 9.55463425 
4.0 14.56676515 
4.0 14.30414755 
4.0 30.893737 
4.0 31.71899535 
4.0 17.77759655 
4.0 18.7925731 
4.0 16.50736745 
4.0 15.9998832 
4.0 12.97990155 
4.0 12.0236375 
4.0 31.5964607 
4.0 32.6653621 
4.0 26.8015685 
4.0 25.6234195 
4.0 18.5523268 
4.0 18.8363791 
4.0 29.80294345 
4.0 30.94552615 
4.0 22.1052188 
4.0 22.33565285 
4.0 9.03389095 
4.0 10.4794235 
4.0 29.77347345 
4.0 29.715322 
4.0 31.82314065 
4.0 32.2618772 
