# Position.Z vs. Particle Type (97 data points):
# "Particle Type" Position.Z
1.0 0.0 
1.0 0.0 
1.0 0.0 
1.0 0.0 
1.0 0.0 
1.0 0.0 
1.0 0.0 
1.0 0.0 
1.0 0.0 
1.0 2.2741768 
1.0 2.2741768 
1.0 2.2741768 
1.0 2.2741768 
1.0 2.2741768 
1.0 2.2741768 
1.0 2.2741768 
1.0 2.2741768 
1.0 2.2741768 
1.0 4.3663844 
1.0 4.6363828 
1.0 4.27289415 
1.0 4.4233798 
1.0 4.4050209 
1.0 4.2360374 
1.0 4.51578575 
1.0 4.47383265 
1.0 5.09666535 
1.0 7.2672355 
1.0 7.56334075 
1.0 7.6182106 
1.0 6.88921485 
1.0 6.6673649 
1.0 6.5138976 
1.0 6.2803552 
1.0 6.4093918 
1.0 7.1456322 
2.0 8.4794388 
2.0 26.04754915 
2.0 8.50952095 
3.0 9.67656585 
3.0 9.65774705 
3.0 25.00404585 
3.0 27.1035317 
3.0 20.67206785 
3.0 13.78760495 
3.0 16.4984624 
3.0 17.8628478 
3.0 9.59218225 
3.0 14.97131685 
3.0 32.4278598 
3.0 18.5063753 
3.0 17.47240425 
3.0 13.16377195 
3.0 32.06402185 
3.0 25.2551201 
3.0 19.6162519 
3.0 29.9940312 
3.0 22.7826571 
3.0 10.37888145 
3.0 30.8786716 
3.0 32.7092332 
4.0 20.7580765 
4.0 21.58612575 
4.0 13.06627455 
4.0 14.32673025 
4.0 17.2694683 
4.0 15.763055 
4.0 18.6433961 
4.0 18.12197835 
4.0 9.8466578 
4.0 9.41724735 
4.0 14.8157912 
4.0 14.735231 
4.0 32.3030953 
4.0 33.48045155 
4.0 17.56528165 
4.0 18.9145845 
4.0 17.9596648 
4.0 16.8015596 
4.0 13.4584114 
4.0 13.76121075 
4.0 32.7441142 
4.0 31.74122525 
4.0 24.7297015 
4.0 25.4565248 
4.0 19.41794155 
4.0 19.23889555 
4.0 29.21471315 
4.0 30.60639295 
4.0 22.51513635 
4.0 22.1621785 
4.0 10.73749635 
4.0 10.00548745 
4.0 30.01700415 
4.0 31.10631055 
4.0 32.91528975 
4.0 32.5869103 
