# Position.Z vs. Particle Type (97 data points):
# "Particle Type" Position.Z
1.0 0.0 
1.0 0.0 
1.0 0.0 
1.0 0.0 
1.0 0.0 
1.0 0.0 
1.0 0.0 
1.0 0.0 
1.0 0.0 
1.0 2.2741768 
1.0 2.2741768 
1.0 2.2741768 
1.0 2.2741768 
1.0 2.2741768 
1.0 2.2741768 
1.0 2.2741768 
1.0 2.2741768 
1.0 2.2741768 
1.0 4.5234091 
1.0 4.31285925 
1.0 4.3162588 
1.0 5.0354619 
1.0 4.4177819 
1.0 4.2908313 
1.0 4.2573041 
1.0 4.3082669 
1.0 4.60510435 
1.0 6.55084745 
1.0 6.7152862 
1.0 6.51337925 
1.0 7.3205671 
1.0 6.42703075 
1.0 6.61356535 
1.0 7.2537283 
1.0 6.79064225 
1.0 7.0690634 
2.0 7.71394645 
2.0 17.3327469 
2.0 8.34855385 
3.0 8.9045754 
3.0 9.5238605 
3.0 18.0505437 
3.0 16.7521571 
3.0 13.7751635 
3.0 25.50808085 
3.0 29.2931688 
3.0 31.9206286 
3.0 8.8864776 
3.0 14.4657415 
3.0 27.76964855 
3.0 13.59450995 
3.0 22.10067125 
3.0 10.3226263 
3.0 29.5296001 
3.0 32.3856967 
3.0 27.6164854 
3.0 31.77277845 
3.0 12.06432535 
3.0 15.6844723 
3.0 20.39285815 
3.0 31.60727675 
4.0 14.23305205 
4.0 12.90404675 
4.0 24.74634295 
4.0 25.699289 
4.0 28.99175825 
4.0 30.18355655 
4.0 31.15489545 
4.0 31.53382785 
4.0 9.1555702 
4.0 9.30547485 
4.0 15.23109035 
4.0 14.50902355 
4.0 28.2325848 
4.0 26.94550075 
4.0 13.72240415 
4.0 12.94131405 
4.0 22.24253325 
4.0 21.2113524 
4.0 10.73886555 
4.0 10.33977385 
4.0 28.8834378 
4.0 29.01539025 
4.0 32.1191647 
4.0 31.8617334 
4.0 27.06202695 
4.0 27.25070635 
4.0 32.174254 
4.0 31.54378395 
4.0 12.59455225 
4.0 12.64728815 
4.0 14.7626948 
4.0 15.69639925 
4.0 19.7871037 
4.0 21.09469915 
4.0 31.71624995 
4.0 32.44135055 
