# Position.Z vs. Particle Type (97 data points):
# "Particle Type" Position.Z
1.0 0.0 
1.0 0.0 
1.0 0.0 
1.0 0.0 
1.0 0.0 
1.0 0.0 
1.0 0.0 
1.0 0.0 
1.0 0.0 
1.0 2.2741768 
1.0 2.2741768 
1.0 2.2741768 
1.0 2.2741768 
1.0 2.2741768 
1.0 2.2741768 
1.0 2.2741768 
1.0 2.2741768 
1.0 2.2741768 
1.0 4.71733815 
1.0 5.79412155 
1.0 4.54798785 
1.0 4.48180285 
1.0 4.40128115 
1.0 4.4930445 
1.0 4.3938685 
1.0 4.69971565 
1.0 4.54817405 
1.0 7.33681235 
1.0 7.9914807 
1.0 6.80341445 
1.0 7.14294315 
1.0 8.267434 
1.0 6.85427855 
1.0 6.5201304 
1.0 6.11207415 
1.0 6.86748755 
2.0 8.799315 
2.0 13.6670121 
2.0 7.91683865 
3.0 9.8985481 
3.0 9.09617765 
3.0 13.1939423 
3.0 14.0405391 
3.0 10.17308915 
3.0 12.03563585 
3.0 9.6825708 
3.0 18.96603765 
3.0 22.8687095 
3.0 27.3870219 
3.0 31.62412435 
3.0 23.299325 
3.0 26.145889 
3.0 21.8154062 
3.0 30.2979299 
3.0 25.1588099 
3.0 28.09999465 
3.0 32.5452337 
3.0 20.93341635 
3.0 32.3679566 
3.0 31.1655631 
3.0 31.73428545 
4.0 9.18524705 
4.0 10.5259875 
4.0 11.4056992 
4.0 12.7168349 
4.0 10.41197465 
4.0 9.8441399 
4.0 18.2993426 
4.0 18.4517907 
4.0 23.764839 
4.0 22.1543329 
4.0 28.1662437 
4.0 26.82421 
4.0 32.5762815 
4.0 31.1854963 
4.0 23.5282985 
4.0 23.16299265 
4.0 26.8709021 
4.0 26.4595191 
4.0 21.4373131 
4.0 22.6169433 
4.0 29.42286445 
4.0 30.98367615 
4.0 24.1966249 
4.0 25.3004752 
4.0 28.2956954 
4.0 27.14269705 
4.0 32.56755565 
4.0 32.2963032 
4.0 21.0925239 
4.0 20.7871188 
4.0 32.7088636 
4.0 31.82628715 
4.0 30.40779035 
4.0 30.9457379 
4.0 31.5008722 
4.0 32.7223442 
