# Position.Z vs. Particle Type (97 data points):
# "Particle Type" Position.Z
1.0 0.0 
1.0 0.0 
1.0 0.0 
1.0 0.0 
1.0 0.0 
1.0 0.0 
1.0 0.0 
1.0 0.0 
1.0 0.0 
1.0 2.2741768 
1.0 2.2741768 
1.0 2.2741768 
1.0 2.2741768 
1.0 2.2741768 
1.0 2.2741768 
1.0 2.2741768 
1.0 2.2741768 
1.0 2.2741768 
1.0 4.23550225 
1.0 4.48480445 
1.0 4.52390295 
1.0 5.08781945 
1.0 4.284728 
1.0 4.3561427 
1.0 4.31321205 
1.0 4.59812955 
1.0 4.23675595 
1.0 6.99447 
1.0 6.7151483 
1.0 6.42265785 
1.0 7.3877321 
1.0 6.5124731 
1.0 6.37429905 
1.0 6.63990355 
1.0 6.8007968 
1.0 6.97906965 
2.0 7.97835815 
2.0 22.30847535 
2.0 7.9446059 
3.0 9.1812196 
3.0 9.0945449 
3.0 22.85234875 
3.0 21.5728198 
3.0 12.84647175 
3.0 29.4891765 
3.0 32.61242985 
3.0 31.5946057 
3.0 12.43717265 
3.0 8.7939866 
3.0 32.28414945 
3.0 11.19648985 
3.0 20.50630365 
3.0 9.4228645 
3.0 24.0029769 
3.0 32.02914225 
3.0 30.49615905 
3.0 32.58727955 
3.0 11.39486985 
3.0 10.5677558 
3.0 21.2551213 
3.0 26.10735365 
4.0 12.788965 
4.0 12.0218525 
4.0 29.08239565 
4.0 28.7630406 
4.0 32.18486635 
4.0 31.8936058 
4.0 31.79271795 
4.0 31.6431192 
4.0 12.7098216 
4.0 12.0844038 
4.0 8.96539525 
4.0 9.54873605 
4.0 32.22274475 
4.0 33.2531213 
4.0 10.4422206 
4.0 12.0021083 
4.0 20.938288 
4.0 19.55655065 
4.0 9.69140025 
4.0 9.97687775 
4.0 23.68695875 
4.0 23.86057205 
4.0 33.01315955 
4.0 31.5212926 
4.0 31.3245863 
4.0 30.65630645 
4.0 32.7285406 
4.0 32.6066041 
4.0 11.47946905 
4.0 11.01372685 
4.0 10.71116375 
4.0 10.2871902 
4.0 21.3489843 
4.0 20.4496208 
4.0 25.6374552 
4.0 26.86701955 
