# Position.Z vs. Particle Type (97 data points):
# "Particle Type" Position.Z
1.0 0.0 
1.0 0.0 
1.0 0.0 
1.0 0.0 
1.0 0.0 
1.0 0.0 
1.0 0.0 
1.0 0.0 
1.0 0.0 
1.0 2.2741768 
1.0 2.2741768 
1.0 2.2741768 
1.0 2.2741768 
1.0 2.2741768 
1.0 2.2741768 
1.0 2.2741768 
1.0 2.2741768 
1.0 2.2741768 
1.0 4.4217047 
1.0 5.45636175 
1.0 4.39783365 
1.0 4.64523325 
1.0 4.235658 
1.0 4.48479885 
1.0 4.48980175 
1.0 4.354728 
1.0 4.0967808 
1.0 6.90356555 
1.0 7.07880075 
1.0 6.5772497 
1.0 6.841457 
1.0 7.71258285 
1.0 6.63772305 
1.0 6.8710852 
1.0 6.29176765 
1.0 7.0291998 
2.0 8.21624125 
2.0 12.6129458 
2.0 8.08313765 
3.0 9.37745165 
3.0 9.31960995 
3.0 12.1958494 
3.0 12.9475423 
3.0 9.67515255 
3.0 10.17312485 
3.0 9.97784515 
3.0 12.57514615 
3.0 14.539434 
3.0 15.34575525 
3.0 18.30171245 
3.0 16.17235655 
3.0 14.76962935 
3.0 18.5563364 
3.0 17.2259087 
3.0 16.7438054 
3.0 19.16616975 
3.0 21.20470065 
3.0 20.67735705 
3.0 22.23166505 
3.0 21.06806135 
3.0 19.99488155 
4.0 9.97311525 
4.0 9.6736339 
4.0 9.5404092 
4.0 10.3459594 
4.0 9.8213185 
4.0 10.6000244 
4.0 12.2899567 
4.0 12.86111295 
4.0 15.24297775 
4.0 14.3476011 
4.0 15.82654465 
4.0 14.9173542 
4.0 19.14253845 
4.0 18.46378975 
4.0 15.45489925 
4.0 16.88191575 
4.0 15.72913405 
4.0 14.46480175 
4.0 18.0735765 
4.0 19.35528455 
4.0 16.37483435 
4.0 17.30880655 
4.0 17.11715145 
4.0 16.7099646 
4.0 18.390015 
4.0 19.28207085 
4.0 21.3988985 
4.0 20.81493365 
4.0 20.26213525 
4.0 21.42866005 
4.0 22.6372713 
4.0 21.531566 
4.0 21.44641695 
4.0 21.02905595 
4.0 20.52957935 
4.0 19.06251235 
