# Position.Z vs. Particle Type (97 data points):
# "Particle Type" Position.Z
1.0 0.0 
1.0 0.0 
1.0 0.0 
1.0 0.0 
1.0 0.0 
1.0 0.0 
1.0 0.0 
1.0 0.0 
1.0 0.0 
1.0 2.2741768 
1.0 2.2741768 
1.0 2.2741768 
1.0 2.2741768 
1.0 2.2741768 
1.0 2.2741768 
1.0 2.2741768 
1.0 2.2741768 
1.0 2.2741768 
1.0 4.4083221 
1.0 5.2670681 
1.0 4.2261758 
1.0 4.3541015 
1.0 4.31520285 
1.0 4.36759505 
1.0 4.244394 
1.0 4.62272335 
1.0 4.54714225 
1.0 6.8561066 
1.0 6.97434605 
1.0 6.6402609 
1.0 7.4003874 
1.0 7.83745795 
1.0 6.25284205 
1.0 6.430039 
1.0 6.4770118 
1.0 6.7720674 
2.0 8.17597445 
2.0 16.30921635 
2.0 7.7573762 
3.0 9.33398795 
3.0 8.8353349 
3.0 17.2055954 
3.0 15.3937511 
3.0 9.1612864 
3.0 10.03449825 
3.0 12.7815184 
3.0 14.8825243 
3.0 11.48542465 
3.0 19.29923835 
3.0 31.4705097 
3.0 16.10450695 
3.0 14.21215215 
3.0 11.4515982 
3.0 29.09067735 
3.0 32.459539 
3.0 19.76877805 
3.0 32.49315615 
3.0 18.8539547 
3.0 24.01391055 
3.0 31.92285775 
3.0 32.24509085 
4.0 9.15223155 
4.0 9.16431705 
4.0 10.8093027 
4.0 10.27572525 
4.0 13.29452985 
4.0 11.90237055 
4.0 14.6311564 
4.0 14.93652265 
4.0 11.3616055 
4.0 11.75339515 
4.0 20.0758306 
4.0 18.64181305 
4.0 32.43209655 
4.0 31.08422485 
4.0 16.73120015 
4.0 16.21663155 
4.0 14.485079 
4.0 13.48964785 
4.0 12.105394 
4.0 10.5972545 
4.0 29.85449985 
4.0 28.4216814 
4.0 31.976273 
4.0 32.44333365 
4.0 19.67155715 
4.0 20.68049655 
4.0 31.86650215 
4.0 32.4920722 
4.0 19.40578885 
4.0 19.015227 
4.0 24.37082375 
4.0 24.69818015 
4.0 32.63791545 
4.0 31.92639905 
4.0 31.8655316 
4.0 33.02184305 
