# Position.Z vs. Particle Type (97 data points):
# "Particle Type" Position.Z
1.0 0.0 
1.0 0.0 
1.0 0.0 
1.0 0.0 
1.0 0.0 
1.0 0.0 
1.0 0.0 
1.0 0.0 
1.0 0.0 
1.0 2.2741768 
1.0 2.2741768 
1.0 2.2741768 
1.0 2.2741768 
1.0 2.2741768 
1.0 2.2741768 
1.0 2.2741768 
1.0 2.2741768 
1.0 2.2741768 
1.0 4.2499065 
1.0 5.0126895 
1.0 4.30079895 
1.0 4.32199075 
1.0 4.51326715 
1.0 4.44211495 
1.0 4.82682935 
1.0 4.6156691 
1.0 4.3482992 
1.0 7.2677955 
1.0 7.34723535 
1.0 6.75172365 
1.0 7.06967765 
1.0 7.42466165 
1.0 6.33985275 
1.0 6.4753885 
1.0 6.61942785 
1.0 6.59265985 
2.0 8.34912015 
2.0 27.40451735 
2.0 8.0617677 
3.0 9.5485327 
3.0 9.27956505 
3.0 27.96316495 
3.0 26.81464065 
3.0 15.31674795 
3.0 9.02095985 
3.0 10.2353356 
3.0 13.944266 
3.0 10.54160485 
3.0 11.98700755 
3.0 28.7145712 
3.0 13.5638699 
3.0 12.4151559 
3.0 12.75031065 
3.0 32.11723375 
3.0 29.2003173 
3.0 19.42088295 
3.0 31.83420485 
3.0 18.5680698 
3.0 16.58537195 
3.0 32.41566895 
3.0 31.78133385 
4.0 15.681897 
4.0 14.45497095 
4.0 9.60636915 
4.0 9.59372085 
4.0 10.0850722 
4.0 9.55808525 
4.0 14.43823325 
4.0 14.30284905 
4.0 11.07119195 
4.0 10.38160375 
4.0 12.43378045 
4.0 11.16780805 
4.0 28.4959115 
4.0 28.45889935 
4.0 13.09133 
4.0 13.29429605 
4.0 12.5019237 
4.0 12.20765315 
4.0 13.3913311 
4.0 12.42802995 
4.0 31.94191525 
4.0 31.97163375 
4.0 29.74006945 
4.0 29.06904455 
4.0 20.3241472 
4.0 19.25196665 
4.0 31.07644855 
4.0 32.51979115 
4.0 19.0876728 
4.0 17.7795289 
4.0 17.3422739 
4.0 16.01813115 
4.0 32.4575916 
4.0 32.34954695 
4.0 32.664814 
4.0 31.92294175 
