# Position.Z vs. Particle Type (97 data points):
# "Particle Type" Position.Z
1.0 0.0 
1.0 0.0 
1.0 0.0 
1.0 0.0 
1.0 0.0 
1.0 0.0 
1.0 0.0 
1.0 0.0 
1.0 0.0 
1.0 2.2741768 
1.0 2.2741768 
1.0 2.2741768 
1.0 2.2741768 
1.0 2.2741768 
1.0 2.2741768 
1.0 2.2741768 
1.0 2.2741768 
1.0 2.2741768 
1.0 4.49533245 
1.0 5.35810765 
1.0 4.3496334 
1.0 4.4988419 
1.0 4.36428545 
1.0 4.33372835 
1.0 4.7232955 
1.0 4.43484335 
1.0 4.7981493 
1.0 7.0377706 
1.0 7.67616605 
1.0 6.8351325 
1.0 8.20217335 
1.0 6.6591616 
1.0 6.6479063 
1.0 7.20199165 
1.0 6.52795465 
1.0 7.02574145 
2.0 8.4644728 
2.0 14.62602505 
2.0 8.28157365 
3.0 9.64794495 
3.0 9.5069905 
3.0 13.63969915 
3.0 15.59920985 
3.0 9.25343755 
3.0 12.0722301 
3.0 13.892655 
3.0 15.9544609 
3.0 10.2425442 
3.0 17.6539069 
3.0 28.32251275 
3.0 19.2967866 
3.0 12.82915655 
3.0 10.59374855 
3.0 28.53271715 
3.0 31.73347905 
3.0 18.91715805 
3.0 31.3696824 
3.0 16.0028953 
3.0 31.31361765 
3.0 30.8501452 
3.0 32.43174025 
4.0 9.5234209 
4.0 9.9204077 
4.0 11.0902302 
4.0 12.3079796 
4.0 13.12819935 
4.0 14.52855005 
4.0 16.68646665 
4.0 15.45136215 
4.0 10.95996195 
4.0 10.12963 
4.0 17.4977019 
4.0 18.4529905 
4.0 28.5188148 
4.0 27.6058237 
4.0 19.70884545 
4.0 18.3457498 
4.0 13.5566088 
4.0 13.19387125 
4.0 10.0387273 
4.0 11.1822571 
4.0 29.310176 
4.0 28.01736455 
4.0 32.6700591 
4.0 31.1750537 
4.0 18.7388999 
4.0 19.13634205 
4.0 31.01153755 
4.0 30.95566285 
4.0 16.4058853 
4.0 15.14248925 
4.0 31.49028365 
4.0 32.1797448 
4.0 30.00317845 
4.0 31.0920785 
4.0 32.24315395 
4.0 32.2883862 
