# Position.Z vs. Particle Type (97 data points):
# "Particle Type" Position.Z
1.0 0.0 
1.0 0.0 
1.0 0.0 
1.0 0.0 
1.0 0.0 
1.0 0.0 
1.0 0.0 
1.0 0.0 
1.0 0.0 
1.0 2.2741768 
1.0 2.2741768 
1.0 2.2741768 
1.0 2.2741768 
1.0 2.2741768 
1.0 2.2741768 
1.0 2.2741768 
1.0 2.2741768 
1.0 2.2741768 
1.0 4.41860055 
1.0 4.35532545 
1.0 4.56454845 
1.0 5.1146263 
1.0 4.42413615 
1.0 4.2071379 
1.0 4.39010355 
1.0 5.4069372 
1.0 4.3308937 
1.0 7.6869961 
1.0 7.0270459 
1.0 6.9913851 
1.0 8.3640578 
1.0 6.7300989 
1.0 6.65740145 
1.0 7.40569655 
1.0 6.9183646 
1.0 6.82427795 
2.0 8.6719948 
2.0 13.0480497 
2.0 8.50321255 
3.0 9.8161938 
3.0 9.5260802 
3.0 12.8864071 
3.0 13.18932545 
3.0 11.23509835 
3.0 12.9557358 
3.0 14.80859065 
3.0 20.2950335 
3.0 9.83063865 
3.0 18.32371135 
3.0 32.0255306 
3.0 16.66445305 
3.0 14.0578305 
3.0 11.6703083 
3.0 28.90627495 
3.0 30.2504167 
3.0 20.12850105 
3.0 31.64643965 
3.0 15.8485257 
3.0 30.88789095 
3.0 31.32135265 
3.0 32.7527025 
4.0 10.82392955 
4.0 12.1643123 
4.0 12.2349164 
4.0 12.48611385 
4.0 14.1230257 
4.0 15.64083465 
4.0 20.25008265 
4.0 19.80679295 
4.0 9.28073895 
4.0 10.6050378 
4.0 18.7949818 
4.0 17.76306385 
4.0 32.8984635 
4.0 32.07656655 
4.0 16.3837107 
4.0 15.8300702 
4.0 14.18737285 
4.0 14.6170164 
4.0 12.4320161 
4.0 10.98242705 
4.0 29.63214485 
4.0 28.14953015 
4.0 29.8423524 
4.0 30.2356978 
4.0 21.02105775 
4.0 20.1900167 
4.0 31.7981188 
4.0 32.2681555 
4.0 16.7175603 
4.0 15.27321705 
4.0 30.16555885 
4.0 31.00685035 
4.0 32.08261455 
4.0 30.5997629 
4.0 32.04350905 
4.0 32.37841075 
