# Position.Z vs. Particle Type (97 data points):
# "Particle Type" Position.Z
1.0 0.0 
1.0 0.0 
1.0 0.0 
1.0 0.0 
1.0 0.0 
1.0 0.0 
1.0 0.0 
1.0 0.0 
1.0 0.0 
1.0 2.2741768 
1.0 2.2741768 
1.0 2.2741768 
1.0 2.2741768 
1.0 2.2741768 
1.0 2.2741768 
1.0 2.2741768 
1.0 2.2741768 
1.0 2.2741768 
1.0 4.62845985 
1.0 4.21155 
1.0 4.30703805 
1.0 4.5919517 
1.0 4.3658818 
1.0 4.0930022 
1.0 4.2941122 
1.0 4.37596215 
1.0 4.9100625 
1.0 6.65648445 
1.0 7.5727078 
1.0 7.17398045 
1.0 7.109284 
1.0 6.5422966 
1.0 6.4693699 
1.0 6.3745808 
1.0 6.34320155 
1.0 6.883107 
2.0 8.45572875 
2.0 24.9617095 
2.0 8.4313019 
3.0 9.6135403 
3.0 9.5714773 
3.0 24.39274775 
3.0 25.5637214 
3.0 20.5834909 
3.0 15.5178366 
3.0 18.41654675 
3.0 18.69081865 
3.0 8.9969908 
3.0 17.7008447 
3.0 30.9972733 
3.0 18.49429925 
3.0 18.20807625 
3.0 11.96614615 
3.0 32.22218195 
3.0 24.3683272 
3.0 21.06956215 
3.0 29.32390195 
3.0 21.6480551 
3.0 9.3584071 
3.0 31.7502843 
3.0 32.4543702 
4.0 19.98283525 
4.0 21.44577225 
4.0 14.8893038 
4.0 16.4175487 
4.0 18.6637885 
4.0 17.789548 
4.0 18.24007605 
4.0 18.3462461 
4.0 9.67359785 
4.0 9.4821104 
4.0 17.70840295 
4.0 17.9736417 
4.0 31.40737985 
4.0 30.7106562 
4.0 17.80707215 
4.0 19.2816253 
4.0 17.4563907 
4.0 18.02318805 
4.0 12.00587115 
4.0 11.7868548 
4.0 31.9744663 
4.0 32.85755095 
4.0 23.4855775 
4.0 24.40175325 
4.0 20.83332755 
4.0 20.58496615 
4.0 29.18758885 
4.0 28.5011804 
4.0 20.85608175 
4.0 22.3621125 
4.0 8.397361 
4.0 9.3022986 
4.0 31.0605953 
4.0 32.6029214 
4.0 32.21534505 
4.0 32.5131856 
