# Position.Z vs. Particle Type (97 data points):
# "Particle Type" Position.Z
1.0 0.0 
1.0 0.0 
1.0 0.0 
1.0 0.0 
1.0 0.0 
1.0 0.0 
1.0 0.0 
1.0 0.0 
1.0 0.0 
1.0 2.2741768 
1.0 2.2741768 
1.0 2.2741768 
1.0 2.2741768 
1.0 2.2741768 
1.0 2.2741768 
1.0 2.2741768 
1.0 2.2741768 
1.0 2.2741768 
1.0 4.6207469 
1.0 5.25771295 
1.0 4.28628445 
1.0 4.220041 
1.0 4.6555866 
1.0 4.5563504 
1.0 4.35712095 
1.0 4.7602156 
1.0 4.2965384 
1.0 7.4211508 
1.0 7.53462885 
1.0 6.41365515 
1.0 7.12318565 
1.0 7.6243874 
1.0 6.63217485 
1.0 6.8943903 
1.0 6.54551135 
1.0 6.75317405 
2.0 8.41127 
2.0 16.2166893 
2.0 7.9054108 
3.0 9.60304555 
3.0 9.0631338 
3.0 15.09218095 
3.0 17.3202694 
3.0 12.23884865 
3.0 12.33000825 
3.0 9.54404115 
3.0 27.3318794 
3.0 24.4402088 
3.0 29.22330145 
3.0 28.9404164 
3.0 25.130637 
3.0 31.33533515 
3.0 27.265966 
3.0 32.178944 
3.0 27.73693615 
3.0 29.76902915 
3.0 32.1736856 
3.0 30.1276661 
3.0 31.6808898 
3.0 32.9093114 
3.0 32.2399756 
4.0 12.68477035 
4.0 11.44676085 
4.0 12.4046692 
4.0 12.74921165 
4.0 10.4235943 
4.0 9.4049676 
4.0 28.24092005 
4.0 26.84737195 
4.0 24.25637025 
4.0 24.8288278 
4.0 29.02897165 
4.0 29.1227734 
4.0 29.32556445 
4.0 28.28759465 
4.0 24.8758391 
4.0 26.06138255 
4.0 30.6814382 
4.0 31.98038445 
4.0 26.92067 
4.0 26.7171037 
4.0 31.62400325 
4.0 31.788141 
4.0 27.37888755 
4.0 28.4594562 
4.0 29.76519315 
4.0 30.56226425 
4.0 32.22052645 
4.0 32.83521885 
4.0 30.8970361 
4.0 29.5970682 
4.0 30.7157606 
4.0 31.81633315 
4.0 32.61434225 
4.0 32.91073695 
4.0 32.40735225 
4.0 32.9671713 
