# Position.Z vs. Particle Type (97 data points):
# "Particle Type" Position.Z
1.0 0.0 
1.0 0.0 
1.0 0.0 
1.0 0.0 
1.0 0.0 
1.0 0.0 
1.0 0.0 
1.0 0.0 
1.0 0.0 
1.0 2.2741768 
1.0 2.2741768 
1.0 2.2741768 
1.0 2.2741768 
1.0 2.2741768 
1.0 2.2741768 
1.0 2.2741768 
1.0 2.2741768 
1.0 2.2741768 
1.0 4.9406217 
1.0 5.3962755 
1.0 4.1875505 
1.0 4.41925645 
1.0 4.2288638 
1.0 4.44835195 
1.0 4.31779005 
1.0 4.67059775 
1.0 4.65581655 
1.0 6.74137695 
1.0 7.78320935 
1.0 6.97923905 
1.0 7.5826772 
1.0 8.1572729 
1.0 6.91456745 
1.0 6.8057934 
1.0 6.4738625 
1.0 6.7965926 
2.0 8.61740495 
2.0 27.8859385 
2.0 8.37557245 
3.0 9.6912921 
3.0 9.4026541 
3.0 28.3145135 
3.0 27.37265545 
3.0 17.06513375 
3.0 10.09648815 
3.0 12.7168993 
3.0 13.35693415 
3.0 9.97939495 
3.0 11.7239955 
3.0 32.7900524 
3.0 15.02047015 
3.0 13.8822621 
3.0 11.3343482 
3.0 32.0304026 
3.0 29.07231215 
3.0 16.99504835 
3.0 31.89058565 
3.0 17.29444675 
3.0 14.62677405 
3.0 30.4829924 
3.0 32.0374852 
4.0 17.37562925 
4.0 16.22481945 
4.0 10.88962315 
4.0 10.21041035 
4.0 12.1550555 
4.0 12.0734845 
4.0 13.9685546 
4.0 13.82849335 
4.0 10.0277331 
4.0 9.6102881 
4.0 12.33271235 
4.0 11.058026 
4.0 32.64064615 
4.0 32.5790087 
4.0 14.8573894 
4.0 14.33922 
4.0 14.61856025 
4.0 14.160398 
4.0 12.15839065 
4.0 11.52249455 
4.0 31.9474372 
4.0 32.20049315 
4.0 28.18419135 
4.0 29.48447215 
4.0 17.0512755 
4.0 17.57409255 
4.0 31.4375502 
4.0 31.1924977 
4.0 18.1830957 
4.0 17.0650781 
4.0 13.9807234 
4.0 15.3109124 
4.0 29.94521705 
4.0 31.2716782 
4.0 31.86565515 
4.0 33.0109892 
