# Position.Z vs. Particle Type (97 data points):
# "Particle Type" Position.Z
1.0 0.0 
1.0 0.0 
1.0 0.0 
1.0 0.0 
1.0 0.0 
1.0 0.0 
1.0 0.0 
1.0 0.0 
1.0 0.0 
1.0 2.2741768 
1.0 2.2741768 
1.0 2.2741768 
1.0 2.2741768 
1.0 2.2741768 
1.0 2.2741768 
1.0 2.2741768 
1.0 2.2741768 
1.0 2.2741768 
1.0 4.5249428 
1.0 5.14293815 
1.0 4.23401895 
1.0 4.7866525 
1.0 4.2875021 
1.0 4.3435007 
1.0 4.74891165 
1.0 4.60244785 
1.0 4.4753625 
1.0 7.5622652 
1.0 7.50290415 
1.0 6.8515055 
1.0 7.3204467 
1.0 7.50427195 
1.0 6.4558459 
1.0 6.7050452 
1.0 6.44411075 
1.0 6.9618577 
2.0 8.7357067 
2.0 16.25511825 
2.0 8.05406525 
3.0 9.97692325 
3.0 9.2535583 
3.0 16.06797395 
3.0 16.42432295 
3.0 10.6520442 
3.0 12.51287695 
3.0 9.4978191 
3.0 20.89024455 
3.0 20.3415429 
3.0 24.90334035 
3.0 25.84184435 
3.0 20.78263355 
3.0 26.61881075 
3.0 22.886507 
3.0 27.1572413 
3.0 25.1896617 
3.0 26.1795184 
3.0 30.34806075 
3.0 29.24878005 
3.0 28.32872385 
3.0 28.9209655 
3.0 28.7608405 
4.0 11.38801055 
4.0 10.61347035 
4.0 12.42537065 
4.0 13.43924995 
4.0 10.07017445 
4.0 9.9104999 
4.0 21.0859089 
4.0 20.02859565 
4.0 20.55727905 
4.0 21.164927 
4.0 24.87317595 
4.0 25.29551745 
4.0 26.525373 
4.0 25.08802835 
4.0 20.3874433 
4.0 21.39831785 
4.0 26.12150415 
4.0 27.51955115 
4.0 22.9091324 
4.0 23.28127375 
4.0 26.47159935 
4.0 26.8784719 
4.0 24.39167255 
4.0 25.49823535 
4.0 26.1486939 
4.0 25.80821495 
4.0 31.1892763 
4.0 29.6898973 
4.0 29.9004825 
4.0 28.46694095 
4.0 28.3141684 
4.0 28.64799 
4.0 28.87882795 
4.0 29.40236775 
4.0 29.04930385 
4.0 28.11504395 
