# Position.Z vs. Particle Type (97 data points):
# "Particle Type" Position.Z
1.0 0.0 
1.0 0.0 
1.0 0.0 
1.0 0.0 
1.0 0.0 
1.0 0.0 
1.0 0.0 
1.0 0.0 
1.0 0.0 
1.0 2.2741768 
1.0 2.2741768 
1.0 2.2741768 
1.0 2.2741768 
1.0 2.2741768 
1.0 2.2741768 
1.0 2.2741768 
1.0 2.2741768 
1.0 2.2741768 
1.0 5.0103543 
1.0 4.43028775 
1.0 4.417868 
1.0 4.3387771 
1.0 4.3886493 
1.0 4.334484 
1.0 4.20247555 
1.0 4.4868432 
1.0 4.6018665 
1.0 6.96935995 
1.0 7.23165275 
1.0 6.4114239 
1.0 7.01290135 
1.0 6.47944955 
1.0 7.4936981 
1.0 6.26519075 
1.0 6.46061045 
1.0 7.08808905 
2.0 8.4266259 
2.0 24.8540985 
2.0 8.33424935 
3.0 9.57110245 
3.0 9.3858296 
3.0 25.22380735 
3.0 24.44078455 
3.0 22.70971535 
3.0 21.72842175 
3.0 27.091953 
3.0 29.1543553 
3.0 9.38812105 
3.0 19.8815351 
3.0 32.18456605 
3.0 20.70141045 
3.0 23.9583645 
3.0 18.5088834 
3.0 24.2129902 
3.0 30.03753515 
3.0 32.3183889 
3.0 32.0720967 
3.0 19.60630315 
3.0 9.67235535 
3.0 28.19465355 
3.0 28.7351638 
4.0 22.01172505 
4.0 23.5347399 
4.0 20.8972666 
4.0 22.4261156 
4.0 27.4959986 
4.0 26.18896665 
4.0 30.0588715 
4.0 28.7202279 
4.0 10.1073056 
4.0 9.36737375 
4.0 19.47005585 
4.0 20.79085855 
4.0 32.52664905 
4.0 32.3194564 
4.0 20.89511865 
4.0 21.5522986 
4.0 23.5072383 
4.0 23.4549616 
4.0 19.44109545 
4.0 18.57560495 
4.0 23.7117384 
4.0 24.3753958 
4.0 30.23329785 
4.0 29.06778315 
4.0 33.02981395 
4.0 32.13774725 
4.0 32.70898015 
4.0 31.26529735 
4.0 19.8042306 
4.0 20.4268183 
4.0 8.75941255 
4.0 9.81598065 
4.0 27.78717235 
4.0 29.15372775 
4.0 29.4060697 
4.0 29.12674275 
