# Position.Z vs. Particle Type (97 data points):
# "Particle Type" Position.Z
1.0 0.0 
1.0 0.0 
1.0 0.0 
1.0 0.0 
1.0 0.0 
1.0 0.0 
1.0 0.0 
1.0 0.0 
1.0 0.0 
1.0 2.2741768 
1.0 2.2741768 
1.0 2.2741768 
1.0 2.2741768 
1.0 2.2741768 
1.0 2.2741768 
1.0 2.2741768 
1.0 2.2741768 
1.0 2.2741768 
1.0 4.36094015 
1.0 4.29103185 
1.0 4.40624905 
1.0 5.37518135 
1.0 4.35568245 
1.0 4.29390815 
1.0 4.58274705 
1.0 4.2903119 
1.0 4.36479505 
1.0 6.69285015 
1.0 6.71015625 
1.0 6.5839928 
1.0 7.7864395 
1.0 6.4428917 
1.0 6.44247765 
1.0 7.27941865 
1.0 6.52445395 
1.0 6.96800265 
2.0 7.7307727 
2.0 25.7706988 
2.0 8.4525966 
3.0 8.98952005 
3.0 9.63562845 
3.0 25.60737375 
3.0 26.00843875 
3.0 20.44135135 
3.0 22.04679435 
3.0 31.777424 
3.0 28.9588243 
3.0 11.3823941 
3.0 11.2340382 
3.0 32.43399915 
3.0 17.10025275 
3.0 21.34543565 
3.0 9.55750075 
3.0 31.3584082 
3.0 30.91165735 
3.0 30.13351075 
3.0 32.4345903 
3.0 12.4286001 
3.0 13.84705875 
3.0 26.97012675 
3.0 24.26840255 
4.0 20.54624565 
4.0 19.46820155 
4.0 22.01775765 
4.0 22.52451495 
4.0 32.7156144 
4.0 31.269469 
4.0 28.0597961 
4.0 28.8469993 
4.0 12.2077767 
4.0 10.63590815 
4.0 12.089714 
4.0 11.4876916 
4.0 33.2964891 
4.0 31.8417344 
4.0 16.15732825 
4.0 17.6037841 
4.0 20.522537 
4.0 21.46916135 
4.0 10.3242209 
4.0 9.9062285 
4.0 30.8349573 
4.0 31.3671099 
4.0 31.7427341 
4.0 31.09044015 
4.0 29.6088086 
4.0 30.1890001 
4.0 33.03604045 
4.0 32.20440615 
4.0 11.54449975 
4.0 13.10006145 
4.0 13.27210115 
4.0 14.34005335 
4.0 27.92412595 
4.0 26.64165945 
4.0 23.87416535 
4.0 25.10049885 
