# Position.Z vs. Particle Type (97 data points):
# "Particle Type" Position.Z
1.0 0.0 
1.0 0.0 
1.0 0.0 
1.0 0.0 
1.0 0.0 
1.0 0.0 
1.0 0.0 
1.0 0.0 
1.0 0.0 
1.0 2.2741768 
1.0 2.2741768 
1.0 2.2741768 
1.0 2.2741768 
1.0 2.2741768 
1.0 2.2741768 
1.0 2.2741768 
1.0 2.2741768 
1.0 2.2741768 
1.0 4.59293205 
1.0 5.44954235 
1.0 4.37458525 
1.0 4.83419055 
1.0 4.4640358 
1.0 4.30980865 
1.0 4.2197939 
1.0 4.42313935 
1.0 4.3389892 
1.0 6.50333705 
1.0 7.2767912 
1.0 6.6140445 
1.0 7.60497815 
1.0 7.8106056 
1.0 6.357897 
1.0 6.9833442 
1.0 6.5615746 
1.0 6.93634725 
2.0 8.27481795 
2.0 15.51583005 
2.0 7.89873945 
3.0 9.43626985 
3.0 9.0378407 
3.0 15.81508285 
3.0 15.08325105 
3.0 9.5221063 
3.0 10.5817558 
3.0 12.6200809 
3.0 15.08367035 
3.0 10.03770005 
3.0 20.95126985 
3.0 29.6303735 
3.0 18.462703 
3.0 14.78386175 
3.0 11.91723575 
3.0 30.42354105 
3.0 32.0088433 
3.0 17.96287885 
3.0 32.76748895 
3.0 18.8896995 
3.0 29.6813559 
3.0 31.2282943 
3.0 32.29038435 
4.0 9.9594313 
4.0 9.32033025 
4.0 9.79517105 
4.0 10.693256 
4.0 12.09308765 
4.0 12.17524945 
4.0 15.0963841 
4.0 14.1071798 
4.0 10.82405555 
4.0 9.9629607 
4.0 20.22333425 
4.0 21.7771687 
4.0 29.8360251 
4.0 28.66481695 
4.0 18.8849465 
4.0 18.39355035 
4.0 14.8459962 
4.0 15.25455155 
4.0 12.7031205 
4.0 11.40286175 
4.0 30.6189919 
4.0 29.78181115 
4.0 32.9379491 
4.0 31.6779218 
4.0 17.1885238 
4.0 18.07776565 
4.0 32.6131204 
4.0 32.45129195 
4.0 19.59941375 
4.0 18.2821506 
4.0 29.5395716 
4.0 29.16605825 
4.0 31.773924 
4.0 30.8195181 
4.0 31.81493315 
4.0 31.83438265 
