# Position.Z vs. Particle Type (97 data points):
# "Particle Type" Position.Z
1.0 0.0 
1.0 0.0 
1.0 0.0 
1.0 0.0 
1.0 0.0 
1.0 0.0 
1.0 0.0 
1.0 0.0 
1.0 0.0 
1.0 2.2741768 
1.0 2.2741768 
1.0 2.2741768 
1.0 2.2741768 
1.0 2.2741768 
1.0 2.2741768 
1.0 2.2741768 
1.0 2.2741768 
1.0 2.2741768 
1.0 4.2744534 
1.0 4.3505413 
1.0 4.378941 
1.0 4.45931185 
1.0 4.2919345 
1.0 4.5194548 
1.0 5.16610535 
1.0 4.4721726 
1.0 4.9916454 
1.0 8.12342755 
1.0 7.6186593 
1.0 7.29411375 
1.0 7.23347905 
1.0 6.4139516 
1.0 6.422199 
1.0 6.94972285 
1.0 6.4362172 
1.0 6.86763315 
2.0 8.8655903 
2.0 14.70997255 
2.0 8.0238886 
3.0 9.91699345 
3.0 9.2542205 
3.0 14.99365735 
3.0 14.5235797 
3.0 10.1709902 
3.0 9.51996885 
3.0 9.2653036 
3.0 16.7307861 
3.0 15.1022102 
3.0 22.3877178 
3.0 32.40117195 
3.0 19.7570912 
3.0 19.3083947 
3.0 17.4103139 
3.0 30.41811745 
3.0 19.41892785 
3.0 18.145106 
3.0 31.7507918 
3.0 14.47402495 
3.0 31.959963 
3.0 31.8351852 
3.0 29.6452261 
4.0 10.640812 
4.0 10.01217665 
4.0 9.4332854 
4.0 9.0004173 
4.0 10.0877945 
4.0 9.64473895 
4.0 17.2463844 
4.0 15.90617735 
4.0 14.2977177 
4.0 15.52389195 
4.0 21.8731331 
4.0 21.73114265 
4.0 31.6757182 
4.0 32.7682677 
4.0 19.26133615 
4.0 19.85357955 
4.0 19.3155676 
4.0 18.614715 
4.0 17.00599845 
4.0 17.81506895 
4.0 30.8704529 
4.0 30.09695885 
4.0 20.126624 
4.0 19.21658165 
4.0 19.0341753 
4.0 17.97909645 
4.0 31.6125523 
4.0 32.66853345 
4.0 15.10319405 
4.0 14.65680405 
4.0 31.0279403 
4.0 31.93194165 
4.0 32.47154575 
4.0 32.3848427 
4.0 29.7093972 
4.0 28.9727473 
