# Position.Z vs. Particle Type (97 data points):
# "Particle Type" Position.Z
1.0 0.0 
1.0 0.0 
1.0 0.0 
1.0 0.0 
1.0 0.0 
1.0 0.0 
1.0 0.0 
1.0 0.0 
1.0 0.0 
1.0 2.2741768 
1.0 2.2741768 
1.0 2.2741768 
1.0 2.2741768 
1.0 2.2741768 
1.0 2.2741768 
1.0 2.2741768 
1.0 2.2741768 
1.0 2.2741768 
1.0 4.31727275 
1.0 5.5305992 
1.0 4.31021605 
1.0 4.3818957 
1.0 4.2216895 
1.0 4.28968225 
1.0 4.64558535 
1.0 4.67244645 
1.0 4.4632357 
1.0 6.60057195 
1.0 7.38700865 
1.0 6.7085536 
1.0 7.3362163 
1.0 8.0111864 
1.0 6.17351735 
1.0 6.85017865 
1.0 6.4864072 
1.0 6.63196625 
2.0 8.35627695 
2.0 17.2838099 
2.0 7.78970815 
3.0 9.3670038 
3.0 8.91052015 
3.0 17.1725134 
3.0 17.4212353 
3.0 10.5098322 
3.0 9.88153635 
3.0 13.21240935 
3.0 14.29338295 
3.0 12.29584125 
3.0 17.3862878 
3.0 32.21318065 
3.0 15.74296815 
3.0 14.11964645 
3.0 13.04696225 
3.0 32.6484284 
3.0 30.2790817 
3.0 19.40088675 
3.0 32.0116839 
3.0 17.9216667 
3.0 20.88071335 
3.0 32.1965322 
3.0 31.8046498 
4.0 10.0111928 
4.0 11.4083326 
4.0 9.4309796 
4.0 9.91734485 
4.0 12.4371016 
4.0 13.4215249 
4.0 14.6033622 
4.0 13.95184875 
4.0 12.68707405 
4.0 11.81532275 
4.0 17.997819 
4.0 16.56362225 
4.0 31.9540186 
4.0 33.21779965 
4.0 15.71937465 
4.0 16.1419727 
4.0 13.9507753 
4.0 14.20013385 
4.0 13.2312586 
4.0 12.8445079 
4.0 32.5736334 
4.0 31.7902319 
4.0 29.63406145 
4.0 30.3046408 
4.0 18.8114563 
4.0 20.0497577 
4.0 32.0992931 
4.0 32.38799655 
4.0 18.02071425 
4.0 18.40359815 
4.0 20.43766095 
4.0 20.50677195 
4.0 32.3358434 
4.0 32.22288965 
4.0 32.44608955 
4.0 31.79835925 
