# Position.Z vs. Particle Type (97 data points):
# "Particle Type" Position.Z
1.0 0.0 
1.0 0.0 
1.0 0.0 
1.0 0.0 
1.0 0.0 
1.0 0.0 
1.0 0.0 
1.0 0.0 
1.0 0.0 
1.0 2.2741768 
1.0 2.2741768 
1.0 2.2741768 
1.0 2.2741768 
1.0 2.2741768 
1.0 2.2741768 
1.0 2.2741768 
1.0 2.2741768 
1.0 2.2741768 
1.0 4.46110875 
1.0 4.43447235 
1.0 4.53009655 
1.0 5.01282285 
1.0 4.4924985 
1.0 4.3407959 
1.0 4.2580146 
1.0 4.39258575 
1.0 5.0994727 
1.0 6.71084015 
1.0 7.32229435 
1.0 7.35485975 
1.0 6.9861673 
1.0 6.57052165 
1.0 6.90303845 
1.0 6.6259494 
1.0 6.3147952 
1.0 7.61884235 
2.0 8.05649215 
2.0 22.6540062 
2.0 8.5554483 
3.0 9.2213513 
3.0 9.8019964 
3.0 21.635467 
3.0 23.74272775 
3.0 22.8517261 
3.0 22.1177705 
3.0 26.51576235 
3.0 32.1562416 
3.0 9.392019 
3.0 21.40201455 
3.0 32.07085805 
3.0 19.71686605 
3.0 24.34625865 
3.0 16.3816646 
3.0 26.42339 
3.0 27.0332027 
3.0 31.21814745 
3.0 32.8905948 
3.0 20.06402125 
3.0 11.70914885 
3.0 29.64042445 
3.0 30.7200103 
4.0 22.06795605 
4.0 23.1745451 
4.0 23.0724382 
4.0 21.9718478 
4.0 26.0474242 
4.0 27.3479899 
4.0 32.8826659 
4.0 32.15362185 
4.0 9.4432807 
4.0 9.6353159 
4.0 20.58933065 
4.0 21.0961023 
4.0 32.21515815 
4.0 32.03945465 
4.0 20.59043315 
4.0 19.1776494 
4.0 24.7653665 
4.0 23.37836025 
4.0 16.07394215 
4.0 15.6218314 
4.0 26.84990805 
4.0 27.2236048 
4.0 26.35061695 
4.0 26.62992955 
4.0 30.66672315 
4.0 30.74100505 
4.0 32.48310695 
4.0 32.67834675 
4.0 19.4770814 
4.0 19.7720558 
4.0 11.01358755 
4.0 11.80442655 
4.0 28.68551245 
4.0 30.01445335 
4.0 29.8501931 
4.0 31.3249048 
