# Position.Z vs. Particle Type (97 data points):
# "Particle Type" Position.Z
1.0 0.0 
1.0 0.0 
1.0 0.0 
1.0 0.0 
1.0 0.0 
1.0 0.0 
1.0 0.0 
1.0 0.0 
1.0 0.0 
1.0 2.2741768 
1.0 2.2741768 
1.0 2.2741768 
1.0 2.2741768 
1.0 2.2741768 
1.0 2.2741768 
1.0 2.2741768 
1.0 2.2741768 
1.0 2.2741768 
1.0 5.0825572 
1.0 5.6104188 
1.0 4.2497301 
1.0 4.4772777 
1.0 4.3929837 
1.0 4.2416465 
1.0 4.5994935 
1.0 4.96190695 
1.0 4.26556235 
1.0 7.68700765 
1.0 7.7078519 
1.0 6.6630711 
1.0 7.50177085 
1.0 8.13414105 
1.0 6.56558175 
1.0 6.90996145 
1.0 6.3358379 
1.0 6.77040875 
2.0 8.9788342 
2.0 15.58489695 
2.0 7.95014675 
3.0 10.2017391 
3.0 9.134643 
3.0 14.6655376 
3.0 16.4954783 
3.0 12.2811423 
3.0 10.7480254 
3.0 9.48330355 
3.0 23.0444249 
3.0 27.0108489 
3.0 29.11895945 
3.0 29.815856 
3.0 24.6690332 
3.0 29.68425635 
3.0 26.8847509 
3.0 31.58570205 
3.0 27.0784598 
3.0 29.71995635 
3.0 31.91449135 
3.0 27.0849271 
3.0 32.87073055 
3.0 31.3101075 
3.0 31.91206515 
4.0 11.7722598 
4.0 11.6539528 
4.0 10.9626482 
4.0 11.3053703 
4.0 9.71452055 
4.0 8.77781485 
4.0 23.90126375 
4.0 23.2448069 
4.0 26.77343585 
4.0 27.3060991 
4.0 30.01909225 
4.0 29.1027065 
4.0 29.8259745 
4.0 30.44222755 
4.0 23.7791925 
4.0 25.11067125 
4.0 28.77960225 
4.0 30.2318065 
4.0 26.9586548 
4.0 25.94553675 
4.0 30.76626665 
4.0 32.14275855 
4.0 26.667571 
4.0 27.8296508 
4.0 29.4946645 
4.0 30.1366044 
4.0 32.74135935 
4.0 31.56048455 
4.0 27.2682886 
4.0 27.7031188 
4.0 32.99614885 
4.0 32.3397606 
4.0 31.76894665 
4.0 31.721102 
4.0 32.79706115 
4.0 31.9640517 
