# Position.Z vs. Particle Type (97 data points):
# "Particle Type" Position.Z
1.0 0.0 
1.0 0.0 
1.0 0.0 
1.0 0.0 
1.0 0.0 
1.0 0.0 
1.0 0.0 
1.0 0.0 
1.0 0.0 
1.0 2.2741768 
1.0 2.2741768 
1.0 2.2741768 
1.0 2.2741768 
1.0 2.2741768 
1.0 2.2741768 
1.0 2.2741768 
1.0 2.2741768 
1.0 2.2741768 
1.0 4.4604994 
1.0 4.4318323 
1.0 4.62720265 
1.0 5.3303628 
1.0 4.3844374 
1.0 4.31977455 
1.0 4.3664348 
1.0 4.386228 
1.0 4.54382915 
1.0 7.0071197 
1.0 6.95424905 
1.0 6.59796235 
1.0 7.7369432 
1.0 6.60204475 
1.0 6.72534975 
1.0 7.1261001 
1.0 6.8054406 
1.0 7.23084215 
2.0 8.02285015 
2.0 23.9154475 
2.0 8.4978929 
3.0 9.2001308 
3.0 9.65698475 
3.0 24.64913115 
3.0 23.07709775 
3.0 20.8472341 
3.0 21.33090785 
3.0 32.0238632 
3.0 29.2933116 
3.0 12.68313515 
3.0 9.74350195 
3.0 32.09055885 
3.0 17.1929611 
3.0 25.73246515 
3.0 9.79537125 
3.0 31.8596096 
3.0 31.87048445 
3.0 32.6214609 
3.0 31.08837585 
3.0 12.33656795 
3.0 12.8059092 
3.0 29.16615835 
3.0 21.63342475 
4.0 21.2779175 
4.0 21.2586045 
4.0 20.56183675 
4.0 20.85586335 
4.0 31.5306887 
4.0 32.63513785 
4.0 29.76239595 
4.0 28.73633455 
4.0 13.3910203 
4.0 11.95041925 
4.0 10.65280055 
4.0 9.64725755 
4.0 31.87525985 
4.0 33.05773765 
4.0 17.4619739 
4.0 17.84084295 
4.0 26.2754926 
4.0 25.50012955 
4.0 10.4845958 
4.0 10.02805825 
4.0 31.98768125 
4.0 31.96271785 
4.0 31.75064585 
4.0 32.6573933 
4.0 32.19943965 
4.0 32.8434778 
4.0 30.38565425 
4.0 30.7827205 
4.0 11.85752085 
4.0 11.74395705 
4.0 13.3146615 
4.0 13.34117295 
4.0 28.75283425 
4.0 30.06600485 
4.0 20.87186535 
4.0 22.34960105 
