# Position.Z vs. Particle Type (97 data points):
# "Particle Type" Position.Z
1.0 0.0 
1.0 0.0 
1.0 0.0 
1.0 0.0 
1.0 0.0 
1.0 0.0 
1.0 0.0 
1.0 0.0 
1.0 0.0 
1.0 2.2741768 
1.0 2.2741768 
1.0 2.2741768 
1.0 2.2741768 
1.0 2.2741768 
1.0 2.2741768 
1.0 2.2741768 
1.0 2.2741768 
1.0 2.2741768 
1.0 5.0183245 
1.0 5.335036 
1.0 4.3706418 
1.0 4.317978 
1.0 4.1784638 
1.0 4.60329415 
1.0 5.20106405 
1.0 4.22641695 
1.0 4.32215175 
1.0 7.7688737 
1.0 6.72244685 
1.0 6.8201644 
1.0 7.4551715 
1.0 7.96860295 
1.0 6.7704959 
1.0 7.1001588 
1.0 6.5195977 
1.0 6.9461938 
2.0 8.29836805 
2.0 15.24817595 
2.0 8.2080859 
3.0 9.49678415 
3.0 9.38127785 
3.0 15.08044405 
3.0 15.32367165 
3.0 9.5973514 
3.0 10.1947972 
3.0 11.61267555 
3.0 14.3826508 
3.0 12.562053 
3.0 20.0281263 
3.0 31.68453295 
3.0 16.2588447 
3.0 14.14667485 
3.0 11.8218611 
3.0 28.8736322 
3.0 32.47648425 
3.0 19.26924895 
3.0 32.19647235 
3.0 20.4211266 
3.0 25.58118745 
3.0 32.19821815 
3.0 30.9474914 
4.0 8.7056417 
4.0 10.3521208 
4.0 10.73248995 
4.0 10.18805865 
4.0 12.21941175 
4.0 10.6814148 
4.0 14.527744 
4.0 13.4299081 
4.0 13.1912312 
4.0 12.4344605 
4.0 20.787949 
4.0 19.8148517 
4.0 31.1751398 
4.0 32.6552996 
4.0 15.75611905 
4.0 16.48590475 
4.0 14.63574945 
4.0 14.12459685 
4.0 12.8137086 
4.0 11.8084239 
4.0 28.17342815 
4.0 29.14873675 
4.0 31.9918683 
4.0 32.54520815 
4.0 19.5571103 
4.0 18.2918274 
4.0 31.57581875 
4.0 33.0352589 
4.0 20.36816495 
4.0 19.75624175 
4.0 25.4059183 
4.0 25.81071045 
4.0 31.9416776 
4.0 31.6316735 
4.0 31.7063677 
4.0 30.23132525 
