# Position.Z vs. Particle Type (97 data points):
# "Particle Type" Position.Z
1.0 0.0 
1.0 0.0 
1.0 0.0 
1.0 0.0 
1.0 0.0 
1.0 0.0 
1.0 0.0 
1.0 0.0 
1.0 0.0 
1.0 2.2741768 
1.0 2.2741768 
1.0 2.2741768 
1.0 2.2741768 
1.0 2.2741768 
1.0 2.2741768 
1.0 2.2741768 
1.0 2.2741768 
1.0 2.2741768 
1.0 4.57262575 
1.0 5.2196984 
1.0 4.19614965 
1.0 4.5038231 
1.0 4.3586004 
1.0 4.6411785 
1.0 4.52352985 
1.0 4.9971495 
1.0 4.24419625 
1.0 7.04078865 
1.0 7.82282655 
1.0 6.56618445 
1.0 7.21834155 
1.0 7.89460945 
1.0 6.82906945 
1.0 6.84839575 
1.0 6.58058625 
1.0 6.71249285 
2.0 8.52548375 
2.0 13.44241605 
2.0 8.04025075 
3.0 9.5923926 
3.0 9.2722343 
3.0 14.12295675 
3.0 12.84741465 
3.0 9.98310005 
3.0 10.4720392 
3.0 10.10398935 
3.0 13.87386315 
3.0 15.2260556 
3.0 18.07045555 
3.0 20.3595371 
3.0 16.5295739 
3.0 18.29708825 
3.0 19.9507035 
3.0 19.68235395 
3.0 18.41589365 
3.0 21.32483675 
3.0 23.57616415 
3.0 22.8600085 
3.0 24.71393155 
3.0 22.83983975 
3.0 22.7968048 
4.0 9.66095515 
4.0 10.69213775 
4.0 11.1846714 
4.0 9.73866845 
4.0 10.0513007 
4.0 10.13506515 
4.0 14.50998255 
4.0 13.26768135 
4.0 15.8087517 
4.0 15.7318987 
4.0 17.1541524 
4.0 18.12321945 
4.0 21.30308915 
4.0 20.1463619 
4.0 15.96441175 
4.0 16.4994879 
4.0 18.7837951 
4.0 18.16119935 
4.0 20.46305415 
4.0 20.5929752 
4.0 19.24237 
4.0 19.5772745 
4.0 18.85313465 
4.0 18.89351065 
4.0 21.83824965 
4.0 20.79052815 
4.0 23.3916935 
4.0 23.7291208 
4.0 23.01193335 
4.0 22.64385025 
4.0 24.51859305 
4.0 25.3369928 
4.0 23.27233755 
4.0 22.91165415 
4.0 23.4083339 
4.0 21.90673345 
