# Position.Z vs. Particle Type (97 data points):
# "Particle Type" Position.Z
1.0 0.0 
1.0 0.0 
1.0 0.0 
1.0 0.0 
1.0 0.0 
1.0 0.0 
1.0 0.0 
1.0 0.0 
1.0 0.0 
1.0 2.2741768 
1.0 2.2741768 
1.0 2.2741768 
1.0 2.2741768 
1.0 2.2741768 
1.0 2.2741768 
1.0 2.2741768 
1.0 2.2741768 
1.0 2.2741768 
1.0 4.43748725 
1.0 4.96220095 
1.0 4.20342545 
1.0 4.70252405 
1.0 4.5084998 
1.0 4.32785465 
1.0 4.24050375 
1.0 4.5296083 
1.0 4.59202345 
1.0 7.2172121 
1.0 7.14999635 
1.0 6.7247411 
1.0 8.00664795 
1.0 6.4201627 
1.0 6.4839523 
1.0 6.83038755 
1.0 6.77789665 
1.0 7.0854665 
2.0 8.65523015 
2.0 14.3242393 
2.0 7.87960355 
3.0 9.8982541 
3.0 9.1159908 
3.0 13.4443428 
3.0 15.0865582 
3.0 9.29720155 
3.0 11.68964755 
3.0 14.180124 
3.0 16.35267445 
3.0 10.145079 
3.0 17.1415545 
3.0 28.54374005 
3.0 18.24809735 
3.0 13.45342005 
3.0 10.46247545 
3.0 28.8992753 
3.0 32.02721515 
3.0 19.09349085 
3.0 31.45640295 
3.0 15.5104999 
3.0 32.21891925 
3.0 32.4314396 
3.0 32.6463711 
4.0 8.9464984 
4.0 9.2793589 
4.0 11.99042775 
4.0 10.7451673 
4.0 13.38670585 
4.0 14.7985936 
4.0 17.24308915 
4.0 15.7883831 
4.0 11.00705725 
4.0 10.30453865 
4.0 16.45737975 
4.0 17.8812767 
4.0 28.51312485 
4.0 28.5375125 
4.0 18.0568479 
4.0 17.5710906 
4.0 14.35999005 
4.0 13.6734885 
4.0 9.91739875 
4.0 11.43449615 
4.0 28.52036635 
4.0 29.81166895 
4.0 32.1126071 
4.0 32.7437488 
4.0 19.8590287 
4.0 19.23348105 
4.0 32.0811414 
4.0 30.63381055 
4.0 16.28366145 
4.0 15.0457671 
4.0 32.7515734 
4.0 32.3078833 
4.0 32.97486605 
4.0 32.24016635 
4.0 32.52539955 
4.0 32.2756672 
