# Position.Z vs. Particle Type (97 data points):
# "Particle Type" Position.Z
1.0 0.0 
1.0 0.0 
1.0 0.0 
1.0 0.0 
1.0 0.0 
1.0 0.0 
1.0 0.0 
1.0 0.0 
1.0 0.0 
1.0 2.2741768 
1.0 2.2741768 
1.0 2.2741768 
1.0 2.2741768 
1.0 2.2741768 
1.0 2.2741768 
1.0 2.2741768 
1.0 2.2741768 
1.0 2.2741768 
1.0 4.61568205 
1.0 5.90805565 
1.0 4.3109444 
1.0 4.4168789 
1.0 4.44234105 
1.0 4.28673245 
1.0 4.42708035 
1.0 4.7364296 
1.0 4.6281515 
1.0 6.97766195 
1.0 7.4203094 
1.0 6.92313965 
1.0 7.11901015 
1.0 8.3541143 
1.0 6.57487565 
1.0 6.73423975 
1.0 6.3995323 
1.0 7.0184205 
2.0 8.3986847 
2.0 27.65594405 
2.0 8.2886293 
3.0 9.6077779 
3.0 9.5267914 
3.0 28.069055 
3.0 27.0373159 
3.0 16.48359125 
3.0 9.8590065 
3.0 11.95780775 
3.0 12.8826803 
3.0 9.4902227 
3.0 11.24155585 
3.0 31.1114468 
3.0 13.76033785 
3.0 13.3433412 
3.0 11.0801446 
3.0 32.3331974 
3.0 28.55356805 
3.0 18.55792295 
3.0 32.29606765 
3.0 17.85297535 
3.0 15.05468195 
3.0 31.7064594 
3.0 31.78921165 
4.0 16.4690414 
4.0 17.1962952 
4.0 10.3096357 
4.0 10.6268407 
4.0 12.59476085 
4.0 11.8307854 
4.0 13.4505266 
4.0 13.241963 
4.0 9.47285325 
4.0 9.4405087 
4.0 11.9508648 
4.0 11.15342515 
4.0 31.3297292 
4.0 31.5655571 
4.0 13.1853169 
4.0 13.2118413 
4.0 14.13726475 
4.0 12.60445795 
4.0 10.53045525 
4.0 10.7561678 
4.0 31.50135905 
4.0 33.0124494 
4.0 28.48446265 
4.0 29.11465655 
4.0 19.0761361 
4.0 17.6699404 
4.0 31.72524005 
4.0 32.02997805 
4.0 18.0590984 
4.0 17.68995865 
4.0 14.48277145 
4.0 14.52415755 
4.0 32.15798915 
4.0 31.2407781 
4.0 31.00298635 
4.0 32.16934 
