# Position.Z vs. Particle Type (97 data points):
# "Particle Type" Position.Z
1.0 0.0 
1.0 0.0 
1.0 0.0 
1.0 0.0 
1.0 0.0 
1.0 0.0 
1.0 0.0 
1.0 0.0 
1.0 0.0 
1.0 2.2741768 
1.0 2.2741768 
1.0 2.2741768 
1.0 2.2741768 
1.0 2.2741768 
1.0 2.2741768 
1.0 2.2741768 
1.0 2.2741768 
1.0 2.2741768 
1.0 4.45199685 
1.0 4.82532085 
1.0 4.3299284 
1.0 4.1821962 
1.0 4.4937718 
1.0 4.3783271 
1.0 4.414683 
1.0 4.30317755 
1.0 5.13726325 
1.0 6.94348585 
1.0 7.3748192 
1.0 7.2142658 
1.0 7.3583832 
1.0 6.6425674 
1.0 6.67528435 
1.0 6.3434224 
1.0 6.5120951 
1.0 7.14335265 
2.0 8.13006215 
2.0 23.9532489 
2.0 8.20657845 
3.0 9.3271829 
3.0 9.4269238 
3.0 23.56945535 
3.0 24.17764545 
3.0 18.8877535 
3.0 17.1008516 
3.0 20.7101279 
3.0 27.7705309 
3.0 9.89185575 
3.0 21.77239645 
3.0 31.8434816 
3.0 18.88104995 
3.0 25.1325991 
3.0 12.01355995 
3.0 30.6303928 
3.0 26.8998975 
3.0 25.04193755 
3.0 32.10547025 
3.0 21.6221782 
3.0 12.8808603 
3.0 27.5022083 
3.0 32.0332726 
4.0 18.9978971 
4.0 19.30123405 
4.0 16.25907045 
4.0 16.92780635 
4.0 21.1997639 
4.0 20.4437891 
4.0 28.2663948 
4.0 27.4847279 
4.0 10.35418685 
4.0 9.4494148 
4.0 22.7265122 
4.0 21.62376195 
4.0 31.9878909 
4.0 32.81044025 
4.0 18.71405585 
4.0 18.7359613 
4.0 25.6029137 
4.0 25.5700081 
4.0 11.65133795 
4.0 11.3570513 
4.0 30.0084029 
4.0 30.1340305 
4.0 26.633803 
4.0 26.0830171 
4.0 25.7484892 
4.0 25.1150606 
4.0 32.33173755 
4.0 32.08496515 
4.0 22.3953702 
4.0 20.8193069 
4.0 12.07458315 
4.0 13.26480715 
4.0 26.77347645 
4.0 28.2096241 
4.0 31.62072725 
4.0 31.8611664 
