# Position.Z vs. Particle Type (97 data points):
# "Particle Type" Position.Z
1.0 0.0 
1.0 0.0 
1.0 0.0 
1.0 0.0 
1.0 0.0 
1.0 0.0 
1.0 0.0 
1.0 0.0 
1.0 0.0 
1.0 2.2741768 
1.0 2.2741768 
1.0 2.2741768 
1.0 2.2741768 
1.0 2.2741768 
1.0 2.2741768 
1.0 2.2741768 
1.0 2.2741768 
1.0 2.2741768 
1.0 4.33964125 
1.0 4.34372715 
1.0 4.35441405 
1.0 4.2352751 
1.0 4.5744111 
1.0 4.39132085 
1.0 4.34768565 
1.0 4.3172787 
1.0 5.11938385 
1.0 6.63485585 
1.0 7.27878025 
1.0 7.44397815 
1.0 6.5624146 
1.0 6.4332716 
1.0 6.67520595 
1.0 6.30711375 
1.0 6.47683225 
1.0 7.17775835 
2.0 7.74454905 
2.0 24.1110562 
2.0 8.49656255 
3.0 8.9237344 
3.0 9.65858075 
3.0 24.4864032 
3.0 23.63508735 
3.0 22.4573902 
3.0 22.08098305 
3.0 27.3543144 
3.0 31.68136965 
3.0 9.40333345 
3.0 20.84332635 
3.0 32.6095875 
3.0 19.25017675 
3.0 25.0354538 
3.0 18.3928206 
3.0 26.1298443 
3.0 28.9179275 
3.0 31.77806065 
3.0 31.1859744 
3.0 20.2535515 
3.0 12.4438048 
3.0 29.75803075 
3.0 28.5598635 
4.0 22.3149829 
4.0 21.61148325 
4.0 22.75723345 
4.0 22.53342035 
4.0 26.7827161 
4.0 27.7802609 
4.0 32.3121295 
4.0 30.84761365 
4.0 10.3160771 
4.0 9.48759525 
4.0 20.84340125 
4.0 21.5806948 
4.0 32.3737442 
4.0 32.13507045 
4.0 18.8847106 
4.0 19.18579705 
4.0 25.4247434 
4.0 24.42024095 
4.0 17.69744865 
4.0 19.1435566 
4.0 26.7237656 
4.0 25.26763365 
4.0 28.49462805 
4.0 29.68884555 
4.0 32.7855934 
4.0 31.56223105 
4.0 32.1176142 
4.0 31.2168745 
4.0 19.26947645 
4.0 20.4157583 
4.0 13.12468605 
4.0 12.88228585 
4.0 29.16996005 
4.0 29.5555638 
4.0 29.16779215 
4.0 28.5442311 
