# Position.Z vs. Particle Type (97 data points):
# "Particle Type" Position.Z
1.0 0.0 
1.0 0.0 
1.0 0.0 
1.0 0.0 
1.0 0.0 
1.0 0.0 
1.0 0.0 
1.0 0.0 
1.0 0.0 
1.0 2.2741768 
1.0 2.2741768 
1.0 2.2741768 
1.0 2.2741768 
1.0 2.2741768 
1.0 2.2741768 
1.0 2.2741768 
1.0 2.2741768 
1.0 2.2741768 
1.0 5.09731985 
1.0 5.4666675 
1.0 4.48876645 
1.0 4.38284385 
1.0 4.33454665 
1.0 4.3506589 
1.0 4.4123177 
1.0 4.77628235 
1.0 4.31996355 
1.0 7.414435 
1.0 7.4391814 
1.0 6.73889545 
1.0 7.3892931 
1.0 8.3303668 
1.0 6.69851875 
1.0 6.66085385 
1.0 6.4803984 
1.0 6.80794345 
2.0 8.4672553 
2.0 12.65631535 
2.0 7.72814875 
3.0 9.637593 
3.0 8.9467819 
3.0 12.6393162 
3.0 12.71035955 
3.0 9.8500318 
3.0 10.4879502 
3.0 10.0091915 
3.0 19.58128095 
3.0 20.33035165 
3.0 25.31424385 
3.0 31.984932 
3.0 22.41466395 
3.0 23.5985519 
3.0 20.87237635 
3.0 29.8069205 
3.0 23.7032271 
3.0 25.60741645 
3.0 32.13783265 
3.0 20.217274 
3.0 32.6804149 
3.0 31.9773846 
3.0 32.13306845 
4.0 10.62503505 
4.0 9.32800995 
4.0 10.78200515 
4.0 9.77251345 
4.0 10.8439247 
4.0 9.69370955 
4.0 18.61443255 
4.0 19.82617525 
4.0 20.3785043 
4.0 19.81353395 
4.0 26.2649079 
4.0 24.88033415 
4.0 32.94376435 
4.0 31.9267704 
4.0 23.0426063 
4.0 22.77185505 
4.0 24.0759183 
4.0 23.00957295 
4.0 20.5732275 
4.0 20.5838668 
4.0 29.4188769 
4.0 29.5876567 
4.0 23.1290143 
4.0 23.12770565 
4.0 25.7543377 
4.0 24.8637676 
4.0 32.96721365 
4.0 32.1905906 
4.0 20.2980659 
4.0 21.15962345 
4.0 32.59328345 
4.0 32.3571766 
4.0 32.1399449 
4.0 32.1547765 
4.0 31.7970149 
4.0 32.27103075 
