# Position.Z vs. Particle Type (97 data points):
# "Particle Type" Position.Z
1.0 0.0 
1.0 0.0 
1.0 0.0 
1.0 0.0 
1.0 0.0 
1.0 0.0 
1.0 0.0 
1.0 0.0 
1.0 0.0 
1.0 2.2741768 
1.0 2.2741768 
1.0 2.2741768 
1.0 2.2741768 
1.0 2.2741768 
1.0 2.2741768 
1.0 2.2741768 
1.0 2.2741768 
1.0 2.2741768 
1.0 4.58967005 
1.0 5.40905085 
1.0 4.36964745 
1.0 4.30897845 
1.0 4.4427222 
1.0 4.42632435 
1.0 4.35957025 
1.0 4.430027 
1.0 4.52090345 
1.0 6.67865835 
1.0 7.42672385 
1.0 6.7442697 
1.0 7.01941275 
1.0 7.86248505 
1.0 6.77006435 
1.0 6.55573415 
1.0 6.02172095 
1.0 6.72608755 
2.0 8.2629043 
2.0 15.75545965 
2.0 7.86326625 
3.0 9.4440192 
3.0 9.0175883 
3.0 16.4113922 
3.0 15.12935725 
3.0 11.9704697 
3.0 13.83003615 
3.0 10.2216093 
3.0 17.0491167 
3.0 19.25537005 
3.0 22.04468875 
3.0 24.25182025 
3.0 17.78253575 
3.0 22.5241072 
3.0 21.9857092 
3.0 23.41361855 
3.0 21.6783 
3.0 23.58464115 
3.0 27.88497005 
3.0 26.5206221 
3.0 27.5780743 
3.0 27.08532365 
3.0 26.52811175 
4.0 12.3206419 
4.0 12.3426107 
4.0 13.46133985 
4.0 13.0970959 
4.0 10.94774065 
4.0 10.4573056 
4.0 16.67632365 
4.0 16.24427455 
4.0 18.34038675 
4.0 19.5087767 
4.0 21.5068119 
4.0 22.50062115 
4.0 25.1549564 
4.0 23.62956295 
4.0 18.2476693 
4.0 17.97031495 
4.0 22.14923095 
4.0 21.94758125 
4.0 22.2885061 
4.0 22.3991355 
4.0 22.9788223 
4.0 23.8120099 
4.0 21.65921485 
4.0 20.784757 
4.0 23.1218505 
4.0 23.81524635 
4.0 27.83484445 
4.0 27.75387685 
4.0 26.5517945 
4.0 25.5882977 
4.0 27.62004455 
4.0 27.50953345 
4.0 27.3979692 
4.0 26.4437236 
4.0 26.6403592 
4.0 25.7302724 
