# Position.Z vs. Particle Type (97 data points):
# "Particle Type" Position.Z
1.0 0.0 
1.0 0.0 
1.0 0.0 
1.0 0.0 
1.0 0.0 
1.0 0.0 
1.0 0.0 
1.0 0.0 
1.0 0.0 
1.0 2.2741768 
1.0 2.2741768 
1.0 2.2741768 
1.0 2.2741768 
1.0 2.2741768 
1.0 2.2741768 
1.0 2.2741768 
1.0 2.2741768 
1.0 2.2741768 
1.0 4.4652755 
1.0 5.0179906 
1.0 4.27593635 
1.0 4.32987275 
1.0 4.5346665 
1.0 4.31713345 
1.0 4.7621301 
1.0 4.55385945 
1.0 4.54637645 
1.0 7.1070524 
1.0 7.6792275 
1.0 6.6713808 
1.0 6.9864886 
1.0 7.3193554 
1.0 6.50145055 
1.0 6.58388535 
1.0 6.479375 
1.0 6.79917 
2.0 8.39980505 
2.0 26.2974271 
2.0 7.907382 
3.0 9.60577415 
3.0 9.06363535 
3.0 25.54347985 
3.0 27.0699947 
3.0 15.63743125 
3.0 9.7363308 
3.0 12.3870383 
3.0 19.62438205 
3.0 12.1352014 
3.0 13.1276369 
3.0 25.5014914 
3.0 18.8502643 
3.0 11.59399465 
3.0 15.9315807 
3.0 30.67944075 
3.0 31.41510715 
3.0 18.3157009 
3.0 32.1781341 
3.0 19.954655 
3.0 19.8141839 
3.0 31.99777245 
3.0 32.6435459 
4.0 14.92668905 
4.0 16.4912258 
4.0 9.734466 
4.0 10.58731065 
4.0 12.0909425 
4.0 12.23098695 
4.0 20.3494739 
4.0 20.1592251 
4.0 11.84318205 
4.0 12.68410675 
4.0 14.1028125 
4.0 12.817252 
4.0 26.09714205 
4.0 25.2531195 
4.0 17.95146885 
4.0 19.2585806 
4.0 11.2512379 
4.0 11.3651321 
4.0 15.70253615 
4.0 16.87896805 
4.0 30.1913913 
4.0 30.0169555 
4.0 32.20100205 
4.0 31.6463847 
4.0 18.68039145 
4.0 18.48755755 
4.0 32.7497275 
4.0 32.973731 
4.0 19.3298987 
4.0 20.658351 
4.0 19.4607161 
4.0 19.63830855 
4.0 31.2489142 
4.0 31.86006845 
4.0 32.3663704 
4.0 32.62162645 
