# Position.Z vs. Particle Type (97 data points):
# "Particle Type" Position.Z
1.0 0.0 
1.0 0.0 
1.0 0.0 
1.0 0.0 
1.0 0.0 
1.0 0.0 
1.0 0.0 
1.0 0.0 
1.0 0.0 
1.0 2.2741768 
1.0 2.2741768 
1.0 2.2741768 
1.0 2.2741768 
1.0 2.2741768 
1.0 2.2741768 
1.0 2.2741768 
1.0 2.2741768 
1.0 2.2741768 
1.0 4.3447558 
1.0 4.36424485 
1.0 4.2332542 
1.0 4.2054845 
1.0 4.38872665 
1.0 4.46307085 
1.0 4.34796075 
1.0 4.27523425 
1.0 5.0231496 
1.0 6.63165475 
1.0 7.43739605 
1.0 7.4557714 
1.0 6.69627595 
1.0 6.51330155 
1.0 6.69231675 
1.0 6.31856015 
1.0 6.33722635 
1.0 6.84791275 
2.0 7.9244704 
2.0 21.8983156 
2.0 8.3795411 
3.0 9.06731945 
3.0 9.5179175 
3.0 21.10658585 
3.0 22.8860744 
3.0 21.38389155 
3.0 21.24983595 
3.0 24.804283 
3.0 31.51262135 
3.0 9.70348295 
3.0 21.36970745 
3.0 31.72531425 
3.0 19.8996742 
3.0 24.3547059 
3.0 15.03368335 
3.0 29.2245751 
3.0 26.10235985 
3.0 28.1897217 
3.0 32.23505355 
3.0 19.34174235 
3.0 12.1994831 
3.0 28.97077295 
3.0 32.6654846 
4.0 20.68794035 
4.0 21.74805745 
4.0 22.13673245 
4.0 21.17712485 
4.0 24.067701 
4.0 25.3486863 
4.0 30.7352563 
4.0 31.57646415 
4.0 10.16689835 
4.0 10.39605175 
4.0 22.3174147 
4.0 20.9452488 
4.0 32.67978105 
4.0 31.5022169 
4.0 20.23810425 
4.0 20.47276665 
4.0 24.54544855 
4.0 24.0894206 
4.0 14.7302554 
4.0 15.18750905 
4.0 29.38723165 
4.0 29.51116665 
4.0 27.00688655 
4.0 25.6406178 
4.0 28.25911515 
4.0 27.7054099 
4.0 31.9295984 
4.0 33.11054635 
4.0 19.84224935 
4.0 19.34036125 
4.0 12.60641725 
4.0 11.30872365 
4.0 28.28894705 
4.0 29.48269345 
4.0 32.30815105 
4.0 31.96860625 
