# Position.Z vs. Particle Type (97 data points):
# "Particle Type" Position.Z
1.0 0.0 
1.0 0.0 
1.0 0.0 
1.0 0.0 
1.0 0.0 
1.0 0.0 
1.0 0.0 
1.0 0.0 
1.0 0.0 
1.0 2.2741768 
1.0 2.2741768 
1.0 2.2741768 
1.0 2.2741768 
1.0 2.2741768 
1.0 2.2741768 
1.0 2.2741768 
1.0 2.2741768 
1.0 2.2741768 
1.0 4.35895145 
1.0 4.3161545 
1.0 4.40749715 
1.0 4.7937743 
1.0 4.4195641 
1.0 4.2672567 
1.0 4.55722715 
1.0 4.2781767 
1.0 5.077786 
1.0 6.7488988 
1.0 7.21059815 
1.0 7.4064564 
1.0 7.2191441 
1.0 6.2668032 
1.0 6.723766 
1.0 6.44704935 
1.0 6.5087442 
1.0 7.8305164 
2.0 8.15162005 
2.0 23.35075925 
2.0 8.67368565 
3.0 9.26350005 
3.0 9.84776765 
3.0 22.44821425 
3.0 24.3426722 
3.0 22.7095827 
3.0 22.50182795 
3.0 27.5250276 
3.0 31.6897238 
3.0 9.2807876 
3.0 21.0428435 
3.0 32.03819115 
3.0 19.9867381 
3.0 24.79972635 
3.0 17.09818005 
3.0 25.0860218 
3.0 28.45012485 
3.0 32.3100904 
3.0 31.54726015 
3.0 20.1122922 
3.0 12.1197902 
3.0 29.73881995 
3.0 29.67752585 
4.0 22.00776935 
4.0 23.40360575 
4.0 22.58589515 
4.0 23.21380495 
4.0 27.60693775 
4.0 27.34239165 
4.0 31.01437745 
4.0 32.449144 
4.0 9.63421235 
4.0 9.6200188 
4.0 20.298551 
4.0 21.3016398 
4.0 32.86666215 
4.0 32.1055231 
4.0 20.7801482 
4.0 20.32796115 
4.0 23.9874173 
4.0 24.5333172 
4.0 16.60973405 
4.0 17.7952558 
4.0 25.6695495 
4.0 25.6128761 
4.0 27.80252895 
4.0 28.62399855 
4.0 32.5725057 
4.0 32.40520955 
4.0 31.2208792 
4.0 31.91804595 
4.0 19.42784935 
4.0 19.8434194 
4.0 12.1913085 
4.0 11.72237045 
4.0 30.3438716 
4.0 30.1734475 
4.0 29.063307 
4.0 29.41343265 
