# Position.Z vs. Particle Type (97 data points):
# "Particle Type" Position.Z
1.0 0.0 
1.0 0.0 
1.0 0.0 
1.0 0.0 
1.0 0.0 
1.0 0.0 
1.0 0.0 
1.0 0.0 
1.0 0.0 
1.0 2.2741768 
1.0 2.2741768 
1.0 2.2741768 
1.0 2.2741768 
1.0 2.2741768 
1.0 2.2741768 
1.0 2.2741768 
1.0 2.2741768 
1.0 2.2741768 
1.0 4.25744795 
1.0 4.44700865 
1.0 4.306309 
1.0 4.3927387 
1.0 4.41502845 
1.0 4.3003093 
1.0 4.23511795 
1.0 4.45803155 
1.0 5.1619386 
1.0 6.7965478 
1.0 7.29033095 
1.0 7.3023517 
1.0 6.7923331 
1.0 6.4090467 
1.0 6.44402185 
1.0 6.57600545 
1.0 6.6155446 
1.0 7.36818145 
2.0 7.79380595 
2.0 23.85760685 
2.0 8.50289125 
3.0 9.01809265 
3.0 9.7085135 
3.0 23.51090805 
3.0 24.13912305 
3.0 23.0100416 
3.0 22.2664792 
3.0 26.7266629 
3.0 32.1385169 
3.0 8.9674396 
3.0 20.9246352 
3.0 32.5830799 
3.0 19.49944185 
3.0 25.10723635 
3.0 18.35879045 
3.0 25.91620955 
3.0 29.44525045 
3.0 32.5759875 
3.0 32.34107205 
3.0 19.2400012 
3.0 12.5544923 
3.0 28.8590701 
3.0 29.9159287 
4.0 22.0451588 
4.0 23.379727 
4.0 22.2338123 
4.0 23.20485265 
4.0 26.7781234 
4.0 27.22898955 
4.0 31.65202215 
4.0 31.7658355 
4.0 9.10521045 
4.0 9.74702225 
4.0 20.9693792 
4.0 21.8201018 
4.0 32.6456872 
4.0 31.98200635 
4.0 19.68023925 
4.0 19.7703933 
4.0 25.0405323 
4.0 24.56794935 
4.0 17.8441564 
4.0 18.5822014 
4.0 26.3451125 
4.0 26.25214235 
4.0 30.00254845 
4.0 30.0258448 
4.0 32.2905618 
4.0 32.64960545 
4.0 33.30103315 
4.0 32.10812815 
4.0 18.60240515 
4.0 19.1739324 
4.0 12.93374215 
4.0 11.603662 
4.0 27.9621818 
4.0 28.6689326 
4.0 30.1245231 
4.0 29.17600805 
