# Position.Z vs. Particle Type (97 data points):
# "Particle Type" Position.Z
1.0 0.0 
1.0 0.0 
1.0 0.0 
1.0 0.0 
1.0 0.0 
1.0 0.0 
1.0 0.0 
1.0 0.0 
1.0 0.0 
1.0 2.2741768 
1.0 2.2741768 
1.0 2.2741768 
1.0 2.2741768 
1.0 2.2741768 
1.0 2.2741768 
1.0 2.2741768 
1.0 2.2741768 
1.0 2.2741768 
1.0 4.5920595 
1.0 5.3030936 
1.0 4.32325425 
1.0 4.43231845 
1.0 4.51327275 
1.0 4.32411105 
1.0 4.9568064 
1.0 4.25256405 
1.0 4.8532386 
1.0 7.24981075 
1.0 7.8340745 
1.0 6.9878193 
1.0 7.90459565 
1.0 6.8105765 
1.0 6.6121097 
1.0 7.1521436 
1.0 6.45530795 
1.0 7.2460556 
2.0 9.004177 
2.0 15.22477775 
2.0 8.15107965 
3.0 10.1496556 
3.0 9.29870235 
3.0 14.05257385 
3.0 16.3912413 
3.0 10.12380775 
3.0 11.84956465 
3.0 13.2324605 
3.0 15.81801795 
3.0 9.87662515 
3.0 18.53056905 
3.0 28.2450637 
3.0 19.17708345 
3.0 13.89639475 
3.0 10.7617986 
3.0 28.7303975 
3.0 31.1640903 
3.0 18.5535868 
3.0 32.0573694 
3.0 16.90439905 
3.0 30.2962303 
3.0 30.3735698 
3.0 32.22025835 
4.0 10.3316276 
4.0 10.2018378 
4.0 10.8616172 
4.0 11.92582615 
4.0 12.6774536 
4.0 12.82777965 
4.0 16.4603474 
4.0 15.73625165 
4.0 10.4616617 
4.0 10.2688957 
4.0 18.7473307 
4.0 18.2538013 
4.0 27.7481687 
4.0 28.14106015 
4.0 19.1632623 
4.0 18.5751944 
4.0 13.5586017 
4.0 14.84717885 
4.0 11.43828945 
4.0 10.03263625 
4.0 28.5941376 
4.0 28.501739 
4.0 32.14875195 
4.0 30.89493085 
4.0 17.60440675 
4.0 18.8954444 
4.0 31.97344815 
4.0 32.92705955 
4.0 17.43418075 
4.0 16.03242585 
4.0 30.5944128 
4.0 30.8946344 
4.0 29.731716 
4.0 30.13968195 
4.0 31.79983065 
4.0 32.1144551 
