# Position.Z vs. Particle Type (97 data points):
# "Particle Type" Position.Z
1.0 0.0 
1.0 0.0 
1.0 0.0 
1.0 0.0 
1.0 0.0 
1.0 0.0 
1.0 0.0 
1.0 0.0 
1.0 0.0 
1.0 2.2741768 
1.0 2.2741768 
1.0 2.2741768 
1.0 2.2741768 
1.0 2.2741768 
1.0 2.2741768 
1.0 2.2741768 
1.0 2.2741768 
1.0 2.2741768 
1.0 4.2403116 
1.0 5.1245726 
1.0 4.2543277 
1.0 4.40082475 
1.0 4.715914 
1.0 5.12550815 
1.0 4.64291065 
1.0 5.46686525 
1.0 4.2854294 
1.0 7.9694125 
1.0 7.18964575 
1.0 7.07204995 
1.0 8.17314225 
1.0 6.4420055 
1.0 6.34653215 
1.0 7.2852633 
1.0 7.44330405 
1.0 6.720098 
2.0 9.0316548 
2.0 12.6778484 
2.0 8.2055757 
3.0 10.11990805 
3.0 9.40818305 
3.0 12.32452725 
3.0 12.79530315 
3.0 10.87307305 
3.0 12.49280445 
3.0 15.21435825 
3.0 18.90313775 
3.0 9.70188835 
3.0 22.4752409 
3.0 32.71382625 
3.0 18.41466935 
3.0 15.54528605 
3.0 14.43857905 
3.0 29.74153105 
3.0 26.7437863 
3.0 19.70842755 
3.0 31.77482945 
3.0 14.8872822 
3.0 32.54385435 
3.0 29.2989557 
3.0 31.81885315 
4.0 10.64807065 
4.0 10.41092255 
4.0 13.07861765 
4.0 12.8629606 
4.0 15.75542185 
4.0 15.2856466 
4.0 18.0422949 
4.0 19.39831705 
4.0 9.6463878 
4.0 10.63362755 
4.0 23.15940025 
4.0 22.4974078 
4.0 32.3487444 
4.0 32.7454302 
4.0 17.74094875 
4.0 19.23104505 
4.0 14.7786261 
4.0 15.91284135 
4.0 14.8035951 
4.0 13.5415763 
4.0 29.023981 
4.0 30.5355085 
4.0 27.3830277 
4.0 26.92139275 
4.0 20.10536325 
4.0 18.7587603 
4.0 31.0840355 
4.0 32.51113355 
4.0 15.73221475 
4.0 14.74299785 
4.0 31.9098395 
4.0 33.3339657 
4.0 29.77014495 
4.0 29.01614835 
4.0 32.21129765 
4.0 31.41615225 
