# Position.Z vs. Particle Type (97 data points):
# "Particle Type" Position.Z
1.0 0.0 
1.0 0.0 
1.0 0.0 
1.0 0.0 
1.0 0.0 
1.0 0.0 
1.0 0.0 
1.0 0.0 
1.0 0.0 
1.0 2.2741768 
1.0 2.2741768 
1.0 2.2741768 
1.0 2.2741768 
1.0 2.2741768 
1.0 2.2741768 
1.0 2.2741768 
1.0 2.2741768 
1.0 2.2741768 
1.0 4.4735544 
1.0 5.21584315 
1.0 4.3927373 
1.0 4.42750385 
1.0 4.28445605 
1.0 4.3718535 
1.0 4.40473285 
1.0 4.6290125 
1.0 4.2591976 
1.0 7.09527805 
1.0 7.3319603 
1.0 6.8010775 
1.0 7.10035655 
1.0 7.64151815 
1.0 6.46974125 
1.0 6.5986641 
1.0 6.41159855 
1.0 6.54376555 
2.0 8.3766823 
2.0 16.17956025 
2.0 7.790888 
3.0 9.540342 
3.0 8.9602198 
3.0 16.3551486 
3.0 16.0171298 
3.0 11.7403811 
3.0 13.34507545 
3.0 9.7623582 
3.0 17.902752 
3.0 19.2001404 
3.0 22.48933085 
3.0 24.9804996 
3.0 18.1848408 
3.0 23.9601894 
3.0 23.064741 
3.0 24.33418225 
3.0 22.18514725 
3.0 24.3640061 
3.0 29.2666325 
3.0 27.4267329 
3.0 27.72414785 
3.0 27.73586095 
3.0 27.42201735 
4.0 12.62020795 
4.0 11.44701775 
4.0 12.86255215 
4.0 13.44588595 
4.0 10.323915 
4.0 9.20420165 
4.0 17.09732395 
4.0 17.8528399 
4.0 18.35695225 
4.0 19.8457833 
4.0 22.5730288 
4.0 22.63858975 
4.0 25.83802585 
4.0 24.2168367 
4.0 18.6326756 
4.0 18.82968745 
4.0 23.2709736 
4.0 24.62597795 
4.0 22.21547685 
4.0 23.3996602 
4.0 24.1206875 
4.0 24.46455095 
4.0 22.4983773 
4.0 22.68463085 
4.0 24.21835255 
4.0 24.51915725 
4.0 28.62181175 
4.0 29.3311697 
4.0 27.44201705 
4.0 26.47497475 
4.0 28.24850805 
4.0 27.68926475 
4.0 27.45369165 
4.0 27.91270685 
4.0 27.69530715 
4.0 26.7226792 
