# Position.Z vs. Particle Type (97 data points):
# "Particle Type" Position.Z
1.0 0.0 
1.0 0.0 
1.0 0.0 
1.0 0.0 
1.0 0.0 
1.0 0.0 
1.0 0.0 
1.0 0.0 
1.0 0.0 
1.0 2.2741768 
1.0 2.2741768 
1.0 2.2741768 
1.0 2.2741768 
1.0 2.2741768 
1.0 2.2741768 
1.0 2.2741768 
1.0 2.2741768 
1.0 2.2741768 
1.0 4.4861488 
1.0 4.32374425 
1.0 4.31384485 
1.0 5.1354506 
1.0 4.33633515 
1.0 4.2683788 
1.0 4.3038002 
1.0 4.6169431 
1.0 4.46869255 
1.0 6.6951794 
1.0 6.708471 
1.0 6.1932815 
1.0 7.77006965 
1.0 6.54678955 
1.0 6.647648 
1.0 7.02667455 
1.0 6.6640644 
1.0 7.38620015 
2.0 7.89287415 
2.0 24.5284921 
2.0 8.26241115 
3.0 9.14641 
3.0 9.48673075 
3.0 25.13487865 
3.0 23.89794855 
3.0 20.9130096 
3.0 21.598892 
3.0 32.3033886 
3.0 29.06791545 
3.0 12.9655995 
3.0 10.1788064 
3.0 31.94785265 
3.0 16.67400455 
3.0 24.0675288 
3.0 9.6927999 
3.0 32.1217358 
3.0 31.97846435 
3.0 31.98370035 
3.0 31.9105976 
3.0 11.9576387 
3.0 13.9414779 
3.0 29.47546455 
3.0 22.43442775 
4.0 20.164137 
4.0 21.6457955 
4.0 21.83358345 
4.0 21.66402315 
4.0 31.9978974 
4.0 32.2554995 
4.0 28.73771565 
4.0 28.96216225 
4.0 12.11065835 
4.0 13.5865429 
4.0 9.9736364 
4.0 11.1054965 
4.0 32.8681241 
4.0 31.6040956 
4.0 17.5519015 
4.0 16.72992965 
4.0 23.77635575 
4.0 24.87984765 
4.0 10.20489645 
4.0 10.2158448 
4.0 31.7471959 
4.0 32.11875835 
4.0 32.205215 
4.0 32.73772215 
4.0 31.75355995 
4.0 32.9414617 
4.0 32.04384435 
4.0 32.74718825 
4.0 12.5369825 
4.0 11.0408382 
4.0 14.3167101 
4.0 14.84219905 
4.0 30.29524295 
4.0 28.8905484 
4.0 23.3992367 
4.0 22.26294105 
