# Position.Z vs. Particle Type (97 data points):
# "Particle Type" Position.Z
1.0 0.0 
1.0 0.0 
1.0 0.0 
1.0 0.0 
1.0 0.0 
1.0 0.0 
1.0 0.0 
1.0 0.0 
1.0 0.0 
1.0 2.2741768 
1.0 2.2741768 
1.0 2.2741768 
1.0 2.2741768 
1.0 2.2741768 
1.0 2.2741768 
1.0 2.2741768 
1.0 2.2741768 
1.0 2.2741768 
1.0 5.3131638 
1.0 4.7785262 
1.0 4.349072 
1.0 4.71506665 
1.0 4.2795564 
1.0 4.4009721 
1.0 4.4264416 
1.0 4.3514562 
1.0 4.51322165 
1.0 6.9697824 
1.0 6.84493915 
1.0 6.2919521 
1.0 7.44726185 
1.0 6.39227645 
1.0 7.7710024 
1.0 7.1596294 
1.0 6.31191155 
1.0 6.917715 
2.0 8.16755345 
2.0 22.0779993 
2.0 8.1933152 
3.0 9.34004085 
3.0 9.3069445 
3.0 22.08819235 
3.0 22.0525963 
3.0 12.4666332 
3.0 29.3619942 
3.0 28.1850058 
3.0 27.8172524 
3.0 9.6860064 
3.0 16.6631717 
3.0 32.0313756 
3.0 17.7088478 
3.0 25.39460875 
3.0 15.5828484 
3.0 25.75018845 
3.0 32.68872775 
3.0 32.2795669 
3.0 32.9359646 
3.0 12.780474 
3.0 10.6650334 
3.0 28.85981525 
3.0 31.3989739 
4.0 12.94122935 
4.0 12.24644365 
4.0 29.4953106 
4.0 29.287643 
4.0 28.4846121 
4.0 27.73479065 
4.0 28.2445492 
4.0 28.4331719 
4.0 9.6188743 
4.0 10.0660903 
4.0 16.11277815 
4.0 17.27766775 
4.0 32.1998264 
4.0 32.95921195 
4.0 17.5763539 
4.0 18.10185405 
4.0 24.451322 
4.0 25.73674635 
4.0 16.10320495 
4.0 16.20528595 
4.0 25.9229068 
4.0 25.7676489 
4.0 32.24047855 
4.0 32.6653747 
4.0 33.2547663 
4.0 31.8209976 
4.0 32.61585075 
4.0 32.3763307 
4.0 13.4792574 
4.0 11.97731675 
4.0 10.0854698 
4.0 11.31469955 
4.0 29.74720455 
4.0 28.16403415 
4.0 31.2561963 
4.0 32.35715385 
