# Position.Z vs. Particle Type (97 data points):
# "Particle Type" Position.Z
1.0 0.0 
1.0 0.0 
1.0 0.0 
1.0 0.0 
1.0 0.0 
1.0 0.0 
1.0 0.0 
1.0 0.0 
1.0 0.0 
1.0 2.2741768 
1.0 2.2741768 
1.0 2.2741768 
1.0 2.2741768 
1.0 2.2741768 
1.0 2.2741768 
1.0 2.2741768 
1.0 2.2741768 
1.0 2.2741768 
1.0 4.38351095 
1.0 4.4608165 
1.0 4.3637412 
1.0 4.6579911 
1.0 4.4237998 
1.0 4.39490555 
1.0 4.42114785 
1.0 4.9721259 
1.0 4.4478819 
1.0 7.8677725 
1.0 6.82806005 
1.0 6.9004684 
1.0 8.06298395 
1.0 6.58170065 
1.0 6.59762845 
1.0 7.1139418 
1.0 6.54325945 
1.0 6.84482925 
2.0 8.7750054 
2.0 11.9129101 
2.0 8.0312568 
3.0 9.7620159 
3.0 9.283946 
3.0 12.60151305 
3.0 11.0870424 
3.0 8.9367929 
3.0 11.06928235 
3.0 13.29716185 
3.0 20.0436145 
3.0 10.92694785 
3.0 22.29480925 
3.0 29.382514 
3.0 18.9597142 
3.0 15.3451676 
3.0 12.90703365 
3.0 31.51578395 
3.0 24.91965035 
3.0 18.7620531 
3.0 31.22207095 
3.0 14.5278231 
3.0 32.70533035 
3.0 32.36090865 
3.0 31.2299099 
4.0 9.38913675 
4.0 8.94418385 
4.0 11.7354398 
4.0 11.7006547 
4.0 12.91124065 
4.0 13.01608175 
4.0 19.58751025 
4.0 19.39749245 
4.0 10.51864345 
4.0 10.7890986 
4.0 23.04001945 
4.0 21.58466485 
4.0 28.43800435 
4.0 29.4326228 
4.0 18.11400605 
4.0 19.46677495 
4.0 15.87436095 
4.0 15.2289431 
4.0 13.69008095 
4.0 12.19609755 
4.0 30.69821895 
4.0 31.41098695 
4.0 24.0788681 
4.0 25.52039245 
4.0 19.38357995 
4.0 18.6482646 
4.0 31.75786495 
4.0 31.7709672 
4.0 14.0856611 
4.0 14.84775775 
4.0 32.31628995 
4.0 32.0742716 
4.0 32.90360045 
4.0 32.52990545 
4.0 31.7418409 
4.0 30.6112814 
