# Position.Z vs. Particle Type (97 data points):
# "Particle Type" Position.Z
1.0 0.0 
1.0 0.0 
1.0 0.0 
1.0 0.0 
1.0 0.0 
1.0 0.0 
1.0 0.0 
1.0 0.0 
1.0 0.0 
1.0 2.2741768 
1.0 2.2741768 
1.0 2.2741768 
1.0 2.2741768 
1.0 2.2741768 
1.0 2.2741768 
1.0 2.2741768 
1.0 2.2741768 
1.0 2.2741768 
1.0 5.16442115 
1.0 5.14747695 
1.0 4.3281371 
1.0 4.38327855 
1.0 4.4370536 
1.0 4.4670857 
1.0 4.35799455 
1.0 4.17180785 
1.0 4.429089 
1.0 7.54181505 
1.0 7.45855215 
1.0 6.7635631 
1.0 7.18446295 
1.0 7.02977275 
1.0 6.4827161 
1.0 6.7103414 
1.0 6.24109745 
1.0 6.69103365 
2.0 8.63569385 
2.0 12.9059168 
2.0 7.85351385 
3.0 9.856245 
3.0 9.08110525 
3.0 14.08925875 
3.0 11.7285882 
3.0 10.64619465 
3.0 10.1677394 
3.0 9.3467437 
3.0 17.4594833 
3.0 17.9528874 
3.0 22.82173425 
3.0 32.60327385 
3.0 20.28076505 
3.0 21.18124715 
3.0 19.49765965 
3.0 30.69556315 
3.0 22.5760563 
3.0 23.465386 
3.0 32.13264145 
3.0 19.0548638 
3.0 32.42500205 
3.0 32.0148745 
3.0 31.6591422 
4.0 11.245598 
4.0 10.16790355 
4.0 10.0313297 
4.0 9.9414301 
4.0 9.07527075 
4.0 9.6497996 
4.0 17.15701505 
4.0 17.8445771 
4.0 18.82454 
4.0 18.06797335 
4.0 23.0739033 
4.0 23.14645165 
4.0 32.24348435 
4.0 31.94235275 
4.0 20.0214966 
4.0 19.87487845 
4.0 21.59361575 
4.0 20.69344445 
4.0 18.98249535 
4.0 20.0786796 
4.0 31.10738505 
4.0 30.82789605 
4.0 23.1584122 
4.0 21.8765897 
4.0 22.9795216 
4.0 23.1206787 
4.0 33.03101165 
4.0 31.9792165 
4.0 19.7655423 
4.0 18.2390096 
4.0 32.2332661 
4.0 32.50402645 
4.0 31.443895 
4.0 32.9128667 
4.0 30.81569435 
4.0 32.25262145 
