# Position.Z vs. Particle Type (97 data points):
# "Particle Type" Position.Z
1.0 0.0 
1.0 0.0 
1.0 0.0 
1.0 0.0 
1.0 0.0 
1.0 0.0 
1.0 0.0 
1.0 0.0 
1.0 0.0 
1.0 2.2741768 
1.0 2.2741768 
1.0 2.2741768 
1.0 2.2741768 
1.0 2.2741768 
1.0 2.2741768 
1.0 2.2741768 
1.0 2.2741768 
1.0 2.2741768 
1.0 4.16957275 
1.0 5.2627008 
1.0 4.28345505 
1.0 4.35549205 
1.0 4.321779 
1.0 4.6050487 
1.0 4.55028735 
1.0 4.8115487 
1.0 4.27082915 
1.0 7.3837673 
1.0 7.2375639 
1.0 6.42801425 
1.0 7.2157778 
1.0 7.6140533 
1.0 6.3540008 
1.0 6.76027905 
1.0 6.6763039 
1.0 6.97207875 
2.0 8.3805393 
2.0 16.30631835 
2.0 8.1727947 
3.0 9.5329213 
3.0 9.1759332 
3.0 16.42045825 
3.0 16.19602985 
3.0 11.2440755 
3.0 12.73899025 
3.0 9.63124435 
3.0 19.2982055 
3.0 19.6675745 
3.0 23.5324572 
3.0 25.0515538 
3.0 19.05090705 
3.0 25.41548415 
3.0 23.12272935 
3.0 25.6537687 
3.0 23.66400155 
3.0 25.76768915 
3.0 30.03703535 
3.0 28.5489701 
3.0 28.1256577 
3.0 28.04690175 
3.0 28.08060815 
4.0 11.82262725 
4.0 11.88557055 
4.0 13.0950428 
4.0 13.10149085 
4.0 10.45430155 
4.0 9.69878455 
4.0 18.5365642 
4.0 19.2983518 
4.0 19.5401675 
4.0 20.27478215 
4.0 23.57314225 
4.0 24.2866365 
4.0 26.006491 
4.0 24.5606088 
4.0 19.5848289 
4.0 19.3898663 
4.0 24.74329165 
4.0 26.2658333 
4.0 22.75161245 
4.0 23.73661745 
4.0 24.7441397 
4.0 25.57735495 
4.0 22.8920671 
4.0 24.00599985 
4.0 25.7217436 
4.0 25.50163385 
4.0 29.69193395 
4.0 30.1867398 
4.0 28.4915344 
4.0 27.6548538 
4.0 28.67027625 
4.0 28.43849225 
4.0 28.43470595 
4.0 27.6616725 
4.0 27.9838853 
4.0 27.6373174 
