# Position.Z vs. Particle Type (97 data points):
# "Particle Type" Position.Z
1.0 0.0 
1.0 0.0 
1.0 0.0 
1.0 0.0 
1.0 0.0 
1.0 0.0 
1.0 0.0 
1.0 0.0 
1.0 0.0 
1.0 2.2741768 
1.0 2.2741768 
1.0 2.2741768 
1.0 2.2741768 
1.0 2.2741768 
1.0 2.2741768 
1.0 2.2741768 
1.0 2.2741768 
1.0 2.2741768 
1.0 4.64617055 
1.0 5.1857701 
1.0 4.2092946 
1.0 4.66668475 
1.0 4.44566815 
1.0 4.25883745 
1.0 4.4846354 
1.0 4.4551416 
1.0 4.510296 
1.0 7.1920149 
1.0 6.7994549 
1.0 7.00504595 
1.0 7.36970255 
1.0 7.041629 
1.0 6.292699 
1.0 6.5011716 
1.0 6.37865795 
1.0 7.42361655 
2.0 8.52534725 
2.0 17.8282993 
2.0 8.5614186 
3.0 9.6392002 
3.0 9.7818448 
3.0 17.1787938 
3.0 18.33589975 
3.0 9.73922915 
3.0 9.22286505 
3.0 13.9795775 
3.0 13.6364795 
3.0 11.9093457 
3.0 14.68946885 
3.0 29.0854893 
3.0 16.0921089 
3.0 12.93727435 
3.0 12.27945145 
3.0 31.96878685 
3.0 29.8662756 
3.0 19.2935512 
3.0 31.81690085 
3.0 16.893583 
3.0 18.19698055 
3.0 32.76873075 
3.0 31.15856975 
4.0 9.54303035 
4.0 9.03336175 
4.0 9.25488585 
4.0 9.91390155 
4.0 13.2451816 
4.0 13.7202163 
4.0 13.4139033 
4.0 13.70248915 
4.0 12.0395408 
4.0 12.281136 
4.0 14.87840655 
4.0 15.0190684 
4.0 29.8272247 
4.0 28.24145345 
4.0 16.14089015 
4.0 17.01798735 
4.0 12.01149915 
4.0 12.99241055 
4.0 12.589752 
4.0 11.65600205 
4.0 32.32424895 
4.0 31.8980949 
4.0 28.99751295 
4.0 30.53978935 
4.0 18.71342235 
4.0 19.5359577 
4.0 32.14136625 
4.0 32.6275558 
4.0 16.05385775 
4.0 16.78877865 
4.0 18.48678825 
4.0 18.124477 
4.0 32.50480905 
4.0 32.26020315 
4.0 31.1133816 
4.0 30.3458638 
