# Position.Z vs. Particle Type (97 data points):
# "Particle Type" Position.Z
1.0 0.0 
1.0 0.0 
1.0 0.0 
1.0 0.0 
1.0 0.0 
1.0 0.0 
1.0 0.0 
1.0 0.0 
1.0 0.0 
1.0 2.2741768 
1.0 2.2741768 
1.0 2.2741768 
1.0 2.2741768 
1.0 2.2741768 
1.0 2.2741768 
1.0 2.2741768 
1.0 2.2741768 
1.0 2.2741768 
1.0 4.24985925 
1.0 4.2755237 
1.0 4.6542615 
1.0 5.22934125 
1.0 4.28313935 
1.0 4.68578705 
1.0 4.62777595 
1.0 4.3150639 
1.0 4.41269745 
1.0 6.91364765 
1.0 6.62019365 
1.0 6.6322823 
1.0 7.51849385 
1.0 6.67216165 
1.0 6.45648605 
1.0 7.7371231 
1.0 6.6794371 
1.0 7.25189815 
2.0 7.9140047 
2.0 19.6853293 
2.0 8.6585037 
3.0 9.1159824 
3.0 9.78068525 
3.0 20.6580864 
3.0 18.76582435 
3.0 11.2156233 
3.0 29.21506735 
3.0 32.39382125 
3.0 32.30827985 
3.0 12.0582266 
3.0 9.6939192 
3.0 32.39606055 
3.0 12.41978115 
3.0 17.5523782 
3.0 9.9270213 
3.0 25.5917599 
3.0 32.06027825 
3.0 29.63903145 
3.0 30.459401 
3.0 13.97562215 
3.0 11.1894909 
3.0 20.2186131 
3.0 28.58368135 
4.0 11.2866208 
4.0 11.6802007 
4.0 30.0666191 
4.0 28.50835855 
4.0 32.074798 
4.0 32.20522515 
4.0 31.5477365 
4.0 33.1415217 
4.0 12.25874335 
4.0 11.5914596 
4.0 9.50610465 
4.0 9.6035947 
4.0 32.2720237 
4.0 32.24015445 
4.0 11.6613924 
4.0 12.28871385 
4.0 16.87646975 
4.0 17.37687735 
4.0 10.3285833 
4.0 9.8919779 
4.0 25.30904705 
4.0 24.79775515 
4.0 32.3728769 
4.0 31.4021883 
4.0 29.3478997 
4.0 29.57674055 
4.0 31.04946145 
4.0 29.87062785 
4.0 14.7616077 
4.0 13.39417275 
4.0 11.02907575 
4.0 12.1378544 
4.0 19.7118775 
4.0 19.5434414 
4.0 28.9091138 
4.0 28.886893 
