# Position.Z vs. Particle Type (97 data points):
# "Particle Type" Position.Z
1.0 0.0 
1.0 0.0 
1.0 0.0 
1.0 0.0 
1.0 0.0 
1.0 0.0 
1.0 0.0 
1.0 0.0 
1.0 0.0 
1.0 2.2741768 
1.0 2.2741768 
1.0 2.2741768 
1.0 2.2741768 
1.0 2.2741768 
1.0 2.2741768 
1.0 2.2741768 
1.0 2.2741768 
1.0 2.2741768 
1.0 4.24968775 
1.0 4.68174945 
1.0 4.3286327 
1.0 4.2349559 
1.0 4.45374685 
1.0 4.3589175 
1.0 4.41121345 
1.0 5.4769652 
1.0 4.4923627 
1.0 7.95223625 
1.0 6.9913865 
1.0 6.59348445 
1.0 8.06197875 
1.0 6.4380386 
1.0 6.34838085 
1.0 7.1421833 
1.0 6.8631353 
1.0 6.55345775 
2.0 8.727523 
2.0 12.22686325 
2.0 7.95753385 
3.0 9.8834267 
3.0 9.0664301 
3.0 12.91888185 
3.0 11.57903705 
3.0 9.8747607 
3.0 11.68958385 
3.0 14.1623069 
3.0 19.8382604 
3.0 9.5011189 
3.0 22.95014365 
3.0 30.51281625 
3.0 18.3023323 
3.0 14.785477 
3.0 13.72819175 
3.0 30.2436484 
3.0 25.14249745 
3.0 19.0611323 
3.0 32.0714373 
3.0 14.94341555 
3.0 32.774651 
3.0 31.54571455 
3.0 31.4334006 
4.0 10.3352809 
4.0 8.93101335 
4.0 12.3920818 
4.0 12.194826 
4.0 14.785484 
4.0 13.75633105 
4.0 18.8636714 
4.0 19.9787455 
4.0 10.21436675 
4.0 9.45038535 
4.0 22.2016396 
4.0 23.73929075 
4.0 29.62102535 
4.0 31.0788814 
4.0 17.36599515 
4.0 18.71391305 
4.0 14.1511937 
4.0 14.78679125 
4.0 14.3653636 
4.0 12.89326045 
4.0 30.6836572 
4.0 29.7282909 
4.0 25.67133835 
4.0 24.2430839 
4.0 19.4809454 
4.0 18.4950745 
4.0 33.0334494 
4.0 32.2808087 
4.0 15.063174 
4.0 14.79912105 
4.0 32.25640075 
4.0 32.35916985 
4.0 31.97681865 
4.0 30.59641445 
4.0 31.53758125 
4.0 30.63221665 
