# Position.Z vs. Particle Type (97 data points):
# "Particle Type" Position.Z
1.0 0.0 
1.0 0.0 
1.0 0.0 
1.0 0.0 
1.0 0.0 
1.0 0.0 
1.0 0.0 
1.0 0.0 
1.0 0.0 
1.0 2.2741768 
1.0 2.2741768 
1.0 2.2741768 
1.0 2.2741768 
1.0 2.2741768 
1.0 2.2741768 
1.0 2.2741768 
1.0 2.2741768 
1.0 2.2741768 
1.0 4.8294589 
1.0 5.25814485 
1.0 4.38268495 
1.0 4.46964945 
1.0 4.3054928 
1.0 4.4486582 
1.0 4.3514933 
1.0 4.6118583 
1.0 4.6305707 
1.0 7.58602355 
1.0 7.37626505 
1.0 6.73056265 
1.0 7.03669645 
1.0 7.8461012 
1.0 6.5736699 
1.0 6.69571385 
1.0 6.31452605 
1.0 6.94922165 
2.0 8.59853925 
2.0 28.048496 
2.0 7.93728215 
3.0 9.796444 
3.0 9.09590255 
3.0 27.3328265 
3.0 28.88960515 
3.0 16.56604285 
3.0 9.77850825 
3.0 12.8225139 
3.0 14.6110979 
3.0 10.3390945 
3.0 13.36175295 
3.0 32.0208791 
3.0 15.5620836 
3.0 15.5040928 
3.0 12.5202644 
3.0 31.7404661 
3.0 29.03004335 
3.0 16.32477175 
3.0 32.1670293 
3.0 18.5466736 
3.0 13.7081168 
3.0 31.5548247 
3.0 32.7725202 
4.0 17.2769905 
4.0 15.9010446 
4.0 9.8905709 
4.0 10.43492135 
4.0 12.91845415 
4.0 11.9936418 
4.0 14.2043762 
4.0 15.43781715 
4.0 9.87481565 
4.0 11.25086655 
4.0 12.886601 
4.0 14.29118565 
4.0 32.7892803 
4.0 31.45352455 
4.0 14.5786172 
4.0 15.4976647 
4.0 14.58699585 
4.0 15.9613363 
4.0 13.19087455 
4.0 11.7724985 
4.0 31.85671475 
4.0 32.3783124 
4.0 29.4572635 
4.0 28.1564584 
4.0 16.35592665 
4.0 15.54757225 
4.0 32.959108 
4.0 32.5588333 
4.0 18.3710191 
4.0 17.9582186 
4.0 14.3461339 
4.0 13.6068219 
4.0 30.69978065 
4.0 31.3452678 
4.0 32.6184649 
4.0 32.51477495 
