# Position.Z vs. Particle Type (97 data points):
# "Particle Type" Position.Z
1.0 0.0 
1.0 0.0 
1.0 0.0 
1.0 0.0 
1.0 0.0 
1.0 0.0 
1.0 0.0 
1.0 0.0 
1.0 0.0 
1.0 2.2741768 
1.0 2.2741768 
1.0 2.2741768 
1.0 2.2741768 
1.0 2.2741768 
1.0 2.2741768 
1.0 2.2741768 
1.0 2.2741768 
1.0 2.2741768 
1.0 4.63193465 
1.0 4.2944391 
1.0 4.4358685 
1.0 5.09504625 
1.0 4.52666445 
1.0 4.2833287 
1.0 4.39243175 
1.0 4.22717505 
1.0 4.43770075 
1.0 6.71550845 
1.0 6.763092 
1.0 6.49267395 
1.0 7.1955821 
1.0 6.4360548 
1.0 6.5617993 
1.0 7.57824795 
1.0 6.5753401 
1.0 7.12597515 
2.0 7.7659512 
2.0 16.33116065 
2.0 8.2752236 
3.0 9.00481155 
3.0 9.4564106 
3.0 15.650796 
3.0 17.10265725 
3.0 11.3645651 
3.0 23.9921976 
3.0 31.6079708 
3.0 32.22551885 
3.0 9.8155176 
3.0 11.20839125 
3.0 29.5429092 
3.0 12.3341743 
3.0 19.85527565 
3.0 9.36684175 
3.0 26.5862373 
3.0 32.59690035 
3.0 26.25876155 
3.0 28.8779953 
3.0 13.2636301 
3.0 12.8510375 
3.0 22.00564905 
3.0 30.7171109 
4.0 11.756325 
4.0 10.42672575 
4.0 24.22753235 
4.0 23.27743985 
4.0 30.80222145 
4.0 32.27788655 
4.0 32.41715995 
4.0 32.76797825 
4.0 9.7955935 
4.0 10.4347936 
4.0 11.16259305 
4.0 10.8692437 
4.0 29.9633173 
4.0 28.5778871 
4.0 13.08678525 
4.0 11.94344795 
4.0 19.1955176 
4.0 19.86957945 
4.0 9.61462005 
4.0 9.9901158 
4.0 26.7874075 
4.0 25.90396865 
4.0 32.49531775 
4.0 32.32692155 
4.0 25.32580925 
4.0 26.5538238 
4.0 29.34755425 
4.0 29.54829115 
4.0 13.14099745 
4.0 12.6638351 
4.0 12.24893005 
4.0 12.28693795 
4.0 22.6767954 
4.0 21.6417929 
4.0 30.17710115 
4.0 31.2551316 
