# Position.Z vs. Particle Type (97 data points):
# "Particle Type" Position.Z
1.0 0.0 
1.0 0.0 
1.0 0.0 
1.0 0.0 
1.0 0.0 
1.0 0.0 
1.0 0.0 
1.0 0.0 
1.0 0.0 
1.0 2.2741768 
1.0 2.2741768 
1.0 2.2741768 
1.0 2.2741768 
1.0 2.2741768 
1.0 2.2741768 
1.0 2.2741768 
1.0 2.2741768 
1.0 2.2741768 
1.0 4.27197575 
1.0 4.474806 
1.0 4.4135147 
1.0 5.21610285 
1.0 4.31828775 
1.0 4.34096355 
1.0 4.4729923 
1.0 4.75746985 
1.0 4.26105995 
1.0 6.9694555 
1.0 6.8261389 
1.0 6.51062895 
1.0 7.50203475 
1.0 6.51932785 
1.0 6.39267755 
1.0 7.45453135 
1.0 6.90587765 
1.0 7.15410745 
2.0 8.02967375 
2.0 22.18223315 
2.0 8.46540905 
3.0 9.2335747 
3.0 9.64449745 
3.0 21.65852115 
3.0 22.69116815 
3.0 17.85887845 
3.0 21.5647362 
3.0 31.27776715 
3.0 29.9547388 
3.0 13.51009485 
3.0 9.77359005 
3.0 30.6819058 
3.0 17.80718695 
3.0 28.3836091 
3.0 8.89428995 
3.0 32.74285175 
3.0 31.82369295 
3.0 32.77438115 
3.0 25.8680772 
3.0 12.64372655 
3.0 9.16679435 
3.0 25.46792325 
3.0 17.48564125 
4.0 18.22485035 
4.0 18.55565005 
4.0 20.9828486 
4.0 21.8951635 
4.0 31.91402585 
4.0 30.51949635 
4.0 30.6079403 
4.0 29.43851225 
4.0 12.8549071 
4.0 14.36455895 
4.0 10.05373495 
4.0 10.63593195 
4.0 30.82911825 
4.0 30.9882139 
4.0 18.54810125 
4.0 17.1929912 
4.0 29.3105372 
4.0 28.36858675 
4.0 9.1969031 
4.0 9.39930845 
4.0 32.6160212 
4.0 32.6343185 
4.0 31.8266158 
4.0 32.67081055 
4.0 32.8455302 
4.0 32.7596269 
4.0 25.16090045 
4.0 26.36835915 
4.0 12.41051945 
4.0 13.21659045 
4.0 9.03691635 
4.0 9.74002365 
4.0 26.40309245 
4.0 25.53347405 
4.0 17.4392302 
4.0 16.84100635 
