# Position.Z vs. Particle Type (97 data points):
# "Particle Type" Position.Z
1.0 0.0 
1.0 0.0 
1.0 0.0 
1.0 0.0 
1.0 0.0 
1.0 0.0 
1.0 0.0 
1.0 0.0 
1.0 0.0 
1.0 2.2741768 
1.0 2.2741768 
1.0 2.2741768 
1.0 2.2741768 
1.0 2.2741768 
1.0 2.2741768 
1.0 2.2741768 
1.0 2.2741768 
1.0 2.2741768 
1.0 4.2321132 
1.0 4.3344567 
1.0 4.41820015 
1.0 5.1085279 
1.0 4.61499325 
1.0 4.21176035 
1.0 4.4650032 
1.0 4.4962267 
1.0 4.3139572 
1.0 6.6993255 
1.0 6.91214615 
1.0 6.30921445 
1.0 7.31218075 
1.0 6.69816875 
1.0 6.3206703 
1.0 7.3759952 
1.0 6.77007135 
1.0 7.3230612 
2.0 8.2206166 
2.0 16.8335132 
2.0 8.46653255 
3.0 9.371761 
3.0 9.65742365 
3.0 16.6450158 
3.0 17.1263099 
3.0 13.3001274 
3.0 25.8553617 
3.0 30.20794035 
3.0 32.2318759 
3.0 8.6594466 
3.0 14.45942085 
3.0 27.38584555 
3.0 13.32437225 
3.0 21.4220356 
3.0 10.8289146 
3.0 28.7242662 
3.0 32.57602355 
3.0 26.12249465 
3.0 31.47194435 
3.0 12.13571905 
3.0 15.6143645 
3.0 20.1942657 
3.0 32.2592221 
4.0 13.05709195 
4.0 12.41710225 
4.0 25.63976625 
4.0 24.9895324 
4.0 29.81376895 
4.0 30.95255135 
4.0 31.99453145 
4.0 31.70045795 
4.0 9.2474676 
4.0 9.16209595 
4.0 15.03786095 
4.0 14.2426116 
4.0 28.31279955 
4.0 27.0841032 
4.0 14.12548655 
4.0 12.63736705 
4.0 21.4613959 
4.0 20.4811929 
4.0 11.10903115 
4.0 10.67280725 
4.0 28.609854 
4.0 27.96462795 
4.0 32.12232625 
4.0 31.91035435 
4.0 25.72155005 
4.0 26.72504205 
4.0 31.71016065 
4.0 30.5206594 
4.0 13.0197802 
4.0 11.57987495 
4.0 15.19165515 
4.0 14.82831665 
4.0 20.9465214 
4.0 20.49476555 
4.0 32.8407681 
4.0 32.8560064 
