# Position.Z vs. Particle Type (97 data points):
# "Particle Type" Position.Z
1.0 0.0 
1.0 0.0 
1.0 0.0 
1.0 0.0 
1.0 0.0 
1.0 0.0 
1.0 0.0 
1.0 0.0 
1.0 0.0 
1.0 2.2741768 
1.0 2.2741768 
1.0 2.2741768 
1.0 2.2741768 
1.0 2.2741768 
1.0 2.2741768 
1.0 2.2741768 
1.0 2.2741768 
1.0 2.2741768 
1.0 4.48409045 
1.0 4.35033935 
1.0 4.357563 
1.0 5.0970374 
1.0 4.32859735 
1.0 4.4222486 
1.0 4.2635852 
1.0 4.5532242 
1.0 4.370758 
1.0 6.6970253 
1.0 6.56109545 
1.0 6.3708638 
1.0 7.0665728 
1.0 6.33305295 
1.0 6.36876065 
1.0 7.34784295 
1.0 6.76161745 
1.0 7.43522185 
2.0 7.8486247 
2.0 16.5681733 
2.0 8.4079814 
3.0 9.10970165 
3.0 9.5747323 
3.0 15.79173295 
3.0 17.459652 
3.0 11.9781781 
3.0 23.88834035 
3.0 32.0675761 
3.0 32.10428375 
3.0 9.5148571 
3.0 11.63728685 
3.0 29.39959155 
3.0 11.9095571 
3.0 19.86126695 
3.0 9.88250235 
3.0 27.0466728 
3.0 32.54352395 
3.0 25.8490176 
3.0 29.03479635 
3.0 12.1219413 
3.0 13.7841312 
3.0 21.7866761 
3.0 31.80723 
4.0 11.2760872 
4.0 11.54029835 
4.0 23.01086235 
4.0 23.7882309 
4.0 31.16775795 
4.0 32.3740473 
4.0 32.5354687 
4.0 32.28305815 
4.0 9.4767652 
4.0 9.3431835 
4.0 12.1975742 
4.0 11.98302665 
4.0 29.80282025 
4.0 28.46089435 
4.0 12.42721025 
4.0 12.2854725 
4.0 20.4049601 
4.0 19.4222315 
4.0 10.68081455 
4.0 9.068584 
4.0 27.61317475 
4.0 26.0617553 
4.0 32.0523434 
4.0 32.1528207 
4.0 25.8897107 
4.0 25.7139617 
4.0 29.40899605 
4.0 29.6654715 
4.0 11.19397195 
4.0 12.0379371 
4.0 14.00278775 
4.0 13.2923385 
4.0 20.96689385 
4.0 22.46637365 
4.0 31.1857315 
4.0 32.68214565 
