# Position.Z vs. Particle Type (97 data points):
# "Particle Type" Position.Z
1.0 0.0 
1.0 0.0 
1.0 0.0 
1.0 0.0 
1.0 0.0 
1.0 0.0 
1.0 0.0 
1.0 0.0 
1.0 0.0 
1.0 2.2741768 
1.0 2.2741768 
1.0 2.2741768 
1.0 2.2741768 
1.0 2.2741768 
1.0 2.2741768 
1.0 2.2741768 
1.0 2.2741768 
1.0 2.2741768 
1.0 5.0960665 
1.0 5.02555585 
1.0 4.269846 
1.0 4.26048945 
1.0 4.29410905 
1.0 4.1793542 
1.0 4.49969625 
1.0 4.4135693 
1.0 4.42389675 
1.0 7.04278575 
1.0 7.29358455 
1.0 6.5506392 
1.0 7.37231845 
1.0 7.7780983 
1.0 6.4109724 
1.0 6.5427649 
1.0 6.3668472 
1.0 6.72155995 
2.0 8.40230475 
2.0 14.46485355 
2.0 7.7430248 
3.0 9.59279265 
3.0 8.91714775 
3.0 13.98258925 
3.0 15.0030426 
3.0 11.1170073 
3.0 12.17642195 
3.0 9.96581565 
3.0 20.26655225 
3.0 24.9027926 
3.0 29.2604564 
3.0 31.04308235 
3.0 22.4747677 
3.0 28.54947025 
3.0 24.25140095 
3.0 31.0780666 
3.0 26.725384 
3.0 29.63803185 
3.0 32.53697055 
3.0 23.9339772 
3.0 32.8841534 
3.0 32.1601791 
3.0 31.71766745 
4.0 10.4707883 
4.0 10.98293455 
4.0 12.74090825 
4.0 11.74030795 
4.0 10.6468705 
4.0 10.21636455 
4.0 19.4687136 
4.0 20.7089617 
4.0 24.96420745 
4.0 24.7313339 
4.0 29.81689585 
4.0 29.383767 
4.0 31.88089485 
4.0 31.06134395 
4.0 21.5719133 
4.0 23.09938155 
4.0 28.76757765 
4.0 27.80037855 
4.0 24.31727445 
4.0 23.38302085 
4.0 30.21633825 
4.0 31.1383114 
4.0 26.1416988 
4.0 27.5680993 
4.0 30.51141555 
4.0 29.03949335 
4.0 32.1802152 
4.0 32.33188595 
4.0 23.66234885 
4.0 23.75976225 
4.0 32.5589222 
4.0 32.3980279 
4.0 32.6622485 
4.0 32.9569331 
4.0 32.2887943 
4.0 31.282566 
