# Position.Z vs. Particle Type (97 data points):
# "Particle Type" Position.Z
1.0 0.0 
1.0 0.0 
1.0 0.0 
1.0 0.0 
1.0 0.0 
1.0 0.0 
1.0 0.0 
1.0 0.0 
1.0 0.0 
1.0 2.2741768 
1.0 2.2741768 
1.0 2.2741768 
1.0 2.2741768 
1.0 2.2741768 
1.0 2.2741768 
1.0 2.2741768 
1.0 2.2741768 
1.0 2.2741768 
1.0 4.3607396 
1.0 5.35098655 
1.0 4.47333075 
1.0 4.53621945 
1.0 4.37517255 
1.0 4.45668475 
1.0 4.61251035 
1.0 4.635036 
1.0 4.22632455 
1.0 6.8265883 
1.0 6.9682487 
1.0 6.94383445 
1.0 7.42420245 
1.0 7.94396715 
1.0 6.57739915 
1.0 6.7648189 
1.0 6.6079426 
1.0 6.81325855 
2.0 8.2172454 
2.0 16.72331255 
2.0 8.13298605 
3.0 9.454795 
3.0 9.3112474 
3.0 17.6694518 
3.0 15.80616415 
3.0 9.8559412 
3.0 10.00381445 
3.0 12.6827309 
3.0 15.4573405 
3.0 11.83915005 
3.0 18.5738791 
3.0 32.18209015 
3.0 16.173178 
3.0 13.93609105 
3.0 12.7109976 
3.0 29.54208705 
3.0 31.5404159 
3.0 19.7265614 
3.0 32.53085255 
3.0 18.4752393 
3.0 23.0604584 
3.0 31.65902915 
3.0 31.4662838 
4.0 9.82626435 
4.0 9.08061035 
4.0 10.8356024 
4.0 10.1770543 
4.0 12.20728985 
4.0 13.03327655 
4.0 15.8621673 
4.0 14.56796075 
4.0 12.56892035 
4.0 11.5708796 
4.0 18.5005352 
4.0 19.0686776 
4.0 31.88016405 
4.0 32.608205 
4.0 16.83348205 
4.0 15.42263625 
4.0 13.98835515 
4.0 14.85790705 
4.0 12.147961 
4.0 12.0382696 
4.0 30.0005538 
4.0 29.81226115 
4.0 31.8366748 
4.0 31.8242253 
4.0 20.68239005 
4.0 19.60371805 
4.0 32.1057681 
4.0 31.96049115 
4.0 19.2558772 
4.0 18.53639305 
4.0 22.59237295 
4.0 22.38478515 
4.0 32.27346255 
4.0 31.3503603 
4.0 30.9752926 
4.0 32.44318385 
