# Position.Z vs. Particle Type (97 data points):
# "Particle Type" Position.Z
1.0 0.0 
1.0 0.0 
1.0 0.0 
1.0 0.0 
1.0 0.0 
1.0 0.0 
1.0 0.0 
1.0 0.0 
1.0 0.0 
1.0 2.2741768 
1.0 2.2741768 
1.0 2.2741768 
1.0 2.2741768 
1.0 2.2741768 
1.0 2.2741768 
1.0 2.2741768 
1.0 2.2741768 
1.0 2.2741768 
1.0 4.38841725 
1.0 5.27924565 
1.0 4.32336765 
1.0 4.3454474 
1.0 4.33374445 
1.0 4.4713025 
1.0 4.3078567 
1.0 4.4440648 
1.0 4.53481525 
1.0 6.83229995 
1.0 7.4204935 
1.0 6.6352986 
1.0 7.1188411 
1.0 7.3763193 
1.0 6.28602975 
1.0 6.4302028 
1.0 6.32336145 
1.0 7.0259 
2.0 8.2071899 
2.0 26.1950612 
2.0 7.89919865 
3.0 9.35179525 
3.0 9.0964342 
3.0 25.0334308 
3.0 27.3673582 
3.0 15.4916566 
3.0 9.58174315 
3.0 13.2480733 
3.0 20.3617995 
3.0 11.65685115 
3.0 12.88817775 
3.0 25.3377964 
3.0 19.29023495 
3.0 11.7370071 
3.0 15.86154255 
3.0 30.15040525 
3.0 32.09603285 
3.0 19.2452547 
3.0 31.8955098 
3.0 18.83337505 
3.0 20.0550336 
3.0 31.28300665 
3.0 32.68653885 
4.0 14.92514555 
4.0 16.33949205 
4.0 9.74289575 
4.0 10.3740042 
4.0 12.83057685 
4.0 13.20868535 
4.0 21.20172495 
4.0 20.2138678 
4.0 11.215568 
4.0 12.34599765 
4.0 13.8450039 
4.0 12.7283541 
4.0 24.44879325 
4.0 26.05843345 
4.0 18.3961421 
4.0 19.45150865 
4.0 11.18572525 
4.0 11.07247015 
4.0 15.91592555 
4.0 16.60408015 
4.0 29.4622846 
4.0 29.676857 
4.0 31.61180645 
4.0 31.9442718 
4.0 19.4599783 
4.0 19.6590667 
4.0 31.8126991 
4.0 32.87775645 
4.0 18.5744489 
4.0 18.3290156 
4.0 20.89503955 
4.0 19.38794235 
4.0 31.9931906 
4.0 31.8590265 
4.0 32.0284398 
4.0 32.2541779 
