# Position.Z vs. Particle Type (97 data points):
# "Particle Type" Position.Z
1.0 0.0 
1.0 0.0 
1.0 0.0 
1.0 0.0 
1.0 0.0 
1.0 0.0 
1.0 0.0 
1.0 0.0 
1.0 0.0 
1.0 2.2741768 
1.0 2.2741768 
1.0 2.2741768 
1.0 2.2741768 
1.0 2.2741768 
1.0 2.2741768 
1.0 2.2741768 
1.0 2.2741768 
1.0 2.2741768 
1.0 4.40533135 
1.0 4.94622765 
1.0 4.25465565 
1.0 4.2571368 
1.0 4.4153557 
1.0 4.8816747 
1.0 4.3985284 
1.0 5.42006045 
1.0 4.45211725 
1.0 7.98117705 
1.0 7.418859 
1.0 7.02361835 
1.0 8.3275094 
1.0 6.48404925 
1.0 6.6557967 
1.0 6.64279175 
1.0 7.350574 
1.0 6.86424585 
2.0 9.0892424 
2.0 12.2407138 
2.0 7.88708795 
3.0 10.28795565 
3.0 9.0309352 
3.0 12.69021495 
3.0 12.023228 
3.0 10.20129985 
3.0 12.24531245 
3.0 15.55994685 
3.0 19.1309363 
3.0 9.92649875 
3.0 23.12697765 
3.0 31.6942878 
3.0 17.3809426 
3.0 14.4991714 
3.0 14.2516325 
3.0 30.1019453 
3.0 25.6919726 
3.0 19.5689711 
3.0 31.7642269 
3.0 15.017737 
3.0 32.67691525 
3.0 30.70583635 
3.0 30.9419082 
4.0 9.89753555 
4.0 10.77557215 
4.0 12.83451995 
4.0 11.51006535 
4.0 15.89899115 
4.0 15.1663428 
4.0 19.80633725 
4.0 18.49696975 
4.0 9.66658805 
4.0 10.82488785 
4.0 23.12696085 
4.0 22.66057745 
4.0 31.5886872 
4.0 32.58404415 
4.0 16.7123306 
4.0 18.1592376 
4.0 13.6509688 
4.0 15.1788637 
4.0 14.04290265 
4.0 13.36697495 
4.0 29.62677935 
4.0 29.74470905 
4.0 25.41594895 
4.0 24.99896665 
4.0 19.82438885 
4.0 18.79804885 
4.0 32.7014093 
4.0 31.73243185 
4.0 14.6261619 
4.0 15.0747058 
4.0 32.95735485 
4.0 32.2606116 
4.0 29.8633573 
4.0 31.14893985 
4.0 30.82540615 
4.0 30.74082025 
