# Position.Z vs. Particle Type (97 data points):
# "Particle Type" Position.Z
1.0 0.0 
1.0 0.0 
1.0 0.0 
1.0 0.0 
1.0 0.0 
1.0 0.0 
1.0 0.0 
1.0 0.0 
1.0 0.0 
1.0 2.2741768 
1.0 2.2741768 
1.0 2.2741768 
1.0 2.2741768 
1.0 2.2741768 
1.0 2.2741768 
1.0 2.2741768 
1.0 2.2741768 
1.0 2.2741768 
1.0 4.4681791 
1.0 5.1646266 
1.0 4.31368805 
1.0 4.56252825 
1.0 4.19930595 
1.0 4.4280355 
1.0 5.0559208 
1.0 4.2711634 
1.0 4.2500822 
1.0 7.5488602 
1.0 7.15120035 
1.0 6.6970246 
1.0 6.96915065 
1.0 7.4371598 
1.0 6.6116876 
1.0 7.19423285 
1.0 6.2244791 
1.0 7.06109705 
2.0 8.51203605 
2.0 19.2947181 
2.0 8.1315654 
3.0 9.63782645 
3.0 9.33430155 
3.0 19.59095915 
3.0 19.00513405 
3.0 10.33806795 
3.0 9.487807 
3.0 12.3829244 
3.0 13.6269105 
3.0 11.63580425 
3.0 15.66495 
3.0 29.4562765 
3.0 17.2983664 
3.0 12.0964137 
3.0 11.4415217 
3.0 30.1171689 
3.0 32.23652075 
3.0 16.3220708 
3.0 31.95472525 
3.0 13.82595725 
3.0 16.3000439 
3.0 31.8140739 
3.0 30.6485739 
4.0 10.66978185 
4.0 11.15990295 
4.0 9.82860235 
4.0 10.19891845 
4.0 11.78362815 
4.0 12.4094628 
4.0 13.54358145 
4.0 13.63149795 
4.0 11.50570505 
4.0 11.93387405 
4.0 16.5735885 
4.0 15.81762385 
4.0 30.02430585 
4.0 29.4076258 
4.0 16.8525854 
4.0 18.17603445 
4.0 11.64554195 
4.0 12.8204146 
4.0 10.90083855 
4.0 10.74785845 
4.0 29.80547745 
4.0 30.53830815 
4.0 31.9830119 
4.0 31.5296723 
4.0 16.70122895 
4.0 15.3909749 
4.0 31.2754358 
4.0 32.2071925 
4.0 13.3390012 
4.0 14.5856641 
4.0 16.9037778 
4.0 16.19652125 
4.0 32.4801988 
4.0 32.40056995 
4.0 29.7540005 
4.0 30.54103955 
