# Position.Z vs. Particle Type (97 data points):
# "Particle Type" Position.Z
1.0 0.0 
1.0 0.0 
1.0 0.0 
1.0 0.0 
1.0 0.0 
1.0 0.0 
1.0 0.0 
1.0 0.0 
1.0 0.0 
1.0 2.2741768 
1.0 2.2741768 
1.0 2.2741768 
1.0 2.2741768 
1.0 2.2741768 
1.0 2.2741768 
1.0 2.2741768 
1.0 2.2741768 
1.0 2.2741768 
1.0 4.5060001 
1.0 4.26453125 
1.0 4.258471 
1.0 4.5679291 
1.0 4.2579866 
1.0 4.41465115 
1.0 5.0013271 
1.0 4.36729265 
1.0 4.4760667 
1.0 6.87661625 
1.0 7.0593145 
1.0 7.49022645 
1.0 7.1274777 
1.0 6.3136997 
1.0 6.4861531 
1.0 6.9881007 
1.0 6.29133925 
1.0 6.54094 
2.0 7.90641495 
2.0 12.7745751 
2.0 8.12271005 
3.0 9.09483225 
3.0 9.31522445 
3.0 13.08783875 
3.0 12.185943 
3.0 11.90556395 
3.0 9.12279795 
3.0 10.06083435 
3.0 14.7764575 
3.0 11.0066985 
3.0 24.01785925 
3.0 31.53837575 
3.0 18.38223975 
3.0 15.4882721 
3.0 18.75606495 
3.0 29.7427018 
3.0 20.9931715 
3.0 17.35931855 
3.0 32.1895882 
3.0 15.5883448 
3.0 32.22768115 
3.0 32.37787245 
3.0 29.0557855 
4.0 11.4252537 
4.0 11.1866265 
4.0 9.1826707 
4.0 8.9760748 
4.0 10.20441065 
4.0 9.77621295 
4.0 14.4489751 
4.0 14.8555127 
4.0 10.1812277 
4.0 11.760798 
4.0 23.78740595 
4.0 23.17540995 
4.0 30.68856105 
4.0 32.15610125 
4.0 18.60032125 
4.0 18.89454525 
4.0 14.86644565 
4.0 16.3521386 
4.0 18.51493805 
4.0 18.62955255 
4.0 28.8503523 
4.0 29.7509093 
4.0 20.72319235 
4.0 20.59221325 
4.0 16.742684 
4.0 16.94918015 
4.0 32.5599596 
4.0 32.80447555 
4.0 16.1333921 
4.0 14.7126126 
4.0 32.06381325 
4.0 32.1837502 
4.0 32.01070495 
4.0 32.1366297 
4.0 28.74033715 
4.0 30.02811 
