# Position.Z vs. Particle Type (97 data points):
# "Particle Type" Position.Z
1.0 0.0 
1.0 0.0 
1.0 0.0 
1.0 0.0 
1.0 0.0 
1.0 0.0 
1.0 0.0 
1.0 0.0 
1.0 0.0 
1.0 2.2741768 
1.0 2.2741768 
1.0 2.2741768 
1.0 2.2741768 
1.0 2.2741768 
1.0 2.2741768 
1.0 2.2741768 
1.0 2.2741768 
1.0 2.2741768 
1.0 4.4551815 
1.0 5.2455662 
1.0 4.49312535 
1.0 4.54682655 
1.0 4.28106805 
1.0 4.39224905 
1.0 4.45503275 
1.0 4.4281657 
1.0 4.6515035 
1.0 7.04625635 
1.0 7.05763485 
1.0 6.7577937 
1.0 7.1702708 
1.0 7.84124635 
1.0 6.4161055 
1.0 6.3621838 
1.0 6.5471532 
1.0 7.10009335 
2.0 8.2574205 
2.0 17.8224326 
2.0 8.14389485 
3.0 9.47284065 
3.0 9.24065695 
3.0 18.62744065 
3.0 16.9318828 
3.0 10.2041639 
3.0 9.2532713 
3.0 13.798841 
3.0 13.57046705 
3.0 12.1842938 
3.0 13.2492486 
3.0 29.3563333 
3.0 15.7984834 
3.0 11.47846245 
3.0 11.67222035 
3.0 31.89856145 
3.0 29.276835 
3.0 19.0288385 
3.0 31.7346736 
3.0 16.79614265 
3.0 18.97619605 
3.0 31.7776074 
3.0 31.2463396 
4.0 10.54144665 
4.0 9.26203495 
4.0 9.14685905 
4.0 9.0278055 
4.0 13.15393625 
4.0 14.0459641 
4.0 13.5312443 
4.0 13.97125135 
4.0 12.4173203 
4.0 12.6388724 
4.0 12.7131837 
4.0 14.14333725 
4.0 30.0250286 
4.0 28.8585738 
4.0 16.42345705 
4.0 16.4039673 
4.0 11.3234611 
4.0 12.16874645 
4.0 11.6562502 
4.0 10.74154375 
4.0 32.72879715 
4.0 31.5154658 
4.0 28.92052485 
4.0 29.83494815 
4.0 18.7467231 
4.0 19.7046955 
4.0 32.62782075 
4.0 31.88579625 
4.0 16.36728415 
4.0 16.2308601 
4.0 19.2555538 
4.0 19.3317173 
4.0 31.29045885 
4.0 31.8044944 
4.0 30.34104535 
4.0 31.002706 
