# Position.Z vs. Particle Type (97 data points):
# "Particle Type" Position.Z
1.0 0.0 
1.0 0.0 
1.0 0.0 
1.0 0.0 
1.0 0.0 
1.0 0.0 
1.0 0.0 
1.0 0.0 
1.0 0.0 
1.0 2.2741768 
1.0 2.2741768 
1.0 2.2741768 
1.0 2.2741768 
1.0 2.2741768 
1.0 2.2741768 
1.0 2.2741768 
1.0 2.2741768 
1.0 2.2741768 
1.0 4.95229105 
1.0 4.35114785 
1.0 4.51433185 
1.0 4.86166835 
1.0 4.3943984 
1.0 4.3021167 
1.0 4.28720845 
1.0 4.5389099 
1.0 4.3330336 
1.0 6.9492822 
1.0 6.83282985 
1.0 6.54861235 
1.0 7.36880025 
1.0 6.5254441 
1.0 7.6430081 
1.0 7.305417 
1.0 6.37524265 
1.0 6.67104725 
2.0 8.3780305 
2.0 21.6957909 
2.0 8.2790785 
3.0 9.5706821 
3.0 9.33267265 
3.0 21.3745672 
3.0 22.1756472 
3.0 13.41276755 
3.0 28.5005777 
3.0 28.1015679 
3.0 28.12462065 
3.0 9.38297255 
3.0 16.22212935 
3.0 30.7227445 
3.0 16.90213945 
3.0 25.336395 
3.0 14.3775163 
3.0 26.2839227 
3.0 31.41891865 
3.0 31.2048828 
3.0 32.6543448 
3.0 11.6563384 
3.0 11.47189785 
3.0 28.6431761 
3.0 31.0105257 
4.0 12.580134 
4.0 14.11681985 
4.0 29.46549025 
4.0 28.3553158 
4.0 28.5585818 
4.0 27.44878675 
4.0 27.8603815 
4.0 28.2751028 
4.0 9.895249 
4.0 10.0543541 
4.0 15.6348801 
4.0 17.05123455 
4.0 29.88383685 
4.0 30.5789316 
4.0 16.90230255 
4.0 17.6267546 
4.0 25.5646657 
4.0 25.20044415 
4.0 14.87697225 
4.0 14.4615422 
4.0 26.66671035 
4.0 25.6703622 
4.0 32.10719225 
4.0 31.2458713 
4.0 31.73202445 
4.0 31.1404184 
4.0 32.6697889 
4.0 32.135607 
4.0 12.5034609 
4.0 10.97964595 
4.0 11.4188424 
4.0 12.36115615 
4.0 28.8345841 
4.0 27.94516515 
4.0 31.15210595 
4.0 31.25501575 
