# Position.Z vs. Particle Type (97 data points):
# "Particle Type" Position.Z
1.0 0.0 
1.0 0.0 
1.0 0.0 
1.0 0.0 
1.0 0.0 
1.0 0.0 
1.0 0.0 
1.0 0.0 
1.0 0.0 
1.0 2.2741768 
1.0 2.2741768 
1.0 2.2741768 
1.0 2.2741768 
1.0 2.2741768 
1.0 2.2741768 
1.0 2.2741768 
1.0 2.2741768 
1.0 2.2741768 
1.0 4.2336119 
1.0 5.21413515 
1.0 4.33223805 
1.0 4.3760038 
1.0 4.40231155 
1.0 4.2280189 
1.0 4.7020708 
1.0 4.71095625 
1.0 5.01501525 
1.0 7.1596392 
1.0 7.56076895 
1.0 7.10627925 
1.0 7.89980135 
1.0 6.4050686 
1.0 6.2477695 
1.0 7.0406357 
1.0 6.6900631 
1.0 6.95175285 
2.0 8.4517251 
2.0 15.55739955 
2.0 8.1987668 
3.0 9.621661 
3.0 9.37610625 
3.0 14.62789755 
3.0 16.4886673 
3.0 9.9600424 
3.0 12.2059567 
3.0 13.5113125 
3.0 15.5340661 
3.0 10.12030915 
3.0 19.29766055 
3.0 27.8692869 
3.0 19.0798398 
3.0 14.48201545 
3.0 11.9835058 
3.0 29.2108894 
3.0 32.01727095 
3.0 17.9578861 
3.0 32.25585475 
3.0 17.04841005 
3.0 29.95321805 
3.0 30.2934254 
3.0 32.0083078 
4.0 9.6364849 
4.0 10.5811685 
4.0 11.35175545 
4.0 11.96055735 
4.0 13.0926803 
4.0 12.90855685 
4.0 15.45582605 
4.0 15.63594095 
4.0 10.60160675 
4.0 10.4951665 
4.0 18.97200445 
4.0 19.5738375 
4.0 27.03166585 
4.0 27.6313058 
4.0 19.2330222 
4.0 18.3000027 
4.0 15.3579027 
4.0 14.4400704 
4.0 12.8930354 
4.0 11.4018408 
4.0 29.79288795 
4.0 28.9862923 
4.0 32.51378165 
4.0 31.449334 
4.0 17.22149485 
4.0 18.56691165 
4.0 32.2090958 
4.0 32.6715914 
4.0 17.8446765 
4.0 16.46733725 
4.0 30.1281442 
4.0 29.33803285 
4.0 29.74081495 
4.0 29.86945955 
4.0 32.0967892 
4.0 32.8361796 
