# Position.Z vs. Particle Type (97 data points):
# "Particle Type" Position.Z
1.0 0.0 
1.0 0.0 
1.0 0.0 
1.0 0.0 
1.0 0.0 
1.0 0.0 
1.0 0.0 
1.0 0.0 
1.0 0.0 
1.0 2.2741768 
1.0 2.2741768 
1.0 2.2741768 
1.0 2.2741768 
1.0 2.2741768 
1.0 2.2741768 
1.0 2.2741768 
1.0 2.2741768 
1.0 2.2741768 
1.0 4.5077067 
1.0 5.18876295 
1.0 4.22701055 
1.0 4.45828705 
1.0 4.3161328 
1.0 4.35282925 
1.0 4.68891255 
1.0 4.26299895 
1.0 4.43324175 
1.0 7.2050986 
1.0 6.83351795 
1.0 6.633683 
1.0 7.33371835 
1.0 7.6770211 
1.0 6.35668425 
1.0 6.80595475 
1.0 6.8107277 
1.0 6.66646505 
2.0 8.31449465 
2.0 15.81128535 
2.0 7.75666185 
3.0 9.57192915 
3.0 8.95309905 
3.0 16.28727765 
3.0 15.235269 
3.0 9.83115245 
3.0 9.6272925 
3.0 12.14091095 
3.0 14.6890107 
3.0 11.63401365 
3.0 19.6370993 
3.0 32.143615 
3.0 16.13174955 
3.0 14.0189518 
3.0 11.30577175 
3.0 28.6476617 
3.0 32.6564903 
3.0 19.7902488 
3.0 31.76063415 
3.0 19.7937383 
3.0 24.9053595 
3.0 32.56635375 
3.0 31.42565055 
4.0 9.0556886 
4.0 10.7294271 
4.0 10.3335211 
4.0 9.54665915 
4.0 12.91051195 
4.0 11.52452735 
4.0 14.36911 
4.0 15.2782266 
4.0 12.34923235 
4.0 12.05651195 
4.0 19.0303001 
4.0 20.4088465 
4.0 32.79980795 
4.0 31.60208345 
4.0 15.7628569 
4.0 15.7140872 
4.0 14.59472035 
4.0 13.1905746 
4.0 10.55452335 
4.0 11.7420163 
4.0 28.731794 
4.0 29.490475 
4.0 32.4632175 
4.0 31.87318925 
4.0 19.91560795 
4.0 19.16465285 
4.0 31.7911027 
4.0 32.71799755 
4.0 18.9614992 
4.0 19.80355895 
4.0 24.538829 
4.0 24.21211835 
4.0 32.29238705 
4.0 32.3565914 
4.0 31.22330365 
4.0 31.77609435 
