# Position.Z vs. Particle Type (97 data points):
# "Particle Type" Position.Z
1.0 0.0 
1.0 0.0 
1.0 0.0 
1.0 0.0 
1.0 0.0 
1.0 0.0 
1.0 0.0 
1.0 0.0 
1.0 0.0 
1.0 2.2741768 
1.0 2.2741768 
1.0 2.2741768 
1.0 2.2741768 
1.0 2.2741768 
1.0 2.2741768 
1.0 2.2741768 
1.0 2.2741768 
1.0 2.2741768 
1.0 4.4224495 
1.0 4.58465245 
1.0 4.24525115 
1.0 5.22246515 
1.0 4.33109495 
1.0 4.5404065 
1.0 4.7187819 
1.0 4.41124985 
1.0 4.1602379 
1.0 6.89129 
1.0 6.50597885 
1.0 6.5324658 
1.0 7.41609645 
1.0 6.37541905 
1.0 6.431586 
1.0 7.6881161 
1.0 7.27473495 
1.0 7.50791195 
2.0 8.14690625 
2.0 17.19893245 
2.0 8.6831906 
3.0 9.3509374 
3.0 9.93739775 
3.0 17.24127965 
3.0 17.02414875 
3.0 10.6842736 
3.0 26.015528 
3.0 32.8199732 
3.0 32.01825725 
3.0 11.6734912 
3.0 9.7938575 
3.0 30.93460545 
3.0 12.0417269 
3.0 17.98389495 
3.0 8.87641615 
3.0 25.23477215 
3.0 32.34768145 
3.0 28.5213215 
3.0 28.5589339 
3.0 13.84025895 
3.0 11.69965265 
3.0 20.89180135 
3.0 30.65519135 
4.0 10.07338045 
4.0 11.0400185 
4.0 26.4410839 
4.0 25.60524925 
4.0 32.9199472 
4.0 31.8736971 
4.0 32.9459326 
4.0 31.6282029 
4.0 11.4981937 
4.0 12.6487004 
4.0 9.0958105 
4.0 10.4439468 
4.0 31.5914291 
4.0 30.0742673 
4.0 11.5045665 
4.0 12.10555185 
4.0 17.89448955 
4.0 17.95369905 
4.0 9.4590013 
4.0 8.97219995 
4.0 25.9290871 
4.0 24.4761286 
4.0 32.79887415 
4.0 32.41943005 
4.0 27.8146974 
4.0 28.512022 
4.0 28.28584815 
4.0 29.4816928 
4.0 13.1029612 
4.0 13.97560325 
4.0 11.4821931 
4.0 12.4704398 
4.0 20.90414865 
4.0 19.9407187 
4.0 30.25043805 
4.0 31.47321625 
