# Position.Z vs. Particle Type (97 data points):
# "Particle Type" Position.Z
1.0 0.0 
1.0 0.0 
1.0 0.0 
1.0 0.0 
1.0 0.0 
1.0 0.0 
1.0 0.0 
1.0 0.0 
1.0 0.0 
1.0 2.2741768 
1.0 2.2741768 
1.0 2.2741768 
1.0 2.2741768 
1.0 2.2741768 
1.0 2.2741768 
1.0 2.2741768 
1.0 2.2741768 
1.0 2.2741768 
1.0 4.3739948 
1.0 5.1565045 
1.0 4.22489165 
1.0 4.38099515 
1.0 4.2635957 
1.0 4.61213445 
1.0 4.61955655 
1.0 4.3035307 
1.0 5.05765995 
1.0 6.73716855 
1.0 7.7589379 
1.0 7.43935675 
1.0 7.39838715 
1.0 6.3910777 
1.0 6.62517275 
1.0 6.55728045 
1.0 6.41116945 
1.0 7.16641975 
2.0 8.15796555 
2.0 23.22949475 
2.0 8.70213155 
3.0 9.1675381 
3.0 9.8923195 
3.0 22.66210205 
3.0 23.68984975 
3.0 18.78759085 
3.0 18.23276035 
3.0 22.42523605 
3.0 29.3872334 
3.0 9.9096263 
3.0 21.64590505 
3.0 31.96640615 
3.0 18.9018039 
3.0 25.06349265 
3.0 13.29247255 
3.0 29.7135111 
3.0 26.92502225 
3.0 25.84744785 
3.0 32.06565845 
3.0 21.08869805 
3.0 12.6468454 
3.0 28.5771528 
3.0 31.80867025 
4.0 19.68081745 
4.0 19.09464235 
4.0 17.63164445 
4.0 18.68077785 
4.0 21.87044125 
4.0 21.93394945 
4.0 28.56391475 
4.0 29.7347701 
4.0 10.2711 
4.0 10.33023285 
4.0 22.5868265 
4.0 21.47724775 
4.0 31.68048065 
4.0 32.87405905 
4.0 18.77649865 
4.0 18.46547605 
4.0 25.35588755 
4.0 25.62765345 
4.0 13.81866325 
4.0 13.2739761 
4.0 29.2065004 
4.0 30.6228895 
4.0 26.5291124 
4.0 27.8560212 
4.0 25.38343535 
4.0 25.7144685 
4.0 32.02608395 
4.0 32.86454465 
4.0 21.6520836 
4.0 20.6104157 
4.0 12.6794255 
4.0 12.57728815 
4.0 27.66778 
4.0 28.7326032 
4.0 31.4527549 
4.0 31.0901605 
