# Position.Z vs. Particle Type (97 data points):
# "Particle Type" Position.Z
1.0 0.0 
1.0 0.0 
1.0 0.0 
1.0 0.0 
1.0 0.0 
1.0 0.0 
1.0 0.0 
1.0 0.0 
1.0 0.0 
1.0 2.2741768 
1.0 2.2741768 
1.0 2.2741768 
1.0 2.2741768 
1.0 2.2741768 
1.0 2.2741768 
1.0 2.2741768 
1.0 2.2741768 
1.0 2.2741768 
1.0 4.3993964 
1.0 4.44699955 
1.0 4.68056855 
1.0 4.7597382 
1.0 4.43293235 
1.0 4.22889845 
1.0 4.99293025 
1.0 4.2125013 
1.0 4.3858234 
1.0 6.2907474 
1.0 6.72701085 
1.0 7.48585915 
1.0 7.5355637 
1.0 6.48802805 
1.0 6.50664035 
1.0 7.09373245 
1.0 6.8446966 
1.0 7.2382037 
2.0 8.39692455 
2.0 12.959737 
2.0 8.56723665 
3.0 9.4616557 
3.0 9.76125255 
3.0 13.0450999 
3.0 12.9157728 
3.0 12.29608835 
3.0 9.3697247 
3.0 9.86595435 
3.0 15.88285825 
3.0 10.51497335 
3.0 23.77700605 
3.0 31.99382305 
3.0 18.7961382 
3.0 15.8136377 
3.0 18.4387938 
3.0 30.62566115 
3.0 21.59374035 
3.0 17.1102407 
3.0 32.0409362 
3.0 14.82690335 
3.0 32.04350135 
3.0 32.6284168 
3.0 30.8434385 
4.0 12.2137113 
4.0 11.823553 
4.0 9.65254815 
4.0 9.58032355 
4.0 10.42832455 
4.0 10.18919755 
4.0 15.02621295 
4.0 16.4278163 
4.0 10.28313825 
4.0 11.3290226 
4.0 24.51820315 
4.0 23.89579745 
4.0 31.6253931 
4.0 32.58620435 
4.0 18.0147359 
4.0 19.09503295 
4.0 15.25461385 
4.0 16.6922287 
4.0 17.9258562 
4.0 18.59315255 
4.0 31.3046083 
4.0 30.5786537 
4.0 21.9131402 
4.0 20.91280345 
4.0 17.8718876 
4.0 16.37689165 
4.0 31.4907712 
4.0 32.77140755 
4.0 15.4416339 
4.0 14.72619575 
4.0 31.9084983 
4.0 32.3136975 
4.0 32.2697634 
4.0 32.70085875 
4.0 29.9620881 
4.0 30.9965824 
