# Position.Z vs. Particle Type (97 data points):
# "Particle Type" Position.Z
1.0 0.0 
1.0 0.0 
1.0 0.0 
1.0 0.0 
1.0 0.0 
1.0 0.0 
1.0 0.0 
1.0 0.0 
1.0 0.0 
1.0 2.2741768 
1.0 2.2741768 
1.0 2.2741768 
1.0 2.2741768 
1.0 2.2741768 
1.0 2.2741768 
1.0 2.2741768 
1.0 2.2741768 
1.0 2.2741768 
1.0 4.44803345 
1.0 4.514195 
1.0 4.54685525 
1.0 5.0099273 
1.0 4.32672905 
1.0 4.40283795 
1.0 4.29953405 
1.0 5.03786815 
1.0 4.61788425 
1.0 7.56347585 
1.0 6.8125904 
1.0 6.91450515 
1.0 8.076845 
1.0 6.9163276 
1.0 6.4834707 
1.0 6.7914315 
1.0 6.96381105 
1.0 7.0036519 
2.0 8.7718456 
2.0 12.65379045 
2.0 8.22424505 
3.0 9.94867545 
3.0 9.38092925 
3.0 12.19036525 
3.0 13.00896835 
3.0 9.90598455 
3.0 12.2478244 
3.0 15.01589495 
3.0 19.5431908 
3.0 9.87219555 
3.0 18.56278515 
3.0 32.56295945 
3.0 16.3297113 
3.0 14.19088825 
3.0 11.45937135 
3.0 29.5754004 
3.0 31.467205 
3.0 20.09027615 
3.0 31.94634695 
3.0 16.47380945 
3.0 31.2762632 
3.0 31.61281305 
3.0 32.4208164 
4.0 9.54828665 
4.0 10.8512957 
4.0 11.4596748 
4.0 11.81077975 
4.0 14.29811355 
4.0 15.224363 
4.0 19.1172135 
4.0 19.2488324 
4.0 9.64614175 
4.0 10.34003775 
4.0 18.9868791 
4.0 18.31442935 
4.0 32.1287729 
4.0 32.45673585 
4.0 16.13411975 
4.0 15.5772204 
4.0 14.4038699 
4.0 14.47689145 
4.0 12.43318825 
4.0 10.96568445 
4.0 30.19938075 
4.0 28.812973 
4.0 30.5147493 
4.0 31.9284042 
4.0 20.10759275 
4.0 20.23294665 
4.0 32.76634795 
4.0 31.7639595 
4.0 17.0913855 
4.0 16.1344043 
4.0 31.86226295 
4.0 31.47335555 
4.0 32.41046725 
4.0 31.6900213 
4.0 31.9035612 
4.0 32.2755594 
