# Position.Z vs. Particle Type (97 data points):
# "Particle Type" Position.Z
1.0 0.0 
1.0 0.0 
1.0 0.0 
1.0 0.0 
1.0 0.0 
1.0 0.0 
1.0 0.0 
1.0 0.0 
1.0 0.0 
1.0 2.2741768 
1.0 2.2741768 
1.0 2.2741768 
1.0 2.2741768 
1.0 2.2741768 
1.0 2.2741768 
1.0 2.2741768 
1.0 2.2741768 
1.0 2.2741768 
1.0 4.47507165 
1.0 4.5115721 
1.0 4.4021719 
1.0 4.62059955 
1.0 4.35101905 
1.0 4.35548435 
1.0 4.94596165 
1.0 4.43955505 
1.0 4.7595604 
1.0 6.87799385 
1.0 6.7403693 
1.0 7.50555155 
1.0 7.77282625 
1.0 6.7537841 
1.0 6.6273536 
1.0 7.11041065 
1.0 6.3520401 
1.0 7.3777053 
2.0 8.2966877 
2.0 12.3105773 
2.0 8.54653835 
3.0 9.32243375 
3.0 9.7821374 
3.0 11.53538575 
3.0 13.16176785 
3.0 13.0310292 
3.0 9.0708177 
3.0 12.99156845 
3.0 18.6317439 
3.0 11.33906025 
3.0 21.42644385 
3.0 29.50389015 
3.0 19.097113 
3.0 15.8632551 
3.0 16.0297725 
3.0 31.7660665 
3.0 24.73617475 
3.0 17.6128239 
3.0 30.6977713 
3.0 14.24505705 
3.0 32.5517577 
3.0 32.01293795 
3.0 30.11007125 
4.0 13.31266685 
4.0 12.1440606 
4.0 9.67100855 
4.0 9.10404705 
4.0 13.22145335 
4.0 13.7241146 
4.0 18.9411467 
4.0 18.49718395 
4.0 11.9913304 
4.0 10.6005879 
4.0 21.82928125 
4.0 20.4289449 
4.0 28.54859875 
4.0 29.89894005 
4.0 19.60942165 
4.0 18.2089621 
4.0 16.2585143 
4.0 15.64559325 
4.0 15.76731205 
4.0 16.80091105 
4.0 31.06412995 
4.0 32.6936463 
4.0 24.1514161 
4.0 25.2360304 
4.0 17.73540895 
4.0 17.99059675 
4.0 31.32558765 
4.0 31.22452305 
4.0 13.3378357 
4.0 14.1899639 
4.0 32.16309075 
4.0 32.36660175 
4.0 31.5416374 
4.0 32.9197113 
4.0 29.57967285 
4.0 29.8499936 
