# Position.Z vs. Particle Type (97 data points):
# "Particle Type" Position.Z
1.0 0.0 
1.0 0.0 
1.0 0.0 
1.0 0.0 
1.0 0.0 
1.0 0.0 
1.0 0.0 
1.0 0.0 
1.0 0.0 
1.0 2.2741768 
1.0 2.2741768 
1.0 2.2741768 
1.0 2.2741768 
1.0 2.2741768 
1.0 2.2741768 
1.0 2.2741768 
1.0 2.2741768 
1.0 2.2741768 
1.0 4.27654465 
1.0 4.3653547 
1.0 4.4927421 
1.0 5.11492835 
1.0 4.3689814 
1.0 4.32313665 
1.0 4.8543103 
1.0 4.42175335 
1.0 4.4957325 
1.0 7.0662942 
1.0 6.72225015 
1.0 6.5987446 
1.0 7.82655475 
1.0 6.71208475 
1.0 6.3752829 
1.0 7.11872455 
1.0 6.7510177 
1.0 7.5124469 
2.0 8.38625305 
2.0 12.74897925 
2.0 8.03247655 
3.0 9.4537758 
3.0 9.20656555 
3.0 12.50483535 
3.0 13.1990033 
3.0 12.56984785 
3.0 9.45337925 
3.0 12.3060105 
3.0 18.91362795 
3.0 10.5370839 
3.0 20.7691722 
3.0 29.59393675 
3.0 19.25471135 
3.0 15.9523126 
3.0 17.5239827 
3.0 31.8234238 
3.0 24.233419 
3.0 17.6021118 
3.0 31.98764275 
3.0 14.1425788 
3.0 31.9960452 
3.0 32.08969575 
3.0 30.4789562 
4.0 11.9798917 
4.0 13.13175185 
4.0 9.813391 
4.0 9.86056295 
4.0 12.58492375 
4.0 13.0545814 
4.0 18.1132406 
4.0 19.16375475 
4.0 10.9195779 
4.0 10.3859826 
4.0 21.32874975 
4.0 20.4483195 
4.0 29.30731055 
4.0 30.27325595 
4.0 19.88273315 
4.0 18.69841295 
4.0 15.8773104 
4.0 15.04827765 
4.0 17.75489905 
4.0 18.2912058 
4.0 31.0580319 
4.0 32.63632085 
4.0 25.21821715 
4.0 24.0078608 
4.0 17.18160815 
4.0 17.8522981 
4.0 32.33897625 
4.0 32.5932033 
4.0 13.29272945 
4.0 14.8122877 
4.0 31.6289617 
4.0 31.43839615 
4.0 32.1676306 
4.0 33.0350188 
4.0 31.03140705 
4.0 29.7036537 
