# Position.Z vs. Particle Type (97 data points):
# "Particle Type" Position.Z
1.0 0.0 
1.0 0.0 
1.0 0.0 
1.0 0.0 
1.0 0.0 
1.0 0.0 
1.0 0.0 
1.0 0.0 
1.0 0.0 
1.0 2.2741768 
1.0 2.2741768 
1.0 2.2741768 
1.0 2.2741768 
1.0 2.2741768 
1.0 2.2741768 
1.0 2.2741768 
1.0 2.2741768 
1.0 2.2741768 
1.0 4.25928615 
1.0 4.94364185 
1.0 4.24519165 
1.0 4.7952254 
1.0 4.357878 
1.0 4.54431285 
1.0 4.98278305 
1.0 4.4153088 
1.0 4.3593536 
1.0 7.5586427 
1.0 6.9986455 
1.0 6.8991895 
1.0 6.74829715 
1.0 7.3997742 
1.0 6.52089375 
1.0 7.20000855 
1.0 6.71750555 
1.0 6.9581848 
2.0 8.1749122 
2.0 18.9966581 
2.0 8.14952425 
3.0 9.25721685 
3.0 9.36284615 
3.0 18.33514935 
3.0 19.65875065 
3.0 10.53284925 
3.0 9.10133105 
3.0 12.54607795 
3.0 13.5657774 
3.0 11.33686225 
3.0 14.64643635 
3.0 29.1182675 
3.0 16.48571015 
3.0 12.04770875 
3.0 11.7294947 
3.0 32.0465964 
3.0 32.8941179 
3.0 16.48789765 
3.0 31.70593755 
3.0 14.65611245 
3.0 17.69965785 
3.0 32.04937365 
3.0 30.61844065 
4.0 11.0002298 
4.0 11.09805865 
4.0 9.6152805 
4.0 9.98460085 
4.0 12.3512487 
4.0 11.7319034 
4.0 14.26895575 
4.0 13.53531655 
4.0 12.2199707 
4.0 11.421718 
4.0 14.9232132 
4.0 13.72535815 
4.0 29.19853965 
4.0 29.3889001 
4.0 16.5904599 
4.0 16.88485785 
4.0 11.10637535 
4.0 12.2386362 
4.0 11.94402125 
4.0 10.756249 
4.0 31.8837673 
4.0 31.3036311 
4.0 32.742521 
4.0 32.3784671 
4.0 17.143973 
4.0 16.62668455 
4.0 31.859891 
4.0 32.51746645 
4.0 13.7769772 
4.0 14.71748705 
4.0 17.807489 
4.0 16.81835365 
4.0 32.2327054 
4.0 32.7339551 
4.0 30.9856554 
4.0 29.7748619 
