# Position.Z vs. Particle Type (97 data points):
# "Particle Type" Position.Z
1.0 0.0 
1.0 0.0 
1.0 0.0 
1.0 0.0 
1.0 0.0 
1.0 0.0 
1.0 0.0 
1.0 0.0 
1.0 0.0 
1.0 2.2741768 
1.0 2.2741768 
1.0 2.2741768 
1.0 2.2741768 
1.0 2.2741768 
1.0 2.2741768 
1.0 2.2741768 
1.0 2.2741768 
1.0 2.2741768 
1.0 5.26451765 
1.0 4.3623825 
1.0 4.3117676 
1.0 4.7067811 
1.0 4.35445605 
1.0 4.3684914 
1.0 4.50480135 
1.0 4.2605269 
1.0 4.4263163 
1.0 7.08575455 
1.0 7.1921339 
1.0 6.37293265 
1.0 7.7311395 
1.0 6.3008232 
1.0 7.5194364 
1.0 6.7700612 
1.0 6.5809996 
1.0 6.84961095 
2.0 8.57312015 
2.0 22.5620304 
2.0 8.2821354 
3.0 9.7090742 
3.0 9.3310532 
3.0 22.75745885 
3.0 22.20942955 
3.0 12.0961918 
3.0 29.63898315 
3.0 28.4788294 
3.0 27.2886194 
3.0 9.75218825 
3.0 16.90844225 
3.0 32.004028 
3.0 18.1569535 
3.0 24.4074488 
3.0 17.12516785 
3.0 26.1201423 
3.0 32.73522385 
3.0 31.94262995 
3.0 32.13124495 
3.0 13.6699808 
3.0 9.7975745 
3.0 29.89006195 
3.0 32.01822365 
4.0 12.71868465 
4.0 11.20518105 
4.0 29.20637685 
4.0 28.8877841 
4.0 28.86570295 
4.0 27.6986269 
4.0 27.69559345 
4.0 27.74707215 
4.0 9.29214475 
4.0 10.06932815 
4.0 17.0038813 
4.0 17.06316045 
4.0 32.0916785 
4.0 32.1251105 
4.0 17.69085185 
4.0 19.05308755 
4.0 23.4935036 
4.0 24.60703875 
4.0 17.6151234 
4.0 16.41402385 
4.0 25.8446517 
4.0 26.81953785 
4.0 32.37494435 
4.0 32.0354251 
4.0 31.70337835 
4.0 32.85103045 
4.0 31.86799455 
4.0 32.42788185 
4.0 14.62132035 
4.0 13.2132777 
4.0 9.969148 
4.0 10.0248876 
4.0 30.0355958 
4.0 30.2624574 
4.0 31.940034 
4.0 32.56379245 
