# Position.Z vs. Particle Type (97 data points):
# "Particle Type" Position.Z
1.0 0.0 
1.0 0.0 
1.0 0.0 
1.0 0.0 
1.0 0.0 
1.0 0.0 
1.0 0.0 
1.0 0.0 
1.0 0.0 
1.0 2.2741768 
1.0 2.2741768 
1.0 2.2741768 
1.0 2.2741768 
1.0 2.2741768 
1.0 2.2741768 
1.0 2.2741768 
1.0 2.2741768 
1.0 2.2741768 
1.0 4.81184025 
1.0 4.54160945 
1.0 4.2770077 
1.0 4.9979699 
1.0 4.3107722 
1.0 4.44033555 
1.0 4.43882845 
1.0 5.2345335 
1.0 4.23981635 
1.0 7.93967895 
1.0 7.31815385 
1.0 6.8752138 
1.0 8.4601853 
1.0 6.5648282 
1.0 6.85072325 
1.0 7.1076719 
1.0 6.83006065 
1.0 6.5142413 
2.0 9.1562366 
2.0 13.4577401 
2.0 8.6243304 
3.0 10.2941377 
3.0 9.6252926 
3.0 13.59926925 
3.0 13.15290165 
3.0 11.1391483 
3.0 14.0997647 
3.0 14.3289069 
3.0 20.46899015 
3.0 9.7688136 
3.0 18.1313447 
3.0 31.922863 
3.0 16.2535254 
3.0 14.7462357 
3.0 12.62898875 
3.0 28.3912475 
3.0 28.5018076 
3.0 19.6500787 
3.0 32.391268 
3.0 16.0545385 
3.0 30.23829235 
3.0 30.7519212 
3.0 32.48223615 
4.0 10.55157705 
4.0 11.56251705 
4.0 13.55942175 
4.0 13.6258129 
4.0 14.32739175 
4.0 13.6633126 
4.0 20.24550955 
4.0 21.4306939 
4.0 9.18042335 
4.0 10.72160565 
4.0 17.91401115 
4.0 18.853002 
4.0 32.75821395 
4.0 31.5957432 
4.0 15.63507785 
4.0 15.7609606 
4.0 14.43734565 
4.0 15.2429403 
4.0 13.17941765 
4.0 11.9142506 
4.0 29.30390995 
4.0 28.13520605 
4.0 29.2723732 
4.0 28.09124605 
4.0 19.2711547 
4.0 19.89562085 
4.0 32.61229405 
4.0 32.6536875 
4.0 16.68144975 
4.0 15.3238792 
4.0 30.236178 
4.0 29.4375627 
4.0 30.40468795 
4.0 31.19474435 
4.0 31.9226264 
4.0 32.5937423 
