# Position.Z vs. Particle Type (97 data points):
# "Particle Type" Position.Z
1.0 0.0 
1.0 0.0 
1.0 0.0 
1.0 0.0 
1.0 0.0 
1.0 0.0 
1.0 0.0 
1.0 0.0 
1.0 0.0 
1.0 2.2741768 
1.0 2.2741768 
1.0 2.2741768 
1.0 2.2741768 
1.0 2.2741768 
1.0 2.2741768 
1.0 2.2741768 
1.0 2.2741768 
1.0 2.2741768 
1.0 4.40732635 
1.0 4.8157186 
1.0 4.54288835 
1.0 4.3920191 
1.0 4.4405438 
1.0 4.26243125 
1.0 4.68222055 
1.0 4.35934625 
1.0 5.33650495 
1.0 6.79575995 
1.0 7.55214565 
1.0 7.36104425 
1.0 7.3514903 
1.0 6.61567025 
1.0 6.86360045 
1.0 6.56672415 
1.0 6.42621595 
1.0 6.9457549 
2.0 8.1731349 
2.0 22.5625148 
2.0 8.38275095 
3.0 9.26446815 
3.0 9.54286025 
3.0 21.7068733 
3.0 23.3123114 
3.0 19.91046435 
3.0 19.90006655 
3.0 23.7340089 
3.0 30.63516925 
3.0 9.5564014 
3.0 21.6843025 
3.0 31.1079293 
3.0 19.69785825 
3.0 24.73210145 
3.0 14.3408615 
3.0 30.20291155 
3.0 26.12430555 
3.0 26.9918439 
3.0 31.3306133 
3.0 19.55827055 
3.0 12.09599755 
3.0 29.0903998 
3.0 32.1703431 
4.0 20.28372955 
4.0 19.07821615 
4.0 19.41364285 
4.0 20.5832823 
4.0 22.7788337 
4.0 24.046246 
4.0 30.03304395 
4.0 30.62160185 
4.0 9.6870522 
4.0 9.5496324 
4.0 22.57696875 
4.0 21.1575112 
4.0 30.9955765 
4.0 32.08883825 
4.0 19.6960176 
4.0 20.1617689 
4.0 24.1966116 
4.0 25.03934195 
4.0 13.82712905 
4.0 13.9246093 
4.0 30.84073895 
4.0 30.80947415 
4.0 26.88495705 
4.0 25.40307105 
4.0 26.68732745 
4.0 26.7051911 
4.0 30.4003084 
4.0 31.5246911 
4.0 19.83453745 
4.0 19.2420753 
4.0 12.1637971 
4.0 12.81186515 
4.0 28.2114448 
4.0 29.587285 
4.0 32.1016171 
4.0 31.9581948 
