# Position.Z vs. Particle Type (97 data points):
# "Particle Type" Position.Z
1.0 0.0 
1.0 0.0 
1.0 0.0 
1.0 0.0 
1.0 0.0 
1.0 0.0 
1.0 0.0 
1.0 0.0 
1.0 0.0 
1.0 2.2741768 
1.0 2.2741768 
1.0 2.2741768 
1.0 2.2741768 
1.0 2.2741768 
1.0 2.2741768 
1.0 2.2741768 
1.0 2.2741768 
1.0 2.2741768 
1.0 4.3496754 
1.0 4.60664645 
1.0 4.44335885 
1.0 4.5181822 
1.0 4.20606725 
1.0 4.33236055 
1.0 4.9552776 
1.0 4.3393693 
1.0 4.86944325 
1.0 7.33794145 
1.0 7.2546215 
1.0 7.1814708 
1.0 6.95594025 
1.0 6.97859575 
1.0 6.65494935 
1.0 6.6469186 
1.0 6.4007153 
1.0 7.12054175 
2.0 8.2643659 
2.0 14.94572275 
2.0 8.06684515 
3.0 9.44590115 
3.0 9.26545795 
3.0 15.3061559 
3.0 14.57100155 
3.0 10.1609347 
3.0 9.5752167 
3.0 9.94850255 
3.0 16.69901065 
3.0 16.04923425 
3.0 22.6019913 
3.0 32.1247962 
3.0 18.990237 
3.0 19.4310949 
3.0 18.1394927 
3.0 30.4963638 
3.0 20.0231311 
3.0 19.11904645 
3.0 32.135362 
3.0 16.0350834 
3.0 32.1488363 
3.0 32.25727645 
3.0 30.48301585 
4.0 10.14033755 
4.0 10.5128989 
4.0 9.49070115 
4.0 10.0538718 
4.0 9.40634555 
4.0 10.0808442 
4.0 17.23931055 
4.0 15.8132198 
4.0 15.61341285 
4.0 17.02490265 
4.0 22.82875455 
4.0 22.58128145 
4.0 31.57795165 
4.0 31.4653206 
4.0 17.97724145 
4.0 19.18424025 
4.0 18.8872628 
4.0 19.15248685 
4.0 17.6552719 
4.0 18.6299512 
4.0 31.07590255 
4.0 29.633338 
4.0 20.984999 
4.0 19.72285875 
4.0 19.105772 
4.0 19.57877845 
4.0 32.63041915 
4.0 32.74827885 
4.0 16.4324216 
4.0 15.50582285 
4.0 31.8815805 
4.0 32.06701575 
4.0 33.2542105 
4.0 32.0265988 
4.0 30.5782659 
4.0 30.27440395 
