# Position.Z vs. Particle Type (97 data points):
# "Particle Type" Position.Z
1.0 0.0 
1.0 0.0 
1.0 0.0 
1.0 0.0 
1.0 0.0 
1.0 0.0 
1.0 0.0 
1.0 0.0 
1.0 0.0 
1.0 2.2741768 
1.0 2.2741768 
1.0 2.2741768 
1.0 2.2741768 
1.0 2.2741768 
1.0 2.2741768 
1.0 2.2741768 
1.0 2.2741768 
1.0 2.2741768 
1.0 5.0522591 
1.0 5.48117955 
1.0 4.19249425 
1.0 4.36463195 
1.0 4.6727835 
1.0 4.2992922 
1.0 4.356429 
1.0 4.3948156 
1.0 4.8031585 
1.0 7.1329489 
1.0 7.4398191 
1.0 6.82341765 
1.0 7.12995675 
1.0 7.86992955 
1.0 6.57096965 
1.0 6.50112295 
1.0 6.5134958 
1.0 7.3094 
2.0 8.3284957 
2.0 28.0985229 
2.0 8.5295434 
3.0 9.5277952 
3.0 9.69854795 
3.0 27.0068113 
3.0 29.20411515 
3.0 17.60377605 
3.0 9.7686666 
3.0 12.2606498 
3.0 14.9409057 
3.0 9.77374125 
3.0 14.0888713 
3.0 32.29573725 
3.0 16.3167676 
3.0 15.44781105 
3.0 11.73699975 
3.0 32.1857109 
3.0 29.03309325 
3.0 16.41210305 
3.0 31.20712385 
3.0 19.1478301 
3.0 13.38929375 
3.0 32.04369315 
3.0 32.1780795 
4.0 17.8324097 
4.0 17.37163155 
4.0 9.75779805 
4.0 10.43480935 
4.0 13.0165889 
4.0 12.50789015 
4.0 15.1883403 
4.0 15.6309433 
4.0 10.12483185 
4.0 9.0218051 
4.0 13.52324435 
4.0 14.68383455 
4.0 32.9725676 
4.0 31.3609149 
4.0 17.2571315 
4.0 15.87447015 
4.0 14.65042705 
4.0 15.94078535 
4.0 11.47262865 
4.0 10.97232045 
4.0 32.1125882 
4.0 32.02301305 
4.0 29.60582485 
4.0 28.8838515 
4.0 16.00451055 
4.0 15.89911715 
4.0 32.02250135 
4.0 30.90223605 
4.0 18.8233836 
4.0 18.36552165 
4.0 12.72997985 
4.0 13.56882905 
4.0 32.3537361 
4.0 32.87516295 
4.0 32.20855925 
4.0 31.7754836 
