# Position.Z vs. Particle Type (97 data points):
# "Particle Type" Position.Z
1.0 0.0 
1.0 0.0 
1.0 0.0 
1.0 0.0 
1.0 0.0 
1.0 0.0 
1.0 0.0 
1.0 0.0 
1.0 0.0 
1.0 2.2741768 
1.0 2.2741768 
1.0 2.2741768 
1.0 2.2741768 
1.0 2.2741768 
1.0 2.2741768 
1.0 2.2741768 
1.0 2.2741768 
1.0 2.2741768 
1.0 4.2742392 
1.0 4.2687897 
1.0 4.3180739 
1.0 4.45910185 
1.0 4.3596182 
1.0 4.29744245 
1.0 4.34357665 
1.0 4.49964725 
1.0 5.21418415 
1.0 6.56888505 
1.0 7.4111625 
1.0 7.27026825 
1.0 6.61566465 
1.0 6.2368019 
1.0 6.73593375 
1.0 6.50280855 
1.0 6.54910795 
1.0 7.2005892 
2.0 7.6284243 
2.0 22.12274295 
2.0 8.4710262 
3.0 8.8246011 
3.0 9.63047085 
3.0 21.0457268 
3.0 23.25755915 
3.0 22.3241277 
3.0 22.02266815 
3.0 25.74195505 
3.0 31.9338481 
3.0 8.8053273 
3.0 21.0657083 
3.0 32.11849725 
3.0 19.71825625 
3.0 24.3538372 
3.0 15.63037245 
3.0 27.7731342 
3.0 26.5255158 
3.0 29.78237325 
3.0 31.7004289 
3.0 19.59782405 
3.0 12.0614487 
3.0 29.56321445 
3.0 31.76851475 
4.0 22.0058846 
4.0 22.57396225 
4.0 22.43519005 
4.0 21.8733676 
4.0 26.24241725 
4.0 25.59626265 
4.0 31.423896 
4.0 32.7689565 
4.0 8.6391886 
4.0 9.33898875 
4.0 21.7098931 
4.0 20.3082292 
4.0 32.21977325 
4.0 32.86321955 
4.0 20.19834565 
4.0 19.8580452 
4.0 25.3046024 
4.0 24.3336016 
4.0 16.5394992 
4.0 15.0779321 
4.0 28.3614254 
4.0 27.33879715 
4.0 25.92678585 
4.0 25.8786878 
4.0 30.32809535 
4.0 29.9365829 
4.0 31.33725455 
4.0 31.5528752 
4.0 19.1643186 
4.0 19.1879842 
4.0 11.1619095 
4.0 12.17700295 
4.0 29.4508991 
4.0 30.1350126 
4.0 31.19350535 
4.0 32.04808285 
