# Position.Z vs. Particle Type (97 data points):
# "Particle Type" Position.Z
1.0 0.0 
1.0 0.0 
1.0 0.0 
1.0 0.0 
1.0 0.0 
1.0 0.0 
1.0 0.0 
1.0 0.0 
1.0 0.0 
1.0 2.2741768 
1.0 2.2741768 
1.0 2.2741768 
1.0 2.2741768 
1.0 2.2741768 
1.0 2.2741768 
1.0 2.2741768 
1.0 2.2741768 
1.0 2.2741768 
1.0 4.3027705 
1.0 5.3138239 
1.0 4.37335675 
1.0 4.36528225 
1.0 4.5136399 
1.0 4.5838275 
1.0 5.176759 
1.0 4.3640898 
1.0 4.3620521 
1.0 7.26029605 
1.0 7.5992938 
1.0 7.09716245 
1.0 7.2199141 
1.0 7.0289793 
1.0 6.42653515 
1.0 7.12788405 
1.0 6.53371145 
1.0 6.716619 
2.0 8.7063746 
2.0 22.71506195 
2.0 8.1352124 
3.0 9.87643965 
3.0 9.38404355 
3.0 21.73665095 
3.0 23.67043035 
3.0 13.591942 
3.0 9.4619819 
3.0 11.88051515 
3.0 20.33165645 
3.0 11.7684504 
3.0 13.16570885 
3.0 29.1679927 
3.0 17.5827176 
3.0 10.5872732 
3.0 13.50912325 
3.0 27.24238895 
3.0 32.3969184 
3.0 17.65047235 
3.0 31.13485025 
3.0 15.41974175 
3.0 16.7755959 
3.0 32.2569205 
3.0 32.2838936 
4.0 12.9084606 
4.0 13.10376445 
4.0 9.757188 
4.0 10.04748815 
4.0 10.9086803 
4.0 12.4024509 
4.0 19.60146895 
4.0 20.55441045 
4.0 12.3216324 
4.0 11.3835715 
4.0 12.5423172 
4.0 13.06008305 
4.0 28.614614 
4.0 28.89452685 
4.0 18.29369115 
4.0 17.3460378 
4.0 11.5274152 
4.0 10.5127764 
4.0 14.3070256 
4.0 13.67117815 
4.0 26.9007137 
4.0 26.5473502 
4.0 32.1887475 
4.0 31.9380516 
4.0 17.1213567 
4.0 17.7360225 
4.0 31.396673 
4.0 31.47840395 
4.0 15.00925545 
4.0 15.7054324 
4.0 17.00055 
4.0 16.51272245 
4.0 31.7174501 
4.0 32.8664343 
4.0 33.1735369 
4.0 31.7374876 
