# Position.Z vs. Particle Type (97 data points):
# "Particle Type" Position.Z
1.0 0.0 
1.0 0.0 
1.0 0.0 
1.0 0.0 
1.0 0.0 
1.0 0.0 
1.0 0.0 
1.0 0.0 
1.0 0.0 
1.0 2.2741768 
1.0 2.2741768 
1.0 2.2741768 
1.0 2.2741768 
1.0 2.2741768 
1.0 2.2741768 
1.0 2.2741768 
1.0 2.2741768 
1.0 2.2741768 
1.0 4.43940035 
1.0 4.2449092 
1.0 4.39417405 
1.0 5.3006072 
1.0 4.720765 
1.0 4.34010115 
1.0 4.50403415 
1.0 4.26208545 
1.0 4.5454262 
1.0 6.75453555 
1.0 6.9245876 
1.0 6.3745276 
1.0 7.59054625 
1.0 6.46777285 
1.0 6.54511655 
1.0 7.4000535 
1.0 6.70278385 
1.0 7.28791105 
2.0 7.95740365 
2.0 24.684296 
2.0 8.5869441 
3.0 9.1893928 
3.0 9.8653849 
3.0 25.87291105 
3.0 23.5171916 
3.0 17.04814895 
3.0 24.68243715 
3.0 32.37322795 
3.0 28.3055556 
3.0 15.1138547 
3.0 9.3954504 
3.0 32.39472005 
3.0 13.731396 
3.0 22.06382325 
3.0 9.37821675 
3.0 30.0073347 
3.0 30.783403 
3.0 29.61032305 
3.0 31.79593795 
3.0 11.5989972 
3.0 11.17920825 
3.0 23.12628815 
3.0 25.30627995 
4.0 16.68679075 
4.0 16.9376942 
4.0 24.3956888 
4.0 23.8513534 
4.0 32.56998465 
4.0 33.16111015 
4.0 27.90391975 
4.0 28.0044821 
4.0 14.18073405 
4.0 15.1233397 
4.0 8.59596745 
4.0 10.21948515 
4.0 31.9553052 
4.0 32.4244578 
4.0 13.97979275 
4.0 13.79637525 
4.0 21.46039735 
4.0 21.82466475 
4.0 9.7104966 
4.0 9.4076696 
4.0 30.4448613 
4.0 30.02611465 
4.0 30.9102101 
4.0 30.79323485 
4.0 28.68045285 
4.0 30.07990265 
4.0 32.7432364 
4.0 31.48584775 
4.0 11.7951876 
4.0 12.43496625 
4.0 10.98812855 
4.0 10.58693125 
4.0 22.7062787 
4.0 23.0059893 
4.0 26.08475555 
4.0 25.4868061 
