# Position.Z vs. Particle Type (97 data points):
# "Particle Type" Position.Z
1.0 0.0 
1.0 0.0 
1.0 0.0 
1.0 0.0 
1.0 0.0 
1.0 0.0 
1.0 0.0 
1.0 0.0 
1.0 0.0 
1.0 2.2741768 
1.0 2.2741768 
1.0 2.2741768 
1.0 2.2741768 
1.0 2.2741768 
1.0 2.2741768 
1.0 2.2741768 
1.0 2.2741768 
1.0 2.2741768 
1.0 4.8805036 
1.0 4.18727785 
1.0 4.3727166 
1.0 4.4496487 
1.0 4.50223305 
1.0 4.2943075 
1.0 4.2908229 
1.0 4.2245322 
1.0 5.01997475 
1.0 6.7208106 
1.0 7.2507372 
1.0 7.4996509 
1.0 6.91919235 
1.0 6.3089299 
1.0 6.7913636 
1.0 6.51990465 
1.0 6.28008535 
1.0 6.82123155 
2.0 8.084132 
2.0 24.70698125 
2.0 8.4578648 
3.0 9.24996135 
3.0 9.4628485 
3.0 23.9632799 
3.0 25.51909185 
3.0 19.4634139 
3.0 16.3426298 
3.0 19.37527585 
3.0 26.6981995 
3.0 9.14030635 
3.0 21.5827976 
3.0 31.52777145 
3.0 18.592518 
3.0 23.93743275 
3.0 10.76697265 
3.0 32.19332235 
3.0 26.6086191 
3.0 24.5573342 
3.0 30.75356235 
3.0 21.90313475 
3.0 13.0292785 
3.0 26.94748385 
3.0 32.69609175 
4.0 19.03192795 
4.0 19.56500385 
4.0 16.3777936 
4.0 15.98807945 
4.0 20.1492669 
4.0 18.79995495 
4.0 26.5653997 
4.0 27.330695 
4.0 8.9983873 
4.0 9.8877996 
4.0 22.2734092 
4.0 21.66915835 
4.0 31.37751855 
4.0 32.4529604 
4.0 18.29605435 
4.0 17.96320645 
4.0 24.49654025 
4.0 24.21033055 
4.0 9.9394085 
4.0 10.81766385 
4.0 33.1043881 
4.0 32.2796033 
4.0 26.1833012 
4.0 26.82262135 
4.0 23.6245324 
4.0 25.15337895 
4.0 31.0128483 
4.0 31.5778393 
4.0 21.34829305 
4.0 21.99160635 
4.0 12.71411995 
4.0 12.267248 
4.0 26.02696705 
4.0 27.3799085 
4.0 32.14896685 
4.0 32.5358271 
