# Position.Z vs. Particle Type (97 data points):
# "Particle Type" Position.Z
1.0 0.0 
1.0 0.0 
1.0 0.0 
1.0 0.0 
1.0 0.0 
1.0 0.0 
1.0 0.0 
1.0 0.0 
1.0 0.0 
1.0 2.2741768 
1.0 2.2741768 
1.0 2.2741768 
1.0 2.2741768 
1.0 2.2741768 
1.0 2.2741768 
1.0 2.2741768 
1.0 2.2741768 
1.0 2.2741768 
1.0 4.62785295 
1.0 4.58085565 
1.0 4.3018871 
1.0 4.4722454 
1.0 4.39557335 
1.0 4.46104295 
1.0 4.5198118 
1.0 4.51005275 
1.0 5.0211049 
1.0 7.1594684 
1.0 7.4329969 
1.0 6.78268325 
1.0 6.8166896 
1.0 6.38370845 
1.0 7.3402455 
1.0 6.47376765 
1.0 6.4926582 
1.0 7.22474585 
2.0 8.346058 
2.0 23.8857682 
2.0 8.69619345 
3.0 9.54003365 
3.0 9.84752685 
3.0 22.92410785 
3.0 24.9000787 
3.0 17.86617665 
3.0 25.45198145 
3.0 28.01187585 
3.0 27.1117714 
3.0 9.71918605 
3.0 20.50862485 
3.0 31.8276364 
3.0 19.47816815 
3.0 23.7229678 
3.0 17.2320631 
3.0 26.36538065 
3.0 29.58487315 
3.0 31.4278797 
3.0 31.86455685 
3.0 21.93284625 
3.0 10.46495205 
3.0 28.88704665 
3.0 32.89802705 
4.0 18.129027 
4.0 18.43052855 
4.0 25.42198855 
4.0 25.6184887 
4.0 28.82759215 
4.0 27.27130385 
4.0 26.35643675 
4.0 27.77506305 
4.0 10.3455625 
4.0 9.79879845 
4.0 19.9599127 
4.0 21.38999065 
4.0 32.8344373 
4.0 31.3708143 
4.0 19.05231265 
4.0 19.82651125 
4.0 23.07534775 
4.0 23.16983655 
4.0 16.37088425 
4.0 17.12983125 
4.0 25.81186685 
4.0 26.8112992 
4.0 29.28715335 
4.0 28.76613425 
4.0 31.3008829 
4.0 30.81664565 
4.0 31.9508077 
4.0 32.80931325 
4.0 22.42658005 
4.0 21.04992505 
4.0 10.1767848 
4.0 10.01016065 
4.0 27.9548507 
4.0 29.15017245 
4.0 32.19514515 
4.0 32.53025055 
