# Position.Z vs. Particle Type (97 data points):
# "Particle Type" Position.Z
1.0 0.0 
1.0 0.0 
1.0 0.0 
1.0 0.0 
1.0 0.0 
1.0 0.0 
1.0 0.0 
1.0 0.0 
1.0 0.0 
1.0 2.2741768 
1.0 2.2741768 
1.0 2.2741768 
1.0 2.2741768 
1.0 2.2741768 
1.0 2.2741768 
1.0 2.2741768 
1.0 2.2741768 
1.0 2.2741768 
1.0 4.39090785 
1.0 4.49943865 
1.0 4.15557765 
1.0 4.3215704 
1.0 4.4042901 
1.0 4.3343643 
1.0 4.44040345 
1.0 4.3090474 
1.0 5.303963 
1.0 6.73883385 
1.0 7.58562315 
1.0 7.5383434 
1.0 6.7877572 
1.0 6.17055145 
1.0 6.5574054 
1.0 6.6310062 
1.0 6.53783235 
1.0 7.49244755 
2.0 7.8058148 
2.0 23.4992443 
2.0 8.56999535 
3.0 8.9768525 
3.0 9.75938495 
3.0 23.0710172 
3.0 23.8208334 
3.0 21.8644188 
3.0 16.0106835 
3.0 17.80491825 
3.0 24.12669805 
3.0 9.04388135 
3.0 20.88425885 
3.0 32.053532 
3.0 17.96360405 
3.0 21.402843 
3.0 9.36085605 
3.0 32.3841077 
3.0 26.73379485 
3.0 24.71609315 
3.0 29.648087 
3.0 21.3977652 
3.0 12.0376865 
3.0 28.5023788 
3.0 32.243834 
4.0 21.08107785 
4.0 22.52334105 
4.0 15.48242395 
4.0 16.66327215 
4.0 18.7391897 
4.0 17.5439691 
4.0 24.7081079 
4.0 23.19110045 
4.0 9.12007215 
4.0 9.71226725 
4.0 20.6309033 
4.0 21.16241505 
4.0 32.23957975 
4.0 31.4185431 
4.0 17.04673915 
4.0 18.1095936 
4.0 21.0690823 
4.0 22.2937344 
4.0 9.6195064 
4.0 9.5760749 
4.0 31.4285678 
4.0 32.46025895 
4.0 26.47702645 
4.0 26.2236261 
4.0 25.10893735 
4.0 24.21059375 
4.0 29.1125065 
4.0 28.99908235 
4.0 21.4586995 
4.0 20.5284982 
4.0 12.99722445 
4.0 11.7038705 
4.0 29.2056345 
4.0 28.30388435 
4.0 31.9141074 
4.0 32.90354445 
