# Position.Z vs. Particle Type (97 data points):
# "Particle Type" Position.Z
1.0 0.0 
1.0 0.0 
1.0 0.0 
1.0 0.0 
1.0 0.0 
1.0 0.0 
1.0 0.0 
1.0 0.0 
1.0 0.0 
1.0 2.2741768 
1.0 2.2741768 
1.0 2.2741768 
1.0 2.2741768 
1.0 2.2741768 
1.0 2.2741768 
1.0 2.2741768 
1.0 2.2741768 
1.0 2.2741768 
1.0 4.2500514 
1.0 4.4786896 
1.0 4.34268485 
1.0 5.2402322 
1.0 4.17685975 
1.0 4.44304595 
1.0 4.5666908 
1.0 4.64853795 
1.0 4.3493359 
1.0 6.83761085 
1.0 6.93363825 
1.0 6.57861015 
1.0 7.8989253 
1.0 6.39300165 
1.0 6.3288456 
1.0 7.3447465 
1.0 6.65220745 
1.0 7.3610775 
2.0 8.1222358 
2.0 24.2004812 
2.0 8.76034215 
3.0 9.3010946 
3.0 9.8321538 
3.0 25.1087466 
3.0 23.43523 
3.0 16.39431395 
3.0 25.70482005 
3.0 31.9774105 
3.0 28.66947125 
3.0 14.75457375 
3.0 9.5647762 
3.0 32.49351805 
3.0 13.3804657 
3.0 21.29449805 
3.0 9.6553226 
3.0 28.30019535 
3.0 31.185798 
3.0 29.72459525 
3.0 32.1605795 
3.0 12.2411282 
3.0 12.139638 
3.0 22.488193 
3.0 25.4638314 
4.0 16.19694335 
4.0 15.7035277 
4.0 26.2805095 
4.0 25.77541645 
4.0 31.36832615 
4.0 32.67298195 
4.0 29.1284441 
4.0 28.9047213 
4.0 15.6461186 
4.0 14.8213128 
4.0 8.823724 
4.0 10.3574156 
4.0 32.22276085 
4.0 32.1147183 
4.0 12.5599236 
4.0 13.70468645 
4.0 20.78319425 
4.0 20.7327456 
4.0 10.6111915 
4.0 9.6679569 
4.0 27.81786595 
4.0 27.68721445 
4.0 31.4626326 
4.0 31.50617925 
4.0 29.02189465 
4.0 30.5739679 
4.0 33.03467895 
4.0 32.45243225 
4.0 11.9445515 
4.0 12.96685845 
4.0 12.8000992 
4.0 12.65950245 
4.0 22.91981615 
4.0 22.4502817 
4.0 26.091681 
4.0 24.66010925 
