# Position.Z vs. Particle Type (97 data points):
# "Particle Type" Position.Z
1.0 0.0 
1.0 0.0 
1.0 0.0 
1.0 0.0 
1.0 0.0 
1.0 0.0 
1.0 0.0 
1.0 0.0 
1.0 0.0 
1.0 2.2741768 
1.0 2.2741768 
1.0 2.2741768 
1.0 2.2741768 
1.0 2.2741768 
1.0 2.2741768 
1.0 2.2741768 
1.0 2.2741768 
1.0 2.2741768 
1.0 4.8198661 
1.0 5.7399132 
1.0 4.445133 
1.0 4.5102036 
1.0 4.3358504 
1.0 4.25860995 
1.0 5.16642315 
1.0 4.45430055 
1.0 4.8410712 
1.0 7.92457085 
1.0 7.16071405 
1.0 7.04425995 
1.0 8.0499279 
1.0 7.96782735 
1.0 6.3445417 
1.0 6.7360412 
1.0 6.54777025 
1.0 7.0429674 
2.0 9.0095817 
2.0 14.7812133 
2.0 8.0356192 
3.0 10.18069465 
3.0 9.2320193 
3.0 14.3050516 
3.0 15.38909435 
3.0 9.6232234 
3.0 10.59511425 
3.0 12.6271943 
3.0 14.9440277 
3.0 12.354216 
3.0 20.60142455 
3.0 31.9616318 
3.0 16.4459792 
3.0 14.48060215 
3.0 11.57251235 
3.0 29.12625065 
3.0 32.48287245 
3.0 18.3143835 
3.0 31.7019269 
3.0 20.63684805 
3.0 26.5263663 
3.0 32.6437433 
3.0 30.82627485 
4.0 9.2278501 
4.0 9.47870385 
4.0 10.3488616 
4.0 11.1753096 
4.0 12.37103595 
4.0 11.7308289 
4.0 14.89011055 
4.0 14.31349675 
4.0 13.0929652 
4.0 11.5242036 
4.0 19.72630415 
4.0 20.5670283 
4.0 32.65113845 
4.0 32.5169698 
4.0 16.06141285 
4.0 17.239677 
4.0 15.1596704 
4.0 13.9685336 
4.0 12.46940975 
4.0 11.159183 
4.0 29.0874983 
4.0 29.5741768 
4.0 31.87106195 
4.0 32.3680392 
4.0 17.9044418 
4.0 17.52057265 
4.0 32.5003896 
4.0 31.8519495 
4.0 20.14463885 
4.0 20.5091257 
4.0 25.82404615 
4.0 26.4213327 
4.0 32.2825524 
4.0 32.55998585 
4.0 30.1163968 
4.0 30.73625415 
