# Position.Z vs. Particle Type (97 data points):
# "Particle Type" Position.Z
1.0 0.0 
1.0 0.0 
1.0 0.0 
1.0 0.0 
1.0 0.0 
1.0 0.0 
1.0 0.0 
1.0 0.0 
1.0 0.0 
1.0 2.2741768 
1.0 2.2741768 
1.0 2.2741768 
1.0 2.2741768 
1.0 2.2741768 
1.0 2.2741768 
1.0 2.2741768 
1.0 2.2741768 
1.0 2.2741768 
1.0 4.51552325 
1.0 5.25727965 
1.0 4.54044745 
1.0 4.440478 
1.0 4.31477305 
1.0 4.30925215 
1.0 4.8817342 
1.0 4.76763105 
1.0 4.28117445 
1.0 7.2969477 
1.0 7.5574779 
1.0 6.61210305 
1.0 7.03487155 
1.0 7.6908909 
1.0 6.6895773 
1.0 6.62252465 
1.0 6.5654267 
1.0 6.68460065 
2.0 8.6864463 
2.0 16.2785294 
2.0 7.9988188 
3.0 9.82475445 
3.0 9.1365449 
3.0 15.32766025 
3.0 17.2286905 
3.0 11.95231205 
3.0 11.5534419 
3.0 10.60600695 
3.0 26.32189035 
3.0 22.7968279 
3.0 28.99660295 
3.0 27.56849795 
3.0 24.2512774 
3.0 30.61673055 
3.0 26.2784648 
3.0 30.6585356 
3.0 27.2252036 
3.0 28.9923046 
3.0 32.13456785 
3.0 30.4325455 
3.0 30.23705965 
3.0 32.76436345 
3.0 32.7085185 
4.0 12.4038495 
4.0 11.04024355 
4.0 10.6878065 
4.0 11.4686915 
4.0 10.96616395 
4.0 10.8010308 
4.0 27.07665485 
4.0 25.56080555 
4.0 22.2066691 
4.0 22.1820956 
4.0 28.5088076 
4.0 28.2746009 
4.0 28.2299017 
4.0 26.6940737 
4.0 23.32975785 
4.0 24.31276925 
4.0 30.504187 
4.0 31.46056445 
4.0 26.2445267 
4.0 25.3859928 
4.0 30.05014215 
4.0 30.6553163 
4.0 27.52723225 
4.0 27.4154958 
4.0 29.1303488 
4.0 29.66019385 
4.0 33.06382695 
4.0 32.02751265 
4.0 31.04979185 
4.0 29.68085225 
4.0 30.3046002 
4.0 30.4158379 
4.0 32.8218947 
4.0 32.63362935 
4.0 31.9671653 
4.0 32.7837083 
