# Position.Z vs. Particle Type (97 data points):
# "Particle Type" Position.Z
1.0 0.0 
1.0 0.0 
1.0 0.0 
1.0 0.0 
1.0 0.0 
1.0 0.0 
1.0 0.0 
1.0 0.0 
1.0 0.0 
1.0 2.2741768 
1.0 2.2741768 
1.0 2.2741768 
1.0 2.2741768 
1.0 2.2741768 
1.0 2.2741768 
1.0 2.2741768 
1.0 2.2741768 
1.0 2.2741768 
1.0 4.28893885 
1.0 5.11649215 
1.0 4.2316869 
1.0 4.50466835 
1.0 4.29900625 
1.0 4.50787575 
1.0 4.6435158 
1.0 4.7540129 
1.0 4.5268755 
1.0 7.199619 
1.0 7.52729845 
1.0 6.73356845 
1.0 7.21973595 
1.0 6.84160785 
1.0 6.4958509 
1.0 6.72567035 
1.0 6.52112055 
1.0 6.66495585 
2.0 8.3693449 
2.0 23.90098375 
2.0 7.98713265 
3.0 9.6302878 
3.0 9.15997845 
3.0 24.3240151 
3.0 23.70709635 
3.0 13.84198305 
3.0 9.03742805 
3.0 12.26332275 
3.0 24.46846185 
3.0 10.3827108 
3.0 11.7409138 
3.0 31.9424924 
3.0 18.2679924 
3.0 11.17838295 
3.0 13.4939735 
3.0 27.0882514 
3.0 32.63543885 
3.0 19.71824365 
3.0 31.7261392 
3.0 16.84684575 
3.0 18.0482372 
3.0 32.0964651 
3.0 32.55467845 
4.0 13.17653435 
4.0 13.2465466 
4.0 9.23442065 
4.0 9.3936486 
4.0 13.0686241 
4.0 11.4991555 
4.0 24.63631555 
4.0 23.658964 
4.0 10.70745935 
4.0 9.7734448 
4.0 11.00820525 
4.0 11.2702457 
4.0 32.1908209 
4.0 30.95595055 
4.0 18.04159525 
4.0 18.71713655 
4.0 11.87065285 
4.0 10.9976657 
4.0 13.16053375 
4.0 13.86824075 
4.0 27.2228852 
4.0 26.28640455 
4.0 32.3496173 
4.0 32.39390595 
4.0 19.37648055 
4.0 19.11050365 
4.0 32.4578471 
4.0 30.91731265 
4.0 16.10944055 
4.0 16.5955685 
4.0 18.2941717 
4.0 17.3352508 
4.0 32.74414395 
4.0 32.5709195 
4.0 32.63238195 
4.0 32.7085192 
