# Position.Z vs. Particle Type (97 data points):
# "Particle Type" Position.Z
1.0 0.0 
1.0 0.0 
1.0 0.0 
1.0 0.0 
1.0 0.0 
1.0 0.0 
1.0 0.0 
1.0 0.0 
1.0 0.0 
1.0 2.2741768 
1.0 2.2741768 
1.0 2.2741768 
1.0 2.2741768 
1.0 2.2741768 
1.0 2.2741768 
1.0 2.2741768 
1.0 2.2741768 
1.0 2.2741768 
1.0 4.17153905 
1.0 4.249147 
1.0 5.0379357 
1.0 5.35615465 
1.0 4.3305948 
1.0 4.2835261 
1.0 4.69788725 
1.0 4.65967145 
1.0 4.78942695 
1.0 6.64569955 
1.0 6.7946452 
1.0 7.33227915 
1.0 7.60285785 
1.0 7.14444255 
1.0 6.41007885 
1.0 7.29178625 
1.0 6.72695065 
1.0 7.3224165 
2.0 8.2114823 
2.0 12.952114 
2.0 8.38277265 
3.0 9.3684472 
3.0 9.6624255 
3.0 13.2168316 
3.0 12.9660328 
3.0 12.1030084 
3.0 9.94995365 
3.0 9.61017505 
3.0 16.887654 
3.0 10.2923086 
3.0 23.45733635 
3.0 32.14572935 
3.0 19.1263373 
3.0 16.2483125 
3.0 18.0292679 
3.0 31.95427095 
3.0 22.13765995 
3.0 17.3268669 
3.0 31.52247385 
3.0 14.260127 
3.0 32.54026545 
3.0 32.63639855 
3.0 32.5497683 
4.0 13.0261761 
4.0 12.1512356 
4.0 10.44293285 
4.0 10.0404829 
4.0 9.1450072 
4.0 9.82533825 
4.0 16.30609995 
4.0 16.38370895 
4.0 9.6601064 
4.0 10.9398373 
4.0 23.29814305 
4.0 22.80936805 
4.0 32.2692538 
4.0 32.61767495 
4.0 18.4613863 
4.0 19.04694155 
4.0 15.52019315 
4.0 17.0212616 
4.0 17.879491 
4.0 18.69358155 
4.0 31.32792845 
4.0 32.8297634 
4.0 22.0920427 
4.0 22.04650945 
4.0 16.82452135 
4.0 17.1698926 
4.0 31.7628164 
4.0 32.13431375 
4.0 14.4034842 
4.0 13.3412335 
4.0 32.59654335 
4.0 32.9680855 
4.0 32.21009435 
4.0 32.33873195 
4.0 31.7247035 
4.0 32.4374876 
