# Position.Z vs. Particle Type (97 data points):
# "Particle Type" Position.Z
1.0 0.0 
1.0 0.0 
1.0 0.0 
1.0 0.0 
1.0 0.0 
1.0 0.0 
1.0 0.0 
1.0 0.0 
1.0 0.0 
1.0 2.2741768 
1.0 2.2741768 
1.0 2.2741768 
1.0 2.2741768 
1.0 2.2741768 
1.0 2.2741768 
1.0 2.2741768 
1.0 2.2741768 
1.0 2.2741768 
1.0 4.20504105 
1.0 5.50507965 
1.0 4.41386925 
1.0 4.6903143 
1.0 4.3325597 
1.0 4.4296602 
1.0 4.67349225 
1.0 4.3250123 
1.0 4.33680415 
1.0 6.73996015 
1.0 7.17507525 
1.0 7.15408715 
1.0 7.32460575 
1.0 8.40124005 
1.0 6.4108576 
1.0 6.8798002 
1.0 6.6219559 
1.0 6.7388013 
2.0 8.15485195 
2.0 16.97155005 
2.0 7.94427795 
3.0 9.4031896 
3.0 9.14203955 
3.0 17.51074535 
3.0 16.46320655 
3.0 10.47981655 
3.0 9.7136718 
3.0 12.9543071 
3.0 15.1979772 
3.0 12.89674085 
3.0 18.6583124 
3.0 31.7909746 
3.0 15.54708785 
3.0 13.4559019 
3.0 13.10376165 
3.0 30.8227346 
3.0 30.65956495 
3.0 19.37940375 
3.0 32.75384315 
3.0 18.7929784 
3.0 21.41618255 
3.0 31.8236912 
3.0 32.141648 
4.0 10.0467311 
4.0 10.43021595 
4.0 10.65927345 
4.0 9.69944255 
4.0 12.06099825 
4.0 13.4449581 
4.0 14.63596435 
4.0 14.7281988 
4.0 13.87933715 
4.0 12.56586625 
4.0 18.4451729 
4.0 17.7808484 
4.0 31.63014855 
4.0 32.8221992 
4.0 15.6108239 
4.0 16.44733055 
4.0 14.3916283 
4.0 13.4651279 
4.0 12.78710965 
4.0 12.91840445 
4.0 30.05021285 
4.0 31.39873835 
4.0 30.38692825 
4.0 30.7368558 
4.0 20.15082545 
4.0 18.9446523 
4.0 32.74207685 
4.0 31.95445435 
4.0 19.72098765 
4.0 18.2381563 
4.0 20.6277988 
4.0 22.1957778 
4.0 32.43336285 
4.0 32.10386445 
4.0 31.53155635 
4.0 33.0009449 
