# Position.Z vs. Particle Type (97 data points):
# "Particle Type" Position.Z
1.0 0.0 
1.0 0.0 
1.0 0.0 
1.0 0.0 
1.0 0.0 
1.0 0.0 
1.0 0.0 
1.0 0.0 
1.0 0.0 
1.0 2.2741768 
1.0 2.2741768 
1.0 2.2741768 
1.0 2.2741768 
1.0 2.2741768 
1.0 2.2741768 
1.0 2.2741768 
1.0 2.2741768 
1.0 2.2741768 
1.0 5.33573845 
1.0 5.07801245 
1.0 4.2758856 
1.0 4.36068745 
1.0 4.54190555 
1.0 4.32910695 
1.0 4.44544765 
1.0 4.43756705 
1.0 4.356044 
1.0 7.61204185 
1.0 7.4787146 
1.0 7.01829415 
1.0 7.4283727 
1.0 7.0126105 
1.0 6.48260375 
1.0 6.5473954 
1.0 6.4243193 
1.0 6.81970555 
2.0 8.5808856 
2.0 12.34719185 
2.0 8.0481107 
3.0 9.68736195 
3.0 9.24697515 
3.0 13.3846909 
3.0 11.30165645 
3.0 9.87211925 
3.0 10.2764326 
3.0 9.289042 
3.0 18.0561962 
3.0 18.4396254 
3.0 23.02983095 
3.0 31.4363406 
3.0 20.65113015 
3.0 21.99586585 
3.0 20.26882515 
3.0 31.16841245 
3.0 23.00982005 
3.0 24.4342448 
3.0 32.40819855 
3.0 20.1804603 
3.0 32.58546865 
3.0 31.6757441 
3.0 32.2631911 
4.0 9.34101525 
4.0 9.72505205 
4.0 11.2340711 
4.0 10.09422085 
4.0 9.4467023 
4.0 10.02741355 
4.0 18.73345705 
4.0 17.22082845 
4.0 18.6909268 
4.0 18.44624775 
4.0 23.5744138 
4.0 23.123975 
4.0 32.3136716 
4.0 31.4904289 
4.0 21.321846 
4.0 20.79444815 
4.0 21.01715805 
4.0 22.2963237 
4.0 20.5547153 
4.0 20.21289655 
4.0 31.11018925 
4.0 30.51779255 
4.0 23.18147895 
4.0 21.99931615 
4.0 25.10487105 
4.0 23.71628315 
4.0 32.65664675 
4.0 32.03369925 
4.0 20.9582688 
4.0 19.52100395 
4.0 32.4799587 
4.0 32.33110755 
4.0 32.50607395 
4.0 31.1183306 
4.0 31.62427065 
4.0 32.90549745 
