# Position.Z vs. Particle Type (97 data points):
# "Particle Type" Position.Z
1.0 0.0 
1.0 0.0 
1.0 0.0 
1.0 0.0 
1.0 0.0 
1.0 0.0 
1.0 0.0 
1.0 0.0 
1.0 0.0 
1.0 2.2741768 
1.0 2.2741768 
1.0 2.2741768 
1.0 2.2741768 
1.0 2.2741768 
1.0 2.2741768 
1.0 2.2741768 
1.0 2.2741768 
1.0 2.2741768 
1.0 4.7662979 
1.0 4.31017475 
1.0 4.83545545 
1.0 5.17176695 
1.0 4.2187082 
1.0 4.3324736 
1.0 4.3157989 
1.0 4.3452871 
1.0 4.2841813 
1.0 6.63572 
1.0 6.56502665 
1.0 6.59561595 
1.0 7.28551285 
1.0 6.2946093 
1.0 6.9025271 
1.0 7.4481435 
1.0 6.4065421 
1.0 7.27632885 
2.0 7.8577296 
2.0 18.05555465 
2.0 8.4686875 
3.0 9.03022925 
3.0 9.693159 
3.0 18.2075698 
3.0 17.80418395 
3.0 13.7961544 
3.0 24.77222825 
3.0 28.68239465 
3.0 31.79078105 
3.0 9.1120092 
3.0 14.36533315 
3.0 28.2816912 
3.0 12.1012696 
3.0 22.4711697 
3.0 9.96271325 
3.0 29.86517905 
3.0 32.473511 
3.0 29.56175705 
3.0 32.02454605 
3.0 11.1958469 
3.0 16.75828735 
3.0 21.82245345 
3.0 32.0653746 
4.0 14.50624315 
4.0 14.21042315 
4.0 24.0825977 
4.0 24.38991625 
4.0 27.9408409 
4.0 29.19561575 
4.0 31.8794749 
4.0 30.82418115 
4.0 9.6181106 
4.0 9.5092368 
4.0 14.3995208 
4.0 13.66868895 
4.0 28.3656856 
4.0 28.7590317 
4.0 12.2000256 
4.0 11.2017661 
4.0 22.6115246 
4.0 21.62916 
4.0 10.43503335 
4.0 9.1074956 
4.0 29.73603045 
4.0 29.7597167 
4.0 31.841705 
4.0 32.4345364 
4.0 28.89462135 
4.0 29.6495269 
4.0 31.5695086 
4.0 32.8051654 
4.0 11.86455935 
4.0 10.62851685 
4.0 16.21580975 
4.0 17.61769065 
4.0 22.66044585 
4.0 21.59373545 
4.0 32.3483118 
4.0 31.93158115 
