# Position.Z vs. Particle Type (97 data points):
# "Particle Type" Position.Z
1.0 0.0 
1.0 0.0 
1.0 0.0 
1.0 0.0 
1.0 0.0 
1.0 0.0 
1.0 0.0 
1.0 0.0 
1.0 0.0 
1.0 2.2741768 
1.0 2.2741768 
1.0 2.2741768 
1.0 2.2741768 
1.0 2.2741768 
1.0 2.2741768 
1.0 2.2741768 
1.0 2.2741768 
1.0 2.2741768 
1.0 4.33796125 
1.0 4.263994 
1.0 4.6131232 
1.0 5.04333095 
1.0 4.24907595 
1.0 4.35824585 
1.0 4.2161175 
1.0 4.48060585 
1.0 4.3125978 
1.0 6.6917809 
1.0 6.785016 
1.0 6.58071575 
1.0 7.4724209 
1.0 6.3826091 
1.0 6.4052905 
1.0 7.31673565 
1.0 6.7823 
1.0 7.30395785 
2.0 7.78602825 
2.0 23.06481135 
2.0 8.4652764 
3.0 9.04576085 
3.0 9.7194111 
3.0 22.42195865 
3.0 23.7315743 
3.0 18.6291959 
3.0 21.3841775 
3.0 31.66509955 
3.0 29.9935265 
3.0 12.459811 
3.0 9.7182099 
3.0 31.0002931 
3.0 17.79847825 
3.0 27.82863195 
3.0 9.6093151 
3.0 31.8385606 
3.0 32.12879215 
3.0 32.2516054 
3.0 26.6531804 
3.0 12.92578245 
3.0 10.54243155 
3.0 25.70559215 
3.0 18.229897 
4.0 17.8052609 
4.0 19.1073603 
4.0 20.5356669 
4.0 21.5383056 
4.0 32.4102835 
4.0 30.86064205 
4.0 29.08441305 
4.0 30.07745195 
4.0 12.8890279 
4.0 12.71378955 
4.0 9.6229546 
4.0 10.373853 
4.0 31.75071165 
4.0 31.1887667 
4.0 17.49488405 
4.0 18.57870805 
4.0 28.28064365 
4.0 27.5434474 
4.0 10.0507652 
4.0 9.37110475 
4.0 31.3789511 
4.0 31.91573245 
4.0 32.3339821 
4.0 32.8857851 
4.0 32.776212 
4.0 31.72014825 
4.0 25.79162635 
4.0 26.6774767 
4.0 12.533752 
4.0 13.0687732 
4.0 10.53319855 
4.0 10.4546316 
4.0 24.9829055 
4.0 25.6124806 
4.0 17.9152981 
4.0 18.4620681 
