# Position.Z vs. Particle Type (97 data points):
# "Particle Type" Position.Z
1.0 0.0 
1.0 0.0 
1.0 0.0 
1.0 0.0 
1.0 0.0 
1.0 0.0 
1.0 0.0 
1.0 0.0 
1.0 0.0 
1.0 2.2741768 
1.0 2.2741768 
1.0 2.2741768 
1.0 2.2741768 
1.0 2.2741768 
1.0 2.2741768 
1.0 2.2741768 
1.0 2.2741768 
1.0 2.2741768 
1.0 4.7263587 
1.0 5.23409985 
1.0 4.3087443 
1.0 4.46193335 
1.0 4.23402875 
1.0 4.2579292 
1.0 4.47253485 
1.0 4.60062295 
1.0 4.5776815 
1.0 7.1033123 
1.0 7.58819425 
1.0 6.9362664 
1.0 7.01441615 
1.0 7.8376585 
1.0 6.56629155 
1.0 6.53238215 
1.0 6.1326048 
1.0 6.75629885 
2.0 8.3794165 
2.0 27.5270933 
2.0 8.25985405 
3.0 9.5149831 
3.0 9.3901031 
3.0 28.02747115 
3.0 26.936476 
3.0 15.31171915 
3.0 9.54601655 
3.0 11.05289675 
3.0 13.0981599 
3.0 10.5550046 
3.0 11.3259174 
3.0 30.35690245 
3.0 13.08300455 
3.0 12.881848 
3.0 11.5659425 
3.0 31.5468335 
3.0 28.43873025 
3.0 19.30760615 
3.0 32.50907065 
3.0 17.7362787 
3.0 15.8527593 
3.0 32.70080345 
3.0 32.02849405 
4.0 15.75959665 
4.0 15.80043675 
4.0 10.2035857 
4.0 9.99818505 
4.0 11.1659611 
4.0 10.3528852 
4.0 12.5993441 
4.0 13.9794312 
4.0 11.37177055 
4.0 10.51872395 
4.0 11.97411845 
4.0 10.60424365 
4.0 30.2913226 
4.0 31.0189852 
4.0 13.0787118 
4.0 12.2149846 
4.0 13.5570022 
4.0 12.3934433 
4.0 10.65002085 
4.0 11.9641025 
4.0 31.87059435 
4.0 32.28551095 
4.0 28.6188525 
4.0 29.24273555 
4.0 19.76601305 
4.0 18.85520805 
4.0 32.83578865 
4.0 32.4091145 
4.0 18.4826257 
4.0 18.008683 
4.0 15.01678045 
4.0 15.6659664 
4.0 32.16924445 
4.0 32.69063455 
4.0 32.034709 
4.0 32.17371115 
