# Position.Z vs. Particle Type (97 data points):
# "Particle Type" Position.Z
1.0 0.0 
1.0 0.0 
1.0 0.0 
1.0 0.0 
1.0 0.0 
1.0 0.0 
1.0 0.0 
1.0 0.0 
1.0 0.0 
1.0 2.2741768 
1.0 2.2741768 
1.0 2.2741768 
1.0 2.2741768 
1.0 2.2741768 
1.0 2.2741768 
1.0 2.2741768 
1.0 2.2741768 
1.0 2.2741768 
1.0 4.3074276 
1.0 4.9475468 
1.0 4.58355275 
1.0 4.73666655 
1.0 4.2166663 
1.0 4.35336755 
1.0 4.68943055 
1.0 4.26504155 
1.0 4.49125565 
1.0 7.33585195 
1.0 6.97269755 
1.0 6.51360045 
1.0 7.56943005 
1.0 7.2009014 
1.0 6.43599985 
1.0 6.58646205 
1.0 6.3539294 
1.0 7.28772695 
2.0 8.4087255 
2.0 17.68095665 
2.0 7.9394805 
3.0 9.6928699 
3.0 9.1428365 
3.0 16.5015501 
3.0 18.86187135 
3.0 9.6334364 
3.0 9.21455255 
3.0 13.7331593 
3.0 13.57355755 
3.0 11.7568766 
3.0 15.96526015 
3.0 29.72341365 
3.0 15.8087601 
3.0 13.9295429 
3.0 12.4015381 
3.0 32.23680145 
3.0 29.87634195 
3.0 19.8724498 
3.0 32.0423278 
3.0 16.73017885 
3.0 18.78100735 
3.0 32.67695445 
3.0 31.8355758 
4.0 9.84136475 
4.0 9.2649116 
4.0 9.63900735 
4.0 9.94155365 
4.0 14.616959 
4.0 13.73855175 
4.0 13.80356285 
4.0 13.0131197 
4.0 12.63236625 
4.0 11.5378137 
4.0 15.6788632 
4.0 16.17021315 
4.0 28.99746675 
4.0 30.3177686 
4.0 15.0760015 
4.0 16.2373659 
4.0 13.1752397 
4.0 13.64644715 
4.0 12.60033005 
4.0 11.54020525 
4.0 32.01572605 
4.0 31.8717756 
4.0 29.49614185 
4.0 30.7451529 
4.0 19.66755945 
4.0 20.3833994 
4.0 33.00443125 
4.0 31.86825495 
4.0 16.69779335 
4.0 17.39342465 
4.0 19.45901895 
4.0 18.25947025 
4.0 32.57291975 
4.0 32.27325255 
4.0 32.23185385 
4.0 30.9903195 
