# Position.Z vs. Particle Type (97 data points):
# "Particle Type" Position.Z
1.0 0.0 
1.0 0.0 
1.0 0.0 
1.0 0.0 
1.0 0.0 
1.0 0.0 
1.0 0.0 
1.0 0.0 
1.0 0.0 
1.0 2.2741768 
1.0 2.2741768 
1.0 2.2741768 
1.0 2.2741768 
1.0 2.2741768 
1.0 2.2741768 
1.0 2.2741768 
1.0 2.2741768 
1.0 2.2741768 
1.0 4.32783785 
1.0 5.0003996 
1.0 4.6601114 
1.0 4.4581215 
1.0 4.44079895 
1.0 5.1179779 
1.0 4.707661 
1.0 5.39013965 
1.0 4.56842995 
1.0 7.97591165 
1.0 7.3314101 
1.0 6.9694366 
1.0 8.66125365 
1.0 6.6760582 
1.0 6.9630918 
1.0 6.96852205 
1.0 7.6110496 
1.0 6.94921325 
2.0 8.88381025 
2.0 11.9860328 
2.0 8.12584465 
3.0 10.00935425 
3.0 9.26923095 
3.0 12.1791873 
3.0 11.75003375 
3.0 10.79681785 
3.0 12.85487875 
3.0 15.7903326 
3.0 18.43277415 
3.0 10.2877194 
3.0 22.86881625 
3.0 32.7415893 
3.0 18.04494265 
3.0 15.27825845 
3.0 14.34961745 
3.0 30.0476834 
3.0 26.1197727 
3.0 19.62506595 
3.0 32.0909015 
3.0 14.8941709 
3.0 32.50683625 
3.0 29.84179275 
3.0 31.90314435 
4.0 11.0280898 
4.0 10.22300265 
4.0 12.1896222 
4.0 13.4525097 
4.0 16.77322815 
4.0 15.42780085 
4.0 17.62815775 
4.0 19.06172415 
4.0 10.65879955 
4.0 11.0656861 
4.0 23.7720469 
4.0 22.55762005 
4.0 32.67141255 
4.0 32.8112834 
4.0 17.10650865 
4.0 18.15636865 
4.0 15.73911395 
4.0 15.97561315 
4.0 13.95172275 
4.0 14.3363045 
4.0 29.28391305 
4.0 30.854943 
4.0 27.0276944 
4.0 25.57253755 
4.0 20.59707265 
4.0 19.509168 
4.0 32.75063295 
4.0 31.5020167 
4.0 14.5970335 
4.0 15.5956087 
4.0 32.57013165 
4.0 33.1820209 
4.0 30.1819588 
4.0 30.5122923 
4.0 31.30248695 
4.0 32.75595225 
