# Position.Z vs. Particle Type (97 data points):
# "Particle Type" Position.Z
1.0 0.0 
1.0 0.0 
1.0 0.0 
1.0 0.0 
1.0 0.0 
1.0 0.0 
1.0 0.0 
1.0 0.0 
1.0 0.0 
1.0 2.2741768 
1.0 2.2741768 
1.0 2.2741768 
1.0 2.2741768 
1.0 2.2741768 
1.0 2.2741768 
1.0 2.2741768 
1.0 2.2741768 
1.0 2.2741768 
1.0 5.20644565 
1.0 4.3752142 
1.0 4.7791597 
1.0 4.7570705 
1.0 4.2248073 
1.0 4.40336995 
1.0 4.3112244 
1.0 4.36805005 
1.0 4.4783718 
1.0 6.59487675 
1.0 6.77748925 
1.0 6.4286124 
1.0 7.2437008 
1.0 6.2242775 
1.0 7.57876665 
1.0 7.2323041 
1.0 6.8691693 
1.0 7.38816645 
2.0 7.90906515 
2.0 20.9963376 
2.0 8.4051541 
3.0 9.08456255 
3.0 9.5757879 
3.0 21.49248605 
3.0 20.4421315 
3.0 11.2845089 
3.0 28.1295315 
3.0 27.67440585 
3.0 29.7603817 
3.0 9.63693325 
3.0 14.836458 
3.0 28.56209055 
3.0 14.1421371 
3.0 23.8404852 
3.0 10.4349252 
3.0 25.62049595 
3.0 31.5348915 
3.0 32.1986707 
3.0 31.72292445 
3.0 11.93431015 
3.0 13.81596475 
3.0 25.9482328 
3.0 32.0655433 
4.0 10.6465919 
4.0 11.09623515 
4.0 28.12965995 
4.0 28.23103675 
4.0 26.8494576 
4.0 27.46372965 
4.0 29.5718731 
4.0 28.83382985 
4.0 9.95484 
4.0 10.3655461 
4.0 15.52272435 
4.0 14.8345645 
4.0 29.49725765 
4.0 28.4599441 
4.0 13.67958165 
4.0 13.4140237 
4.0 23.01582745 
4.0 23.4471713 
4.0 10.79251075 
4.0 10.72444205 
4.0 25.5936415 
4.0 25.63500345 
4.0 32.4926203 
4.0 31.51646085 
4.0 31.22344995 
4.0 32.38629975 
4.0 31.3637835 
4.0 32.02989265 
4.0 12.8542456 
4.0 11.5625454 
4.0 13.13137035 
4.0 14.18404015 
4.0 26.40106035 
4.0 25.111513 
4.0 33.0167516 
4.0 31.9380992 
