# Position.Z vs. Particle Type (97 data points):
# "Particle Type" Position.Z
1.0 0.0 
1.0 0.0 
1.0 0.0 
1.0 0.0 
1.0 0.0 
1.0 0.0 
1.0 0.0 
1.0 0.0 
1.0 0.0 
1.0 2.2741768 
1.0 2.2741768 
1.0 2.2741768 
1.0 2.2741768 
1.0 2.2741768 
1.0 2.2741768 
1.0 2.2741768 
1.0 2.2741768 
1.0 2.2741768 
1.0 4.48238945 
1.0 4.5989279 
1.0 4.39943245 
1.0 5.1143337 
1.0 4.40334265 
1.0 4.39315485 
1.0 4.18237225 
1.0 4.635036 
1.0 4.3141392 
1.0 6.95376605 
1.0 6.85731375 
1.0 6.37401835 
1.0 7.69590325 
1.0 6.48430265 
1.0 6.46494345 
1.0 7.01877365 
1.0 7.1656417 
1.0 7.23001265 
2.0 7.9510151 
2.0 23.7314 
2.0 8.2842333 
3.0 9.20790535 
3.0 9.5002089 
3.0 24.21913655 
3.0 23.2882188 
3.0 15.65502085 
3.0 27.00648545 
3.0 32.0036843 
3.0 29.09849285 
3.0 13.67159115 
3.0 9.851121 
3.0 32.38477935 
3.0 12.6733635 
3.0 20.6550211 
3.0 9.8448315 
3.0 26.29869935 
3.0 32.0391113 
3.0 29.6076494 
3.0 31.84685805 
3.0 11.75353655 
3.0 11.767357 
3.0 22.15267985 
3.0 25.612034 
4.0 15.37812325 
4.0 16.6157943 
4.0 27.68064425 
4.0 26.39437745 
4.0 31.9069849 
4.0 31.6455867 
4.0 29.27145515 
4.0 28.1182692 
4.0 13.0317859 
4.0 14.49223335 
4.0 10.25503395 
4.0 10.6677746 
4.0 31.75861885 
4.0 33.03580035 
4.0 12.07662575 
4.0 13.54608745 
4.0 21.47192915 
4.0 21.08548785 
4.0 10.0223312 
4.0 9.67913485 
4.0 26.4980527 
4.0 27.21376665 
4.0 32.16467065 
4.0 31.284323 
4.0 30.22006715 
4.0 30.27384255 
4.0 32.59211515 
4.0 32.4673587 
4.0 12.55670325 
4.0 11.07024345 
4.0 11.2757148 
4.0 12.34243885 
4.0 22.74586965 
4.0 22.19901285 
4.0 24.8826424 
4.0 25.47317815 
