# Position.Z vs. Particle Type (97 data points):
# "Particle Type" Position.Z
1.0 0.0 
1.0 0.0 
1.0 0.0 
1.0 0.0 
1.0 0.0 
1.0 0.0 
1.0 0.0 
1.0 0.0 
1.0 0.0 
1.0 2.2741768 
1.0 2.2741768 
1.0 2.2741768 
1.0 2.2741768 
1.0 2.2741768 
1.0 2.2741768 
1.0 2.2741768 
1.0 2.2741768 
1.0 2.2741768 
1.0 5.27838255 
1.0 4.5850077 
1.0 4.31305 
1.0 4.1921264 
1.0 4.3276226 
1.0 4.2762293 
1.0 4.4842406 
1.0 4.3481725 
1.0 4.89705475 
1.0 7.19453595 
1.0 7.4023243 
1.0 6.74003365 
1.0 6.9772388 
1.0 6.56717145 
1.0 7.19273905 
1.0 6.3758807 
1.0 6.16429345 
1.0 7.3104276 
2.0 8.25696725 
2.0 24.71814905 
2.0 8.5040144 
3.0 9.4198216 
3.0 9.6670707 
3.0 24.05425645 
3.0 25.34269605 
3.0 16.28888695 
3.0 26.82804075 
3.0 27.78492745 
3.0 25.47690705 
3.0 8.90831865 
3.0 19.9106607 
3.0 32.134837 
3.0 18.1963796 
3.0 24.2816693 
3.0 17.7260405 
3.0 26.33464575 
3.0 30.13542595 
3.0 31.29126525 
3.0 31.7541889 
3.0 18.760693 
3.0 9.6631661 
3.0 27.4967504 
3.0 32.53252135 
4.0 16.70577335 
4.0 15.66089805 
4.0 26.8534791 
4.0 26.0282393 
4.0 27.7047792 
4.0 26.97705465 
4.0 25.43482515 
4.0 26.3723635 
4.0 9.5027618 
4.0 9.0647501 
4.0 20.7748401 
4.0 19.27163 
4.0 32.53386325 
4.0 32.60627825 
4.0 18.99375835 
4.0 18.5036838 
4.0 25.2054075 
4.0 23.79026265 
4.0 17.47750025 
4.0 16.87819945 
4.0 25.54793325 
4.0 26.3851819 
4.0 29.32428625 
4.0 30.2756321 
4.0 31.69999945 
4.0 30.49554655 
4.0 32.62925925 
4.0 31.88214645 
4.0 19.13344965 
4.0 17.7661295 
4.0 10.4271727 
4.0 9.0037703 
4.0 28.2210523 
4.0 27.3654598 
4.0 32.1671378 
4.0 31.8458875 
