# Position.Z vs. Particle Type (97 data points):
# "Particle Type" Position.Z
1.0 0.0 
1.0 0.0 
1.0 0.0 
1.0 0.0 
1.0 0.0 
1.0 0.0 
1.0 0.0 
1.0 0.0 
1.0 0.0 
1.0 2.2741768 
1.0 2.2741768 
1.0 2.2741768 
1.0 2.2741768 
1.0 2.2741768 
1.0 2.2741768 
1.0 2.2741768 
1.0 2.2741768 
1.0 2.2741768 
1.0 4.54779745 
1.0 5.1287348 
1.0 4.4015356 
1.0 4.44610775 
1.0 4.316004 
1.0 4.24133815 
1.0 4.6763346 
1.0 5.278847 
1.0 4.39668215 
1.0 7.4258149 
1.0 7.78231965 
1.0 7.06433735 
1.0 6.8653032 
1.0 6.84721485 
1.0 6.6613337 
1.0 6.8174568 
1.0 6.5330412 
1.0 6.41435725 
2.0 8.37962685 
2.0 11.42247855 
2.0 7.9206995 
3.0 9.53138585 
3.0 9.07189255 
3.0 10.32655505 
3.0 12.46418075 
3.0 9.4582999 
3.0 10.6423233 
3.0 9.6588261 
3.0 11.2243145 
3.0 12.8270597 
3.0 12.70933405 
3.0 16.2309357 
3.0 14.4854157 
3.0 12.841857 
3.0 16.80389515 
3.0 14.63108955 
3.0 15.1135327 
3.0 17.75892965 
3.0 19.61425445 
3.0 18.6443271 
3.0 18.9102501 
3.0 20.4567489 
3.0 18.12651295 
4.0 9.2429106 
4.0 9.97477635 
4.0 9.8381213 
4.0 10.3258442 
4.0 10.00862485 
4.0 10.2585847 
4.0 10.50527905 
4.0 11.81120045 
4.0 13.6070592 
4.0 13.03059135 
4.0 12.475848 
4.0 12.8309951 
4.0 16.9772351 
4.0 16.3815491 
4.0 15.0020199 
4.0 13.9061083 
4.0 12.65297915 
4.0 12.23268025 
4.0 16.25913275 
4.0 17.62881575 
4.0 14.35774725 
4.0 15.19835555 
4.0 14.8212554 
4.0 14.98638365 
4.0 16.86124265 
4.0 18.1123047 
4.0 20.0370947 
4.0 19.2286668 
4.0 18.5597524 
4.0 18.70366085 
4.0 19.82918175 
4.0 18.4550471 
4.0 21.2131822 
4.0 19.8336642 
4.0 17.85136955 
4.0 17.3396545 
