# Position.Z vs. Particle Type (97 data points):
# "Particle Type" Position.Z
1.0 0.0 
1.0 0.0 
1.0 0.0 
1.0 0.0 
1.0 0.0 
1.0 0.0 
1.0 0.0 
1.0 0.0 
1.0 0.0 
1.0 2.2741768 
1.0 2.2741768 
1.0 2.2741768 
1.0 2.2741768 
1.0 2.2741768 
1.0 2.2741768 
1.0 2.2741768 
1.0 2.2741768 
1.0 2.2741768 
1.0 5.377064 
1.0 4.327407 
1.0 4.3010058 
1.0 4.46685015 
1.0 4.1982367 
1.0 4.28298325 
1.0 4.8520948 
1.0 4.366796 
1.0 4.7710292 
1.0 7.54703845 
1.0 7.66444385 
1.0 7.12078465 
1.0 7.1733585 
1.0 6.39667945 
1.0 7.4895926 
1.0 6.64929685 
1.0 6.4194263 
1.0 6.6939593 
2.0 8.5513288 
2.0 23.6518009 
2.0 8.361724 
3.0 9.73040215 
3.0 9.52221725 
3.0 23.8754138 
3.0 23.50722675 
3.0 14.02299885 
3.0 29.0683981 
3.0 28.09938635 
3.0 25.67407955 
3.0 9.54076725 
3.0 18.6877173 
3.0 32.18544805 
3.0 17.9708886 
3.0 23.8572292 
3.0 17.5748475 
3.0 27.2923854 
3.0 30.20316425 
3.0 31.6744484 
3.0 32.11372115 
3.0 16.7519051 
3.0 9.65203785 
3.0 29.1915232 
3.0 32.44797045 
4.0 14.9010022 
4.0 14.05210135 
4.0 28.26155535 
4.0 29.11046425 
4.0 27.52760885 
4.0 27.40071355 
4.0 25.1822305 
4.0 26.05436715 
4.0 9.90632335 
4.0 9.5390148 
4.0 19.03503035 
4.0 17.736754 
4.0 32.44459645 
4.0 31.53285345 
4.0 17.74367105 
4.0 18.3828078 
4.0 23.8072954 
4.0 22.89669585 
4.0 17.22781515 
4.0 18.3856729 
4.0 26.6405741 
4.0 27.9416151 
4.0 29.49884665 
4.0 31.09248205 
4.0 32.3139467 
4.0 30.92458075 
4.0 32.01607115 
4.0 32.59021255 
4.0 16.7051066 
4.0 15.82263725 
4.0 10.14128815 
4.0 9.83498215 
4.0 29.4853349 
4.0 29.77763915 
4.0 32.5357347 
4.0 32.5156734 
