# Position.Z vs. Particle Type (97 data points):
# "Particle Type" Position.Z
1.0 0.0 
1.0 0.0 
1.0 0.0 
1.0 0.0 
1.0 0.0 
1.0 0.0 
1.0 0.0 
1.0 0.0 
1.0 0.0 
1.0 2.2741768 
1.0 2.2741768 
1.0 2.2741768 
1.0 2.2741768 
1.0 2.2741768 
1.0 2.2741768 
1.0 2.2741768 
1.0 2.2741768 
1.0 2.2741768 
1.0 4.6717692 
1.0 4.2200732 
1.0 4.3712109 
1.0 4.8851026 
1.0 4.48155645 
1.0 4.6282418 
1.0 4.23752665 
1.0 5.55627345 
1.0 4.53038075 
1.0 7.7317807 
1.0 7.2009119 
1.0 6.86380695 
1.0 8.3687338 
1.0 6.4291724 
1.0 6.8465747 
1.0 6.68788015 
1.0 7.30258095 
1.0 6.9307364 
2.0 8.88363735 
2.0 12.81239085 
2.0 8.2558315 
3.0 9.9848224 
3.0 9.46587915 
3.0 12.2184398 
3.0 13.43084855 
3.0 9.89746765 
3.0 13.92073585 
3.0 14.344918 
3.0 20.5273229 
3.0 10.3063303 
3.0 19.0472555 
3.0 32.0304579 
3.0 17.60229765 
3.0 15.43398605 
3.0 12.63397485 
3.0 28.7056518 
3.0 27.44141015 
3.0 18.9801542 
3.0 31.9660432 
3.0 16.201122 
3.0 30.04235815 
3.0 30.59972615 
3.0 32.4587095 
4.0 10.8194065 
4.0 10.01347655 
4.0 13.88805005 
4.0 13.28255635 
4.0 14.4565323 
4.0 14.2046191 
4.0 21.1876217 
4.0 20.2335868 
4.0 10.1673922 
4.0 10.30519595 
4.0 18.17742745 
4.0 19.46634935 
4.0 32.1032817 
4.0 31.90457025 
4.0 18.5638796 
4.0 17.2493272 
4.0 15.9802188 
4.0 15.26915495 
4.0 13.4252587 
4.0 12.60044485 
4.0 29.3402074 
4.0 27.74640995 
4.0 27.7860716 
4.0 27.0082617 
4.0 18.09869915 
4.0 18.85921765 
4.0 31.24846515 
4.0 32.85415245 
4.0 16.7564915 
4.0 15.4407169 
4.0 30.9597568 
4.0 29.471883 
4.0 30.09875365 
4.0 30.4034318 
4.0 32.74810385 
4.0 32.8202658 
