# Position.Z vs. Particle Type (97 data points):
# "Particle Type" Position.Z
1.0 0.0 
1.0 0.0 
1.0 0.0 
1.0 0.0 
1.0 0.0 
1.0 0.0 
1.0 0.0 
1.0 0.0 
1.0 0.0 
1.0 2.2741768 
1.0 2.2741768 
1.0 2.2741768 
1.0 2.2741768 
1.0 2.2741768 
1.0 2.2741768 
1.0 2.2741768 
1.0 2.2741768 
1.0 2.2741768 
1.0 4.3775403 
1.0 4.2081508 
1.0 4.34799645 
1.0 5.2374161 
1.0 4.178097 
1.0 4.2868854 
1.0 4.5296265 
1.0 4.51197355 
1.0 4.5157098 
1.0 6.87847405 
1.0 6.7438665 
1.0 6.42370995 
1.0 7.74219565 
1.0 6.284467 
1.0 6.34521195 
1.0 7.2309349 
1.0 6.62634945 
1.0 7.43397305 
2.0 8.05188685 
2.0 23.7212283 
2.0 8.64944535 
3.0 9.278087 
3.0 9.85354615 
3.0 24.2307898 
3.0 23.1956564 
3.0 19.7908305 
3.0 20.78796895 
3.0 31.6923901 
3.0 29.55743805 
3.0 11.91087065 
3.0 9.3907947 
3.0 32.17379165 
3.0 17.85441595 
3.0 27.3578977 
3.0 9.33969435 
3.0 32.0588779 
3.0 31.80592905 
3.0 32.71542015 
3.0 29.3004712 
3.0 13.0358921 
3.0 11.84020705 
3.0 27.43580735 
3.0 20.80689275 
4.0 19.65143425 
4.0 20.04063285 
4.0 21.0626682 
4.0 21.20670615 
4.0 32.24259955 
4.0 31.9905089 
4.0 28.78701735 
4.0 29.20487535 
4.0 12.75135645 
4.0 11.41352975 
4.0 9.79069245 
4.0 8.89403795 
4.0 31.6556135 
4.0 33.08621225 
4.0 16.92575675 
4.0 18.2745766 
4.0 27.9000442 
4.0 26.49426535 
4.0 9.2599724 
4.0 9.5464873 
4.0 31.89862375 
4.0 32.9295932 
4.0 31.7691108 
4.0 32.27240905 
4.0 32.82340005 
4.0 32.3807876 
4.0 29.6352931 
4.0 29.39373745 
4.0 12.2438729 
4.0 12.83149315 
4.0 11.99294495 
4.0 12.26478155 
4.0 27.56099885 
4.0 28.34898675 
4.0 20.0183018 
4.0 21.2742215 
