# Position.Z vs. Particle Type (97 data points):
# "Particle Type" Position.Z
1.0 0.0 
1.0 0.0 
1.0 0.0 
1.0 0.0 
1.0 0.0 
1.0 0.0 
1.0 0.0 
1.0 0.0 
1.0 0.0 
1.0 2.2741768 
1.0 2.2741768 
1.0 2.2741768 
1.0 2.2741768 
1.0 2.2741768 
1.0 2.2741768 
1.0 2.2741768 
1.0 2.2741768 
1.0 2.2741768 
1.0 4.42993635 
1.0 5.6935256 
1.0 4.37857525 
1.0 4.56367135 
1.0 4.3858381 
1.0 4.3814568 
1.0 4.4028992 
1.0 4.9041384 
1.0 4.55868455 
1.0 6.78888945 
1.0 7.4661531 
1.0 6.40870335 
1.0 6.81550205 
1.0 8.25440315 
1.0 6.6660748 
1.0 6.9663111 
1.0 6.703319 
1.0 7.0726705 
2.0 8.19998095 
2.0 15.39110965 
2.0 8.0814118 
3.0 9.40136015 
3.0 9.292437 
3.0 16.44370805 
3.0 14.3502926 
3.0 12.35902465 
3.0 13.40804885 
3.0 10.6297555 
3.0 16.0673716 
3.0 18.61475 
3.0 21.2369976 
3.0 23.00766335 
3.0 17.54493615 
3.0 21.2596223 
3.0 21.0339857 
3.0 22.6770789 
3.0 21.4506124 
3.0 23.31493325 
3.0 26.46293615 
3.0 25.90807695 
3.0 26.55395575 
3.0 26.33912855 
3.0 25.66470585 
4.0 13.0404533 
4.0 11.7305552 
4.0 13.5272494 
4.0 12.49794595 
4.0 11.3249325 
4.0 10.69031915 
4.0 15.7920861 
4.0 15.83811005 
4.0 17.84516125 
4.0 19.37845525 
4.0 20.4380281 
4.0 21.99174775 
4.0 23.95768935 
4.0 22.64789975 
4.0 17.4977005 
4.0 17.5404873 
4.0 21.1997527 
4.0 20.6278555 
4.0 21.3653258 
4.0 21.70615685 
4.0 21.9573312 
4.0 22.7840963 
4.0 21.2293858 
4.0 20.54556595 
4.0 22.6187038 
4.0 22.97419495 
4.0 27.04493435 
4.0 25.98903685 
4.0 25.9984837 
4.0 24.95187975 
4.0 26.45999265 
4.0 26.5394024 
4.0 26.3959815 
4.0 27.24300425 
4.0 25.99021845 
4.0 24.73824605 
