# Position.Z vs. Particle Type (97 data points):
# "Particle Type" Position.Z
1.0 0.0 
1.0 0.0 
1.0 0.0 
1.0 0.0 
1.0 0.0 
1.0 0.0 
1.0 0.0 
1.0 0.0 
1.0 0.0 
1.0 2.2741768 
1.0 2.2741768 
1.0 2.2741768 
1.0 2.2741768 
1.0 2.2741768 
1.0 2.2741768 
1.0 2.2741768 
1.0 2.2741768 
1.0 2.2741768 
1.0 4.48276675 
1.0 4.27382375 
1.0 4.8179124 
1.0 5.1702434 
1.0 4.55331625 
1.0 4.31092305 
1.0 4.4177777 
1.0 4.54213025 
1.0 4.661503 
1.0 7.1467585 
1.0 6.57172495 
1.0 7.29538985 
1.0 8.33004235 
1.0 6.8054665 
1.0 6.752571 
1.0 6.868708 
1.0 6.58680505 
1.0 7.54361195 
2.0 8.6393286 
2.0 13.119631 
2.0 8.2210415 
3.0 9.5969818 
3.0 9.3977541 
3.0 13.1805359 
3.0 12.8972053 
3.0 11.7007989 
3.0 10.1784263 
3.0 11.21605695 
3.0 17.76336345 
3.0 9.98102 
3.0 22.60547835 
3.0 31.4472914 
3.0 19.42464755 
3.0 15.8138547 
3.0 18.430181 
3.0 31.63162065 
3.0 22.86594555 
3.0 17.53691345 
3.0 31.66603685 
3.0 13.4066674 
3.0 32.5618846 
3.0 32.209205 
3.0 31.9372487 
4.0 12.22908295 
4.0 10.81821405 
4.0 10.70962165 
4.0 10.75545345 
4.0 11.65192385 
4.0 10.77430865 
4.0 17.94997995 
4.0 16.90598035 
4.0 10.5301518 
4.0 10.0441782 
4.0 21.95719995 
4.0 22.791685 
4.0 31.38354135 
4.0 32.3281469 
4.0 18.67003215 
4.0 19.26548995 
4.0 15.1081532 
4.0 16.38667485 
4.0 19.1047738 
4.0 18.55958965 
4.0 31.0788569 
4.0 32.5223248 
4.0 22.9212508 
4.0 22.8020142 
4.0 16.7699714 
4.0 17.51989225 
4.0 31.74879575 
4.0 31.96258625 
4.0 13.98559505 
4.0 12.8663752 
4.0 32.4569091 
4.0 32.13539735 
4.0 31.85057645 
4.0 31.71797405 
4.0 31.62746405 
4.0 32.9525938 
