# Position.Z vs. Particle Type (97 data points):
# "Particle Type" Position.Z
1.0 0.0 
1.0 0.0 
1.0 0.0 
1.0 0.0 
1.0 0.0 
1.0 0.0 
1.0 0.0 
1.0 0.0 
1.0 0.0 
1.0 2.2741768 
1.0 2.2741768 
1.0 2.2741768 
1.0 2.2741768 
1.0 2.2741768 
1.0 2.2741768 
1.0 2.2741768 
1.0 2.2741768 
1.0 2.2741768 
1.0 4.53068315 
1.0 5.5664287 
1.0 4.4387952 
1.0 4.4333233 
1.0 4.4797333 
1.0 4.55067375 
1.0 4.4499084 
1.0 4.5781435 
1.0 4.47267695 
1.0 7.329812 
1.0 7.6102152 
1.0 6.93720335 
1.0 7.08223425 
1.0 8.3551797 
1.0 6.66333045 
1.0 7.1273195 
1.0 6.5093294 
1.0 6.84618795 
2.0 8.428896 
2.0 14.8634024 
2.0 8.28563575 
3.0 9.6293141 
3.0 9.47615795 
3.0 15.87343205 
3.0 13.835199 
3.0 11.870712 
3.0 12.5821374 
3.0 10.2168766 
3.0 15.30894505 
3.0 17.2331467 
3.0 20.2870899 
3.0 22.0558611 
3.0 17.4257363 
3.0 19.53330785 
3.0 21.2571989 
3.0 21.677544 
3.0 20.2965588 
3.0 22.7493721 
3.0 25.5122231 
3.0 24.71968905 
3.0 26.3151735 
3.0 25.4082934 
3.0 24.9999127 
4.0 11.93740485 
4.0 12.5317759 
4.0 12.5495874 
4.0 11.6648693 
4.0 10.1793979 
4.0 9.91711385 
4.0 14.9621122 
4.0 16.23291285 
4.0 17.52168915 
4.0 16.38996415 
4.0 20.43301785 
4.0 19.3880176 
4.0 22.5497853 
4.0 21.45947825 
4.0 17.2764872 
4.0 17.59989315 
4.0 19.55480135 
4.0 19.9022803 
4.0 20.938477 
4.0 22.23483255 
4.0 21.2099195 
4.0 21.3302992 
4.0 20.9478066 
4.0 19.79297005 
4.0 21.91240765 
4.0 23.0144033 
4.0 26.36259185 
4.0 24.8882872 
4.0 25.37517885 
4.0 24.161809 
4.0 25.89941305 
4.0 26.12914955 
4.0 25.4180927 
4.0 25.9125622 
4.0 25.46185425 
4.0 24.03410065 
