# Position.Z vs. Particle Type (97 data points):
# "Particle Type" Position.Z
1.0 0.0 
1.0 0.0 
1.0 0.0 
1.0 0.0 
1.0 0.0 
1.0 0.0 
1.0 0.0 
1.0 0.0 
1.0 0.0 
1.0 2.2741768 
1.0 2.2741768 
1.0 2.2741768 
1.0 2.2741768 
1.0 2.2741768 
1.0 2.2741768 
1.0 2.2741768 
1.0 2.2741768 
1.0 2.2741768 
1.0 4.2362628 
1.0 4.210332 
1.0 4.1075874 
1.0 4.41944335 
1.0 4.0939682 
1.0 4.0862017 
1.0 4.44723405 
1.0 4.1737052 
1.0 4.4052974 
1.0 7.05461015 
1.0 6.9154029 
1.0 6.356504 
1.0 7.01549415 
1.0 6.20968775 
1.0 6.2181938 
1.0 6.31151535 
1.0 6.2179033 
1.0 6.34008095 
2.0 7.8006376 
2.0 10.7240987 
2.0 8.67005125 
3.0 9.00737845 
3.0 9.76456705 
3.0 9.68742845 
3.0 11.76444535 
3.0 9.87555345 
3.0 9.75555385 
3.0 9.48186925 
3.0 10.09046255 
3.0 11.48273385 
3.0 11.5408174 
3.0 15.18797455 
3.0 13.84375965 
3.0 13.02784105 
3.0 14.1846845 
3.0 13.66840965 
3.0 13.607734 
3.0 17.2001998 
3.0 18.33260415 
3.0 17.234833 
3.0 17.92567665 
3.0 18.63282295 
3.0 17.05858 
4.0 9.03785365 
4.0 9.91063045 
4.0 10.3035555 
4.0 9.6838644 
4.0 10.076647 
4.0 9.7680877 
4.0 9.88731485 
4.0 10.98597535 
4.0 12.30844685 
4.0 11.36190405 
4.0 12.0231545 
4.0 10.6108793 
4.0 15.7523877 
4.0 14.48477485 
4.0 13.65968275 
4.0 13.2933766 
4.0 13.3962318 
4.0 12.0606129 
4.0 14.55423165 
4.0 13.50693855 
4.0 13.5204307 
4.0 14.6205605 
4.0 13.8197633 
4.0 14.00845075 
4.0 17.40798115 
4.0 17.6338911 
4.0 18.20090965 
4.0 17.87344825 
4.0 17.41471375 
4.0 17.38788625 
4.0 18.7348322 
4.0 17.77239765 
4.0 19.5467699 
4.0 18.1330135 
4.0 17.29089495 
4.0 16.0849794 
