# Position.Z vs. Particle Type (97 data points):
# "Particle Type" Position.Z
1.0 0.0 
1.0 0.0 
1.0 0.0 
1.0 0.0 
1.0 0.0 
1.0 0.0 
1.0 0.0 
1.0 0.0 
1.0 0.0 
1.0 2.2741768 
1.0 2.2741768 
1.0 2.2741768 
1.0 2.2741768 
1.0 2.2741768 
1.0 2.2741768 
1.0 2.2741768 
1.0 2.2741768 
1.0 2.2741768 
1.0 4.51868165 
1.0 4.31276265 
1.0 4.3117788 
1.0 5.0401358 
1.0 4.32954375 
1.0 4.34064015 
1.0 4.34334705 
1.0 4.33257685 
1.0 4.5157105 
1.0 6.4700888 
1.0 6.8573428 
1.0 6.37861875 
1.0 7.7706727 
1.0 6.4946028 
1.0 6.61948 
1.0 7.0566566 
1.0 6.76775995 
1.0 7.0538643 
2.0 8.01064705 
2.0 25.26006315 
2.0 8.3201818 
3.0 9.1216629 
3.0 9.5792515 
3.0 26.26603665 
3.0 24.27774265 
3.0 17.83972365 
3.0 24.78875805 
3.0 32.1415983 
3.0 27.81092055 
3.0 14.6714344 
3.0 9.5569285 
3.0 32.54326845 
3.0 14.4004721 
3.0 21.2428797 
3.0 9.9428091 
3.0 29.4619472 
3.0 31.03772455 
3.0 30.07121915 
3.0 32.10366565 
3.0 11.15353015 
3.0 10.4126344 
3.0 24.42632325 
3.0 25.31587695 
4.0 18.0384176 
4.0 17.4118602 
4.0 25.5926601 
4.0 25.2128317 
4.0 32.7686009 
4.0 32.08042005 
4.0 28.18497465 
4.0 27.89598805 
4.0 14.9174445 
4.0 13.74871155 
4.0 8.70249765 
4.0 10.21034245 
4.0 32.4227519 
4.0 33.05160215 
4.0 15.1043137 
4.0 14.7185458 
4.0 21.1418466 
4.0 21.36641045 
4.0 10.1171245 
4.0 9.76369905 
4.0 28.55786115 
4.0 30.01742695 
4.0 30.92771675 
4.0 30.4279836 
4.0 29.88563655 
4.0 30.71949965 
4.0 32.960886 
4.0 32.06420175 
4.0 10.78485415 
4.0 11.94105395 
4.0 9.7782937 
4.0 11.0418315 
4.0 23.64079585 
4.0 24.26541635 
4.0 25.95203065 
4.0 25.3760171 
