# Position.Z vs. Particle Type (97 data points):
# "Particle Type" Position.Z
1.0 0.0 
1.0 0.0 
1.0 0.0 
1.0 0.0 
1.0 0.0 
1.0 0.0 
1.0 0.0 
1.0 0.0 
1.0 0.0 
1.0 2.2741768 
1.0 2.2741768 
1.0 2.2741768 
1.0 2.2741768 
1.0 2.2741768 
1.0 2.2741768 
1.0 2.2741768 
1.0 2.2741768 
1.0 2.2741768 
1.0 4.90594685 
1.0 5.52835115 
1.0 4.31382035 
1.0 4.45225095 
1.0 4.1931638 
1.0 4.39012945 
1.0 4.99525635 
1.0 4.37928435 
1.0 4.42580145 
1.0 7.4838386 
1.0 6.7862221 
1.0 6.9982584 
1.0 7.4575186 
1.0 8.07694195 
1.0 6.5618028 
1.0 6.8839022 
1.0 6.44798035 
1.0 6.758724 
2.0 8.47316435 
2.0 24.5820099 
2.0 8.06832775 
3.0 9.5745027 
3.0 9.2527092 
3.0 25.56140335 
3.0 23.54677185 
3.0 14.6913228 
3.0 9.91491305 
3.0 12.8337545 
3.0 24.4792387 
3.0 11.2021567 
3.0 13.0658031 
3.0 27.6546102 
3.0 18.40149815 
3.0 11.49819755 
3.0 14.2059379 
3.0 30.0517308 
3.0 31.0218349 
3.0 20.1577488 
3.0 32.1149703 
3.0 17.1427396 
3.0 18.2858921 
3.0 31.80392005 
3.0 32.7346824 
4.0 13.86294175 
4.0 14.3616487 
4.0 10.3112716 
4.0 10.43074935 
4.0 12.46944895 
4.0 13.708254 
4.0 25.17808895 
4.0 24.13787705 
4.0 10.50187285 
4.0 11.16529015 
4.0 13.7718483 
4.0 12.3416335 
4.0 26.9798431 
4.0 28.14660415 
4.0 18.0524043 
4.0 19.24189085 
4.0 12.31637995 
4.0 11.16872435 
4.0 13.4029637 
4.0 14.77153895 
4.0 29.2864313 
4.0 30.3263884 
4.0 31.7770229 
4.0 31.0017456 
4.0 19.3557147 
4.0 19.92687025 
4.0 33.0009372 
4.0 32.2246442 
4.0 16.8575309 
4.0 16.4076619 
4.0 19.19980335 
4.0 18.4642115 
4.0 31.394167 
4.0 31.22868175 
4.0 32.14258915 
4.0 32.3895278 
