# Position.Z vs. Particle Type (97 data points):
# "Particle Type" Position.Z
1.0 0.0 
1.0 0.0 
1.0 0.0 
1.0 0.0 
1.0 0.0 
1.0 0.0 
1.0 0.0 
1.0 0.0 
1.0 0.0 
1.0 2.2741768 
1.0 2.2741768 
1.0 2.2741768 
1.0 2.2741768 
1.0 2.2741768 
1.0 2.2741768 
1.0 2.2741768 
1.0 2.2741768 
1.0 2.2741768 
1.0 4.4145745 
1.0 4.40791995 
1.0 4.71308845 
1.0 5.2146276 
1.0 4.28795325 
1.0 4.55911925 
1.0 4.2979986 
1.0 4.42754025 
1.0 4.33842185 
1.0 6.86276115 
1.0 6.6696616 
1.0 6.63997215 
1.0 7.17877475 
1.0 6.4392377 
1.0 6.4916194 
1.0 7.3970001 
1.0 6.94673805 
1.0 7.3083346 
2.0 8.0175802 
2.0 17.8235253 
2.0 8.42224705 
3.0 9.20342605 
3.0 9.62290385 
3.0 18.3179262 
3.0 17.36237965 
3.0 10.99697235 
3.0 27.36376685 
3.0 32.1866321 
3.0 31.9269006 
3.0 11.9788361 
3.0 10.3457382 
3.0 32.7489883 
3.0 12.48493925 
3.0 17.03934715 
3.0 9.12985465 
3.0 24.82672255 
3.0 31.813754 
3.0 28.40940165 
3.0 28.58898945 
3.0 14.04505935 
3.0 11.6685408 
3.0 20.31470175 
3.0 30.64933585 
4.0 10.7882229 
4.0 10.10955435 
4.0 26.4750003 
4.0 27.28978245 
4.0 31.77409025 
4.0 31.3956321 
4.0 31.5586362 
4.0 32.85178435 
4.0 11.66319665 
4.0 11.94990475 
4.0 10.0320479 
4.0 11.01019325 
4.0 32.48695415 
4.0 32.93583195 
4.0 13.1477619 
4.0 12.8984163 
4.0 17.0604091 
4.0 17.06867575 
4.0 9.76019905 
4.0 9.51166195 
4.0 23.87441595 
4.0 24.7323307 
4.0 32.0217121 
4.0 32.62239995 
4.0 27.9010508 
4.0 28.4422376 
4.0 29.32934865 
4.0 28.5891039 
4.0 13.16352555 
4.0 13.827548 
4.0 11.43569 
4.0 11.04794565 
4.0 20.2391238 
4.0 20.26590265 
4.0 29.69626135 
4.0 30.8670026 
