# Position.Z vs. Particle Type (97 data points):
# "Particle Type" Position.Z
1.0 0.0 
1.0 0.0 
1.0 0.0 
1.0 0.0 
1.0 0.0 
1.0 0.0 
1.0 0.0 
1.0 0.0 
1.0 0.0 
1.0 2.2741768 
1.0 2.2741768 
1.0 2.2741768 
1.0 2.2741768 
1.0 2.2741768 
1.0 2.2741768 
1.0 2.2741768 
1.0 2.2741768 
1.0 2.2741768 
1.0 5.25929495 
1.0 4.54567435 
1.0 4.293163 
1.0 4.36725905 
1.0 4.35995385 
1.0 4.32924205 
1.0 4.3600004 
1.0 4.4007754 
1.0 4.5353105 
1.0 7.19805765 
1.0 7.25419205 
1.0 6.51496195 
1.0 7.08010835 
1.0 6.3245518 
1.0 7.4379424 
1.0 6.51749945 
1.0 6.6726555 
1.0 7.0108003 
2.0 8.41004185 
2.0 24.612021 
2.0 7.94128055 
3.0 9.58357715 
3.0 9.17289275 
3.0 24.72696975 
3.0 24.50955955 
3.0 21.72261175 
3.0 21.49349265 
3.0 27.3328846 
3.0 28.2249051 
3.0 9.49964085 
3.0 19.7158381 
3.0 31.9513026 
3.0 21.3771047 
3.0 23.62926055 
3.0 18.42398775 
3.0 24.83235335 
3.0 29.41422225 
3.0 31.49772395 
3.0 32.44628065 
3.0 20.43538665 
3.0 9.22590515 
3.0 29.25313195 
3.0 29.65149285 
4.0 21.5993316 
4.0 21.7051632 
4.0 20.89192665 
4.0 22.11468875 
4.0 28.28059815 
4.0 26.95734405 
4.0 28.82982095 
4.0 28.39682685 
4.0 9.55656065 
4.0 9.07801895 
4.0 18.9438361 
4.0 19.3544211 
4.0 32.41505155 
4.0 31.89698295 
4.0 21.4877229 
4.0 20.92932345 
4.0 23.60852655 
4.0 23.0786843 
4.0 18.5772153 
4.0 19.08859995 
4.0 24.5747551 
4.0 25.2278313 
4.0 29.33828695 
4.0 28.53823735 
4.0 30.81785175 
4.0 31.85839615 
4.0 31.81908905 
4.0 32.2988092 
4.0 20.88337475 
4.0 19.56217725 
4.0 10.0142147 
4.0 8.91339645 
4.0 28.2702539 
4.0 29.27207325 
4.0 30.3505748 
4.0 29.063902 
