# Position.Z vs. Particle Type (97 data points):
# "Particle Type" Position.Z
1.0 0.0 
1.0 0.0 
1.0 0.0 
1.0 0.0 
1.0 0.0 
1.0 0.0 
1.0 0.0 
1.0 0.0 
1.0 0.0 
1.0 2.2741768 
1.0 2.2741768 
1.0 2.2741768 
1.0 2.2741768 
1.0 2.2741768 
1.0 2.2741768 
1.0 2.2741768 
1.0 2.2741768 
1.0 2.2741768 
1.0 4.5738651 
1.0 5.33559565 
1.0 4.36459135 
1.0 4.3677319 
1.0 4.38745405 
1.0 4.2603316 
1.0 4.45640615 
1.0 4.42289715 
1.0 4.49084405 
1.0 6.91322065 
1.0 7.41603065 
1.0 6.3210245 
1.0 7.20391105 
1.0 7.42814555 
1.0 6.4058561 
1.0 6.80434965 
1.0 6.2734091 
1.0 6.79297535 
2.0 8.39277495 
2.0 21.21755405 
2.0 7.6515999 
3.0 9.58164935 
3.0 8.7863356 
3.0 21.757953 
3.0 20.7443915 
3.0 10.52206785 
3.0 9.46958425 
3.0 11.65156195 
3.0 15.24811365 
3.0 11.41102935 
3.0 14.8419222 
3.0 31.8350858 
3.0 17.49357715 
3.0 11.26557845 
3.0 13.0459854 
3.0 28.16924355 
3.0 32.07903755 
3.0 15.1381006 
3.0 31.56338395 
3.0 13.5681665 
3.0 14.6437956 
3.0 32.2628656 
3.0 32.20245525 
4.0 10.665067 
4.0 10.51451485 
4.0 9.42296775 
4.0 10.0597042 
4.0 12.35790745 
4.0 10.8971429 
4.0 14.7430157 
4.0 15.83443645 
4.0 12.2536547 
4.0 11.5712149 
4.0 14.67674075 
4.0 13.93411425 
4.0 31.7223417 
4.0 31.75112605 
4.0 16.99756135 
4.0 18.40535865 
4.0 11.22716 
4.0 11.54841135 
4.0 13.8490009 
4.0 12.334511 
4.0 29.02028185 
4.0 28.0021252 
4.0 33.03378505 
4.0 31.9967438 
4.0 14.9561223 
4.0 15.2284671 
4.0 32.3605093 
4.0 31.1751909 
4.0 12.7720208 
4.0 14.22284885 
4.0 15.42298905 
4.0 14.62640445 
4.0 31.83603255 
4.0 31.8635639 
4.0 31.8691842 
4.0 33.1731617 
