# Position.Z vs. Particle Type (97 data points):
# "Particle Type" Position.Z
1.0 0.0 
1.0 0.0 
1.0 0.0 
1.0 0.0 
1.0 0.0 
1.0 0.0 
1.0 0.0 
1.0 0.0 
1.0 0.0 
1.0 2.2741768 
1.0 2.2741768 
1.0 2.2741768 
1.0 2.2741768 
1.0 2.2741768 
1.0 2.2741768 
1.0 2.2741768 
1.0 2.2741768 
1.0 2.2741768 
1.0 4.51254685 
1.0 4.52653775 
1.0 4.336255 
1.0 5.36264085 
1.0 4.25537665 
1.0 4.42806945 
1.0 4.15552585 
1.0 4.55273525 
1.0 4.7445629 
1.0 6.9917946 
1.0 6.45313305 
1.0 6.81249695 
1.0 8.1076009 
1.0 6.47695755 
1.0 6.82947125 
1.0 6.67321375 
1.0 6.79480725 
1.0 7.61531505 
2.0 8.4167727 
2.0 13.1299378 
2.0 8.22879085 
3.0 9.27998715 
3.0 9.31581525 
3.0 12.89521135 
3.0 13.17842995 
3.0 11.681355 
3.0 9.487044 
3.0 11.37113285 
3.0 18.47364925 
3.0 9.91363415 
3.0 21.30603335 
3.0 30.81800505 
3.0 19.3530036 
3.0 16.0097763 
3.0 18.3475901 
3.0 32.16081155 
3.0 23.62716545 
3.0 17.42254465 
3.0 32.5359937 
3.0 13.8425693 
3.0 32.0975109 
3.0 31.9544939 
3.0 30.80120645 
4.0 12.19067955 
4.0 10.9931633 
4.0 9.42995095 
4.0 8.71047275 
4.0 11.8096608 
4.0 11.1077281 
4.0 18.11577425 
4.0 19.35128055 
4.0 10.4252008 
4.0 10.2710314 
4.0 21.71628375 
4.0 21.4189871 
4.0 30.93009745 
4.0 29.8641329 
4.0 18.5322606 
4.0 19.97450875 
4.0 16.6105793 
4.0 15.13761795 
4.0 18.46794635 
4.0 19.3321933 
4.0 31.81284645 
4.0 33.1195753 
4.0 23.3395799 
4.0 24.542091 
4.0 16.89773155 
4.0 17.852443 
4.0 32.4345154 
4.0 32.42293425 
4.0 13.462631 
4.0 14.68004825 
4.0 31.84190555 
4.0 31.49374655 
4.0 31.87368765 
4.0 32.9430857 
4.0 31.2549167 
4.0 31.03729475 
