# Position.Z vs. Particle Type (97 data points):
# "Particle Type" Position.Z
1.0 0.0 
1.0 0.0 
1.0 0.0 
1.0 0.0 
1.0 0.0 
1.0 0.0 
1.0 0.0 
1.0 0.0 
1.0 0.0 
1.0 2.2741768 
1.0 2.2741768 
1.0 2.2741768 
1.0 2.2741768 
1.0 2.2741768 
1.0 2.2741768 
1.0 2.2741768 
1.0 2.2741768 
1.0 2.2741768 
1.0 4.25371345 
1.0 4.21885835 
1.0 4.3364097 
1.0 5.003481 
1.0 4.4051308 
1.0 4.54076035 
1.0 4.4465008 
1.0 4.37714585 
1.0 4.43323335 
1.0 6.6226818 
1.0 6.83141025 
1.0 6.14608785 
1.0 7.6193915 
1.0 6.31727425 
1.0 6.6326071 
1.0 7.1814519 
1.0 6.83429495 
1.0 6.93180355 
2.0 7.8944285 
2.0 21.12548305 
2.0 8.2669265 
3.0 9.1349762 
3.0 9.51979525 
3.0 21.90541185 
3.0 20.2524539 
3.0 12.22214665 
3.0 29.57748395 
3.0 32.2132475 
3.0 32.27003955 
3.0 12.3810456 
3.0 8.90176175 
3.0 31.5132398 
3.0 11.59668895 
3.0 20.3924322 
3.0 10.0296301 
3.0 24.40038685 
3.0 31.80892785 
3.0 30.2491 
3.0 32.6252899 
3.0 12.14579555 
3.0 10.4305635 
3.0 20.66500485 
3.0 27.13292995 
4.0 11.68916105 
4.0 12.72418455 
4.0 28.62634145 
4.0 29.51633125 
4.0 32.4480261 
4.0 32.1566623 
4.0 32.80402335 
4.0 31.75998105 
4.0 11.6280647 
4.0 11.9231399 
4.0 9.3190041 
4.0 9.0434232 
4.0 31.36406735 
4.0 32.4916746 
4.0 10.82375 
4.0 11.50093175 
4.0 19.7242745 
4.0 21.16029125 
4.0 10.26037845 
4.0 9.4955273 
4.0 24.1208429 
4.0 24.7694748 
4.0 32.6422698 
4.0 32.1784064 
4.0 30.5526914 
4.0 30.3463783 
4.0 32.3447264 
4.0 32.8444725 
4.0 12.9849097 
4.0 11.55547715 
4.0 10.7180689 
4.0 11.26262235 
4.0 20.2838923 
4.0 20.16954695 
4.0 26.6639422 
4.0 27.8372171 
