# Position.Z vs. Particle Type (97 data points):
# "Particle Type" Position.Z
1.0 0.0 
1.0 0.0 
1.0 0.0 
1.0 0.0 
1.0 0.0 
1.0 0.0 
1.0 0.0 
1.0 0.0 
1.0 0.0 
1.0 2.2741768 
1.0 2.2741768 
1.0 2.2741768 
1.0 2.2741768 
1.0 2.2741768 
1.0 2.2741768 
1.0 2.2741768 
1.0 2.2741768 
1.0 2.2741768 
1.0 5.15993275 
1.0 4.21159375 
1.0 4.55879165 
1.0 4.3005879 
1.0 4.49017555 
1.0 4.2182007 
1.0 4.19735225 
1.0 4.378577 
1.0 4.84406755 
1.0 6.86498435 
1.0 7.26184865 
1.0 6.45592465 
1.0 7.340382 
1.0 6.5842301 
1.0 7.4745454 
1.0 6.61707515 
1.0 6.42446665 
1.0 6.91810315 
2.0 8.4449414 
2.0 24.1921575 
2.0 8.1370156 
3.0 9.56618285 
3.0 9.3045596 
3.0 23.25950165 
3.0 25.10940845 
3.0 20.3059773 
3.0 23.0990753 
3.0 28.1412936 
3.0 27.99107535 
3.0 9.5319441 
3.0 19.77991155 
3.0 32.0246241 
3.0 21.03072335 
3.0 23.6443375 
3.0 18.25424685 
3.0 25.67935195 
3.0 28.8542646 
3.0 30.95447845 
3.0 31.95803345 
3.0 20.8027967 
3.0 10.45173115 
3.0 29.34427755 
3.0 30.6670385 
4.0 20.89402875 
4.0 19.77445015 
4.0 22.317869 
4.0 23.38697655 
4.0 28.28800065 
4.0 28.2640001 
4.0 27.8550447 
4.0 27.5027585 
4.0 9.12590105 
4.0 9.9224818 
4.0 18.883389 
4.0 19.78252325 
4.0 32.14239385 
4.0 32.521629 
4.0 20.27883235 
4.0 20.8044564 
4.0 23.69582075 
4.0 22.7897348 
4.0 17.7233938 
4.0 18.7396363 
4.0 25.3660057 
4.0 25.83159635 
4.0 29.2223239 
4.0 28.9617958 
4.0 30.12670605 
4.0 30.71838805 
4.0 31.3597837 
4.0 32.4391592 
4.0 21.0245399 
4.0 20.90798535 
4.0 10.93862385 
4.0 9.9857114 
4.0 28.47656315 
4.0 29.7386348 
4.0 30.8827666 
4.0 30.969925 
