# Position.Z vs. Particle Type (97 data points):
# "Particle Type" Position.Z
1.0 0.0 
1.0 0.0 
1.0 0.0 
1.0 0.0 
1.0 0.0 
1.0 0.0 
1.0 0.0 
1.0 0.0 
1.0 0.0 
1.0 2.2741768 
1.0 2.2741768 
1.0 2.2741768 
1.0 2.2741768 
1.0 2.2741768 
1.0 2.2741768 
1.0 2.2741768 
1.0 2.2741768 
1.0 2.2741768 
1.0 5.10793815 
1.0 4.2580783 
1.0 4.5416378 
1.0 4.82298075 
1.0 4.35108345 
1.0 4.3441657 
1.0 4.3099112 
1.0 4.8897765 
1.0 4.30980655 
1.0 6.93246925 
1.0 7.04288305 
1.0 6.43497295 
1.0 7.39972345 
1.0 6.4362466 
1.0 7.3148334 
1.0 7.19480755 
1.0 6.7535958 
1.0 6.8646704 
2.0 8.1863978 
2.0 21.45651025 
2.0 8.36592435 
3.0 9.37301015 
3.0 9.55371655 
3.0 20.8539716 
3.0 22.08684065 
3.0 13.42558315 
3.0 28.80101105 
3.0 27.90533515 
3.0 29.1420668 
3.0 9.4220735 
3.0 15.4000665 
3.0 29.9584929 
3.0 16.74117935 
3.0 24.5816956 
3.0 12.40542065 
3.0 25.89496595 
3.0 31.8907064 
3.0 31.968412 
3.0 32.411645 
3.0 10.41344325 
3.0 11.74870235 
3.0 27.9490638 
3.0 31.6410738 
4.0 12.6346423 
4.0 13.9389005 
4.0 28.97356315 
4.0 29.7038077 
4.0 27.7592294 
4.0 27.0476934 
4.0 28.54392555 
4.0 28.52679935 
4.0 9.52748685 
4.0 9.82668015 
4.0 14.488362 
4.0 15.90207955 
4.0 29.06627185 
4.0 29.98654855 
4.0 16.1796215 
4.0 16.12501415 
4.0 25.4838521 
4.0 24.59107805 
4.0 12.1287565 
4.0 11.8480327 
4.0 25.02620505 
4.0 25.7385842 
4.0 31.6440712 
4.0 32.8083378 
4.0 31.8814979 
4.0 31.0710771 
4.0 32.12057415 
4.0 31.86739605 
4.0 11.12484765 
4.0 9.9707804 
4.0 11.0095797 
4.0 12.438153 
4.0 27.82906525 
4.0 28.01321355 
4.0 31.9726057 
4.0 32.17400025 
