# Position.Z vs. Particle Type (97 data points):
# "Particle Type" Position.Z
1.0 0.0 
1.0 0.0 
1.0 0.0 
1.0 0.0 
1.0 0.0 
1.0 0.0 
1.0 0.0 
1.0 0.0 
1.0 0.0 
1.0 2.2741768 
1.0 2.2741768 
1.0 2.2741768 
1.0 2.2741768 
1.0 2.2741768 
1.0 2.2741768 
1.0 2.2741768 
1.0 2.2741768 
1.0 2.2741768 
1.0 4.358655 
1.0 4.49336755 
1.0 4.28676675 
1.0 5.26083985 
1.0 4.3661982 
1.0 4.6655154 
1.0 4.4898777 
1.0 4.4096598 
1.0 4.3057854 
1.0 6.75877405 
1.0 6.67084985 
1.0 6.3205597 
1.0 7.1460165 
1.0 6.2732278 
1.0 6.6790661 
1.0 7.39378255 
1.0 6.9210358 
1.0 7.19341 
2.0 7.9431709 
2.0 19.1204699 
2.0 8.43353525 
3.0 9.1810523 
3.0 9.6243105 
3.0 20.10643565 
3.0 18.2139972 
3.0 11.11623555 
3.0 28.7574798 
3.0 32.33170395 
3.0 31.97565875 
3.0 12.4666927 
3.0 9.68619505 
3.0 31.77756365 
3.0 13.14275445 
3.0 16.5324257 
3.0 8.85407775 
3.0 25.05678525 
3.0 32.31781035 
3.0 29.7205797 
3.0 29.50937115 
3.0 14.12829145 
3.0 11.15135525 
3.0 19.90062305 
3.0 30.3401861 
4.0 10.660076 
4.0 10.62968235 
4.0 28.287147 
4.0 28.72957115 
4.0 32.7599573 
4.0 31.9867107 
4.0 32.09359335 
4.0 32.77571325 
4.0 11.9701589 
4.0 13.16150255 
4.0 10.60235715 
4.0 9.1855778 
4.0 31.1187744 
4.0 32.513285 
4.0 13.8736283 
4.0 13.1424965 
4.0 16.00164965 
4.0 17.3179566 
4.0 9.5789491 
4.0 8.69447775 
4.0 24.34731985 
4.0 25.91399545 
4.0 33.12038975 
4.0 32.5694558 
4.0 29.7647014 
4.0 29.5468418 
4.0 29.8009334 
4.0 29.95023885 
4.0 14.1276737 
4.0 13.36304025 
4.0 11.5684338 
4.0 10.59098285 
4.0 19.20802275 
4.0 20.52465275 
4.0 29.9424342 
4.0 30.95015595 
