# Position.Z vs. Particle Type (97 data points):
# "Particle Type" Position.Z
1.0 0.0 
1.0 0.0 
1.0 0.0 
1.0 0.0 
1.0 0.0 
1.0 0.0 
1.0 0.0 
1.0 0.0 
1.0 0.0 
1.0 2.2741768 
1.0 2.2741768 
1.0 2.2741768 
1.0 2.2741768 
1.0 2.2741768 
1.0 2.2741768 
1.0 2.2741768 
1.0 2.2741768 
1.0 2.2741768 
1.0 4.4622326 
1.0 4.33369475 
1.0 4.53269495 
1.0 4.4166633 
1.0 4.3087926 
1.0 4.323396 
1.0 4.56815975 
1.0 4.39238135 
1.0 4.95688795 
1.0 6.96361855 
1.0 7.242032 
1.0 6.59067185 
1.0 6.59048635 
1.0 7.2077376 
1.0 6.56453805 
1.0 6.4389486 
1.0 6.40645005 
1.0 7.28524895 
2.0 8.10806255 
2.0 27.04221765 
2.0 8.35895445 
3.0 9.14908645 
3.0 9.52569135 
3.0 27.9636693 
3.0 26.1362059 
3.0 19.27272165 
3.0 11.8227298 
3.0 14.5345291 
3.0 17.82582445 
3.0 9.2794793 
3.0 14.62554065 
3.0 31.143763 
3.0 18.437601 
3.0 15.6641317 
3.0 11.9235018 
3.0 31.2116742 
3.0 27.8753503 
3.0 18.11054735 
3.0 31.04023265 
3.0 22.62152445 
3.0 10.13316045 
3.0 29.38101985 
3.0 32.58253495 
4.0 19.02709515 
4.0 19.98404205 
4.0 11.82370945 
4.0 10.95874955 
4.0 14.8180655 
4.0 15.37790275 
4.0 18.11281255 
4.0 17.0691311 
4.0 8.9387424 
4.0 9.5125107 
4.0 13.66366295 
4.0 14.87997315 
4.0 31.83462625 
4.0 30.3665334 
4.0 18.91238965 
4.0 17.62704965 
4.0 14.9278815 
4.0 16.0054006 
4.0 11.0936476 
4.0 12.4720743 
4.0 30.7091344 
4.0 31.8341268 
4.0 28.4973318 
4.0 27.4804152 
4.0 17.7712101 
4.0 18.4563162 
4.0 31.39173695 
4.0 30.8401751 
4.0 22.01402315 
4.0 22.0736544 
4.0 10.1903039 
4.0 10.34510225 
4.0 29.6431667 
4.0 28.60573835 
4.0 32.8564152 
4.0 32.1765388 
