# Position.Z vs. Particle Type (97 data points):
# "Particle Type" Position.Z
1.0 0.0 
1.0 0.0 
1.0 0.0 
1.0 0.0 
1.0 0.0 
1.0 0.0 
1.0 0.0 
1.0 0.0 
1.0 0.0 
1.0 2.2741768 
1.0 2.2741768 
1.0 2.2741768 
1.0 2.2741768 
1.0 2.2741768 
1.0 2.2741768 
1.0 2.2741768 
1.0 2.2741768 
1.0 2.2741768 
1.0 4.1981114 
1.0 4.4039716 
1.0 4.4291072 
1.0 5.1318701 
1.0 4.2576352 
1.0 4.38900035 
1.0 4.18765375 
1.0 4.40222615 
1.0 4.3412733 
1.0 6.9606201 
1.0 6.7631214 
1.0 6.47263085 
1.0 7.93854705 
1.0 6.4457827 
1.0 6.51018025 
1.0 7.312606 
1.0 6.507116 
1.0 7.35411355 
2.0 8.002295 
2.0 26.5202112 
2.0 8.63462285 
3.0 9.15498535 
3.0 9.75044525 
3.0 26.02811995 
3.0 27.0948594 
3.0 19.37201 
3.0 22.67828885 
3.0 31.49403215 
3.0 28.33996375 
3.0 12.11506765 
3.0 11.8070183 
3.0 31.79827315 
3.0 16.7160812 
3.0 21.04687515 
3.0 9.7664735 
3.0 30.731372 
3.0 29.6593584 
3.0 29.4134918 
3.0 32.38365375 
3.0 12.19228955 
3.0 12.9305162 
3.0 26.09267675 
3.0 24.7688595 
4.0 19.7340528 
4.0 20.19803205 
4.0 23.5864349 
4.0 22.17833135 
4.0 32.1689368 
4.0 31.46894065 
4.0 28.35319375 
4.0 29.2931156 
4.0 12.632179 
4.0 11.62403025 
4.0 11.9123193 
4.0 12.1546558 
4.0 31.93433285 
4.0 32.3519476 
4.0 15.783467 
4.0 17.02779505 
4.0 20.32469915 
4.0 21.5464151 
4.0 10.47709635 
4.0 10.2754274 
4.0 29.7505565 
4.0 30.92035555 
4.0 29.49952215 
4.0 29.89770035 
4.0 30.02926815 
4.0 28.69136795 
4.0 32.16480995 
4.0 31.92033425 
4.0 11.49902425 
4.0 11.85648415 
4.0 13.8696698 
4.0 12.53562345 
4.0 25.76074865 
4.0 25.4095709 
4.0 25.36601515 
4.0 24.20213075 
