# Position.Z vs. Particle Type (97 data points):
# "Particle Type" Position.Z
1.0 0.0 
1.0 0.0 
1.0 0.0 
1.0 0.0 
1.0 0.0 
1.0 0.0 
1.0 0.0 
1.0 0.0 
1.0 0.0 
1.0 2.2741768 
1.0 2.2741768 
1.0 2.2741768 
1.0 2.2741768 
1.0 2.2741768 
1.0 2.2741768 
1.0 2.2741768 
1.0 2.2741768 
1.0 2.2741768 
1.0 4.74337605 
1.0 5.3720828 
1.0 4.2663383 
1.0 4.3352253 
1.0 4.62005565 
1.0 4.2593439 
1.0 4.31842845 
1.0 4.46629155 
1.0 4.99784005 
1.0 6.99673905 
1.0 7.75830825 
1.0 6.94517005 
1.0 7.2483047 
1.0 7.70127225 
1.0 6.65485485 
1.0 6.5230718 
1.0 6.5878456 
1.0 7.34320545 
2.0 8.482054 
2.0 27.814535 
2.0 8.33784525 
3.0 9.65203365 
3.0 9.5652193 
3.0 27.1917359 
3.0 28.53363205 
3.0 18.0643673 
3.0 9.6051837 
3.0 11.91654345 
3.0 16.31985635 
3.0 9.6797575 
3.0 13.8164614 
3.0 31.8646825 
3.0 17.5677117 
3.0 15.50349185 
3.0 11.5656485 
3.0 32.01913015 
3.0 29.65375 
3.0 16.2213408 
3.0 31.42576395 
3.0 19.827493 
3.0 12.2303244 
3.0 32.10818065 
3.0 32.2322609 
4.0 17.92574665 
4.0 17.25404345 
4.0 9.6822376 
4.0 10.4625087 
4.0 12.73397895 
4.0 12.25993545 
4.0 16.3507715 
4.0 17.0687741 
4.0 10.4924127 
4.0 9.0262291 
4.0 13.04610265 
4.0 14.412433 
4.0 32.7252464 
4.0 31.85304745 
4.0 16.9925329 
4.0 18.4968686 
4.0 15.2124266 
4.0 15.06805895 
4.0 11.0998167 
4.0 10.889473 
4.0 32.72455095 
4.0 31.9603942 
4.0 29.0355569 
4.0 29.99827075 
4.0 16.6057423 
4.0 17.02443925 
4.0 32.28683815 
4.0 31.5998158 
4.0 20.6909836 
4.0 19.36445 
4.0 12.9570028 
4.0 11.4231649 
4.0 31.751321 
4.0 31.8527909 
4.0 32.0902862 
4.0 32.46700205 
