# Position.Z vs. Particle Type (97 data points):
# "Particle Type" Position.Z
1.0 0.0 
1.0 0.0 
1.0 0.0 
1.0 0.0 
1.0 0.0 
1.0 0.0 
1.0 0.0 
1.0 0.0 
1.0 0.0 
1.0 2.2741768 
1.0 2.2741768 
1.0 2.2741768 
1.0 2.2741768 
1.0 2.2741768 
1.0 2.2741768 
1.0 2.2741768 
1.0 2.2741768 
1.0 2.2741768 
1.0 4.3681428 
1.0 4.25383105 
1.0 4.30275685 
1.0 4.1577298 
1.0 4.5528252 
1.0 4.47050905 
1.0 4.3465128 
1.0 4.4575377 
1.0 5.27456825 
1.0 6.80962765 
1.0 7.2545767 
1.0 7.661269 
1.0 6.7258177 
1.0 6.3493122 
1.0 6.51778015 
1.0 6.46055095 
1.0 6.4105069 
1.0 7.1728832 
2.0 7.7650237 
2.0 24.42486305 
2.0 8.5191155 
3.0 9.0127275 
3.0 9.7096146 
3.0 24.70867525 
3.0 23.92643295 
3.0 20.8176087 
3.0 17.0624118 
3.0 16.9185366 
3.0 22.88474405 
3.0 9.483341 
3.0 19.6320635 
3.0 32.16948105 
3.0 19.5163437 
3.0 18.35119685 
3.0 9.2019872 
3.0 32.4000446 
3.0 25.86927525 
3.0 22.11757345 
3.0 28.2838535 
3.0 20.53118865 
3.0 10.76870095 
3.0 31.46138975 
3.0 31.9181814 
4.0 21.44384235 
4.0 20.6749494 
4.0 16.2183973 
4.0 17.2923611 
4.0 16.71326195 
4.0 17.3711139 
4.0 23.27110065 
4.0 22.2423775 
4.0 9.36462695 
4.0 9.5055331 
4.0 18.99824325 
4.0 19.50209205 
4.0 32.3360485 
4.0 33.1238159 
4.0 19.9994697 
4.0 20.1859301 
4.0 17.5723016 
4.0 18.4967013 
4.0 9.452072 
4.0 9.800854 
4.0 32.18786585 
4.0 32.0614175 
4.0 25.0750773 
4.0 26.5828255 
4.0 21.2720795 
4.0 22.1831204 
4.0 28.0995498 
4.0 27.37894565 
4.0 21.1544214 
4.0 20.5130436 
4.0 11.64828525 
4.0 10.78878605 
4.0 31.02093715 
4.0 32.37355975 
4.0 32.25422235 
4.0 32.2705173 
