# Position.Z vs. Particle Type (97 data points):
# "Particle Type" Position.Z
1.0 0.0 
1.0 0.0 
1.0 0.0 
1.0 0.0 
1.0 0.0 
1.0 0.0 
1.0 0.0 
1.0 0.0 
1.0 0.0 
1.0 2.2741768 
1.0 2.2741768 
1.0 2.2741768 
1.0 2.2741768 
1.0 2.2741768 
1.0 2.2741768 
1.0 2.2741768 
1.0 2.2741768 
1.0 2.2741768 
1.0 4.3571171 
1.0 5.14919685 
1.0 4.23854655 
1.0 4.50707845 
1.0 4.47667885 
1.0 4.32737305 
1.0 4.6116497 
1.0 4.33129795 
1.0 4.5782975 
1.0 7.485492 
1.0 7.31642135 
1.0 6.69533025 
1.0 6.9282465 
1.0 7.2239783 
1.0 6.3476651 
1.0 6.6700858 
1.0 6.5082052 
1.0 7.0627522 
2.0 8.3536257 
2.0 13.8557643 
2.0 8.02321695 
3.0 9.49041695 
3.0 9.20041395 
3.0 14.95091255 
3.0 12.7586599 
3.0 10.00214705 
3.0 9.43053055 
3.0 9.6170774 
3.0 17.4284859 
3.0 17.46178735 
3.0 22.321943 
3.0 32.5213777 
3.0 19.6390957 
3.0 20.836151 
3.0 18.73938115 
3.0 30.12410065 
3.0 21.955094 
3.0 22.16534075 
3.0 32.0071122 
3.0 17.77236055 
3.0 32.13611905 
3.0 32.06954695 
3.0 31.4470996 
4.0 10.0845591 
4.0 10.28800045 
4.0 9.3103255 
4.0 9.6723032 
4.0 9.7068139 
4.0 10.1506328 
4.0 16.9305136 
4.0 16.8660212 
4.0 18.4329523 
4.0 17.2676714 
4.0 21.9168313 
4.0 23.17476455 
4.0 31.82937485 
4.0 32.59394565 
4.0 18.8449653 
4.0 20.2287218 
4.0 20.16087675 
4.0 20.4777895 
4.0 18.3542954 
4.0 19.70824205 
4.0 29.9462485 
4.0 30.5372928 
4.0 22.76224265 
4.0 21.91188265 
4.0 21.86572185 
4.0 21.4647811 
4.0 32.941657 
4.0 31.78334355 
4.0 18.53016165 
4.0 17.8260145 
4.0 32.5262245 
4.0 31.8697596 
4.0 32.24510555 
4.0 32.9005131 
4.0 30.52594545 
4.0 31.88059175 
