# Position.Z vs. Particle Type (97 data points):
# "Particle Type" Position.Z
1.0 0.0 
1.0 0.0 
1.0 0.0 
1.0 0.0 
1.0 0.0 
1.0 0.0 
1.0 0.0 
1.0 0.0 
1.0 0.0 
1.0 2.2741768 
1.0 2.2741768 
1.0 2.2741768 
1.0 2.2741768 
1.0 2.2741768 
1.0 2.2741768 
1.0 2.2741768 
1.0 2.2741768 
1.0 2.2741768 
1.0 4.2163534 
1.0 5.3165112 
1.0 4.4080022 
1.0 4.58018435 
1.0 4.29644215 
1.0 4.76609385 
1.0 4.35255205 
1.0 4.94096995 
1.0 4.43349795 
1.0 6.5772714 
1.0 7.39849985 
1.0 6.48980045 
1.0 6.7213748 
1.0 8.2072704 
1.0 7.1973902 
1.0 7.18434115 
1.0 6.54276595 
1.0 6.9856255 
2.0 8.0749865 
2.0 12.82838095 
2.0 8.292032 
3.0 9.24631015 
3.0 9.44641985 
3.0 13.20637255 
3.0 12.53302645 
3.0 9.8121338 
3.0 9.59196945 
3.0 9.9976674 
3.0 12.9696518 
3.0 14.8139257 
3.0 16.67741705 
3.0 19.3653824 
3.0 16.51242495 
3.0 16.6754833 
3.0 19.30102825 
3.0 18.8105036 
3.0 17.48340965 
3.0 20.2956292 
3.0 22.2001108 
3.0 21.8743266 
3.0 23.7197534 
3.0 21.7611891 
3.0 21.3368547 
4.0 9.76420935 
4.0 10.07943685 
4.0 9.710848 
4.0 10.3955096 
4.0 9.96388365 
4.0 9.4382323 
4.0 12.5850312 
4.0 13.29491205 
4.0 15.68392035 
4.0 14.4965646 
4.0 16.4680495 
4.0 16.5793726 
4.0 20.3527793 
4.0 19.1953909 
4.0 16.82797305 
4.0 15.85265815 
4.0 17.27238975 
4.0 16.41224165 
4.0 19.02930015 
4.0 20.1439924 
4.0 18.03571805 
4.0 19.06119775 
4.0 17.55958295 
4.0 17.5620018 
4.0 19.9271408 
4.0 19.94524 
4.0 21.8977801 
4.0 21.785015 
4.0 21.7166733 
4.0 22.83969275 
4.0 24.1391248 
4.0 23.05972935 
4.0 21.9432276 
4.0 21.6803762 
4.0 22.13711465 
4.0 20.5712269 
