# Position.Z vs. Particle Type (97 data points):
# "Particle Type" Position.Z
1.0 0.0 
1.0 0.0 
1.0 0.0 
1.0 0.0 
1.0 0.0 
1.0 0.0 
1.0 0.0 
1.0 0.0 
1.0 0.0 
1.0 2.2741768 
1.0 2.2741768 
1.0 2.2741768 
1.0 2.2741768 
1.0 2.2741768 
1.0 2.2741768 
1.0 2.2741768 
1.0 2.2741768 
1.0 2.2741768 
1.0 4.52583495 
1.0 4.68381165 
1.0 4.46917485 
1.0 5.0531845 
1.0 4.2723933 
1.0 4.27098385 
1.0 4.4634394 
1.0 4.76298585 
1.0 4.336794 
1.0 7.43989155 
1.0 6.8158923 
1.0 6.97047435 
1.0 7.69121325 
1.0 6.44167685 
1.0 6.6492643 
1.0 6.69872105 
1.0 6.5914443 
1.0 6.8095097 
2.0 8.37400025 
2.0 12.23721835 
2.0 8.25074005 
3.0 9.5152638 
3.0 9.4573577 
3.0 12.51814515 
3.0 12.0461383 
3.0 9.0542109 
3.0 11.5342024 
3.0 14.49588805 
3.0 18.51015705 
3.0 9.6767321 
3.0 17.9853205 
3.0 31.9466504 
3.0 16.66964075 
3.0 15.09730355 
3.0 11.96069105 
3.0 30.64004125 
3.0 32.0646795 
3.0 19.68094485 
3.0 31.95395175 
3.0 16.64702235 
3.0 31.4409844 
3.0 32.7170277 
3.0 32.556251 
4.0 8.9072802 
4.0 9.43917835 
4.0 10.93483825 
4.0 11.0258106 
4.0 13.54720395 
4.0 14.81389 
4.0 18.43642605 
4.0 17.85955815 
4.0 9.66816025 
4.0 10.5499394 
4.0 18.6604887 
4.0 17.2629912 
4.0 32.4771139 
4.0 31.9251107 
4.0 17.5676935 
4.0 16.31024745 
4.0 15.5538698 
4.0 14.6315715 
4.0 12.84279745 
4.0 12.0060556 
4.0 30.9232392 
4.0 30.14883515 
4.0 31.914379 
4.0 33.00071355 
4.0 20.56772235 
4.0 19.1294712 
4.0 32.80344235 
4.0 31.5185563 
4.0 17.16554 
4.0 15.89607285 
4.0 32.25052565 
4.0 30.86135465 
4.0 32.3744491 
4.0 32.9310534 
4.0 31.9132394 
4.0 32.62823725 
