# Position.Z vs. Particle Type (97 data points):
# "Particle Type" Position.Z
1.0 0.0 
1.0 0.0 
1.0 0.0 
1.0 0.0 
1.0 0.0 
1.0 0.0 
1.0 0.0 
1.0 0.0 
1.0 0.0 
1.0 2.2741768 
1.0 2.2741768 
1.0 2.2741768 
1.0 2.2741768 
1.0 2.2741768 
1.0 2.2741768 
1.0 2.2741768 
1.0 2.2741768 
1.0 2.2741768 
1.0 4.34226415 
1.0 4.32533115 
1.0 4.2768586 
1.0 4.6452665 
1.0 4.39650855 
1.0 4.51258255 
1.0 4.9378511 
1.0 5.50523085 
1.0 4.2571046 
1.0 8.1136454 
1.0 7.12134045 
1.0 6.70929 
1.0 8.1139044 
1.0 6.6569671 
1.0 6.44546315 
1.0 7.11651465 
1.0 6.99751465 
1.0 6.4841364 
2.0 8.79683525 
2.0 12.73551475 
2.0 8.11991705 
3.0 9.9946455 
3.0 9.06942015 
3.0 12.17965945 
3.0 13.35773075 
3.0 10.04482255 
3.0 11.9420567 
3.0 14.6857872 
3.0 19.66138475 
3.0 9.6091016 
3.0 21.63678545 
3.0 32.7279827 
3.0 18.66553255 
3.0 15.61697025 
3.0 13.73333535 
3.0 28.58067205 
3.0 26.6554617 
3.0 19.4975473 
3.0 31.7438492 
3.0 15.314404 
3.0 31.1619098 
3.0 30.3150806 
3.0 31.78919975 
4.0 10.6955695 
4.0 9.6191634 
4.0 11.8178018 
4.0 12.89691725 
4.0 14.5463458 
4.0 14.3194968 
4.0 18.7448471 
4.0 19.89866165 
4.0 9.4830799 
4.0 10.5562394 
4.0 22.3142815 
4.0 20.73969905 
4.0 32.3805853 
4.0 32.22300165 
4.0 19.34124045 
4.0 18.05725285 
4.0 16.31199815 
4.0 15.017716 
4.0 14.2009098 
4.0 12.8634149 
4.0 28.80442985 
4.0 29.36172505 
4.0 26.26319395 
4.0 26.0358616 
4.0 19.87596625 
4.0 20.09937055 
4.0 31.58158535 
4.0 32.69948325 
4.0 15.7657066 
4.0 15.05403725 
4.0 31.17118585 
4.0 31.7070271 
4.0 29.6047591 
4.0 30.3604812 
4.0 32.7136292 
4.0 31.81000515 
