# Position.Z vs. Particle Type (97 data points):
# "Particle Type" Position.Z
1.0 0.0 
1.0 0.0 
1.0 0.0 
1.0 0.0 
1.0 0.0 
1.0 0.0 
1.0 0.0 
1.0 0.0 
1.0 0.0 
1.0 2.2741768 
1.0 2.2741768 
1.0 2.2741768 
1.0 2.2741768 
1.0 2.2741768 
1.0 2.2741768 
1.0 2.2741768 
1.0 2.2741768 
1.0 2.2741768 
1.0 4.3502004 
1.0 4.23151365 
1.0 4.4543975 
1.0 4.90663845 
1.0 4.5618909 
1.0 4.17166925 
1.0 4.28018465 
1.0 4.54974205 
1.0 4.44027255 
1.0 6.4521205 
1.0 6.78270285 
1.0 6.33226125 
1.0 6.93519015 
1.0 6.44935725 
1.0 6.3483882 
1.0 7.17365145 
1.0 6.8578433 
1.0 7.62618815 
2.0 7.9032758 
2.0 18.52054995 
2.0 8.483321 
3.0 9.10624295 
3.0 9.6985455 
3.0 19.25561295 
3.0 17.83092535 
3.0 11.26397195 
3.0 28.42138005 
3.0 31.95375925 
3.0 31.90417825 
3.0 12.5117237 
3.0 9.8078813 
3.0 32.71714285 
3.0 13.8199887 
3.0 15.978921 
3.0 8.5068179 
3.0 24.65402275 
3.0 32.0264567 
3.0 29.1482058 
3.0 29.02497535 
3.0 13.92000715 
3.0 10.9188961 
3.0 20.06157755 
3.0 30.07095735 
4.0 10.595928 
4.0 10.73782255 
4.0 27.5857526 
4.0 29.0406508 
4.0 31.82786215 
4.0 31.25368155 
4.0 32.1391021 
4.0 32.5680922 
4.0 12.11001995 
4.0 12.0979012 
4.0 9.64337955 
4.0 10.42750485 
4.0 32.1783847 
4.0 32.2512246 
4.0 13.3377363 
4.0 14.7680946 
4.0 15.92130785 
4.0 15.77849105 
4.0 9.2861132 
4.0 8.8804303 
4.0 25.48632765 
4.0 24.87354835 
4.0 32.8054454 
4.0 31.3884333 
4.0 28.45918915 
4.0 28.7179039 
4.0 29.18757485 
4.0 29.71448865 
4.0 13.75880065 
4.0 13.5591834 
4.0 11.17514335 
4.0 10.9965758 
4.0 19.96147615 
4.0 20.5850617 
4.0 29.28427705 
4.0 30.49092445 
