# Position.Z vs. Particle Type (97 data points):
# "Particle Type" Position.Z
1.0 0.0 
1.0 0.0 
1.0 0.0 
1.0 0.0 
1.0 0.0 
1.0 0.0 
1.0 0.0 
1.0 0.0 
1.0 0.0 
1.0 2.2741768 
1.0 2.2741768 
1.0 2.2741768 
1.0 2.2741768 
1.0 2.2741768 
1.0 2.2741768 
1.0 2.2741768 
1.0 2.2741768 
1.0 2.2741768 
1.0 4.66414585 
1.0 4.7174519 
1.0 4.4801239 
1.0 4.3078063 
1.0 4.4078076 
1.0 4.25179125 
1.0 5.13110325 
1.0 4.6190711 
1.0 5.08100145 
1.0 8.19188685 
1.0 7.7895657 
1.0 7.35288015 
1.0 6.9312572 
1.0 6.66071175 
1.0 6.6220903 
1.0 7.1333437 
1.0 6.6125899 
1.0 6.73013635 
2.0 8.8274305 
2.0 13.73442805 
2.0 8.28385075 
3.0 9.9046381 
3.0 9.50631745 
3.0 14.63698215 
3.0 12.8466772 
3.0 11.4755851 
3.0 10.19996495 
3.0 10.16346135 
3.0 15.84352595 
3.0 14.09792125 
3.0 21.7111426 
3.0 31.9974284 
3.0 19.61451485 
3.0 19.19052065 
3.0 17.4284404 
3.0 30.2240736 
3.0 20.56802405 
3.0 17.74830995 
3.0 32.20225015 
3.0 13.4798937 
3.0 32.88159 
3.0 31.62027365 
3.0 29.0581144 
4.0 12.36696335 
4.0 11.14950375 
4.0 9.38466375 
4.0 10.54602535 
4.0 10.6766877 
4.0 10.37883105 
4.0 15.9234005 
4.0 15.4788291 
4.0 14.88251765 
4.0 13.53106475 
4.0 22.35847705 
4.0 20.9042435 
4.0 31.2764893 
4.0 32.75692805 
4.0 18.78475585 
4.0 20.10701875 
4.0 19.6319081 
4.0 18.32705805 
4.0 16.6392289 
4.0 18.15179415 
4.0 30.44498695 
4.0 29.80551245 
4.0 21.23177035 
4.0 20.0522413 
4.0 18.24940985 
4.0 17.88898055 
4.0 32.1801795 
4.0 31.41146505 
4.0 13.1842802 
4.0 13.4281448 
4.0 32.8669299 
4.0 32.52480175 
4.0 32.5784865 
4.0 31.4781362 
4.0 29.69434755 
4.0 28.20035295 
