# Position.Z vs. Particle Type (97 data points):
# "Particle Type" Position.Z
1.0 0.0 
1.0 0.0 
1.0 0.0 
1.0 0.0 
1.0 0.0 
1.0 0.0 
1.0 0.0 
1.0 0.0 
1.0 0.0 
1.0 2.2741768 
1.0 2.2741768 
1.0 2.2741768 
1.0 2.2741768 
1.0 2.2741768 
1.0 2.2741768 
1.0 2.2741768 
1.0 2.2741768 
1.0 2.2741768 
1.0 4.31874975 
1.0 4.50483495 
1.0 4.3405684 
1.0 4.82919115 
1.0 4.4715013 
1.0 4.3733039 
1.0 4.9210546 
1.0 4.4410212 
1.0 4.5399438 
1.0 6.89606785 
1.0 6.54832045 
1.0 7.3699787 
1.0 7.52807965 
1.0 6.5186261 
1.0 6.32527665 
1.0 6.91731985 
1.0 6.64453335 
1.0 7.5545085 
2.0 8.26450555 
2.0 11.5586674 
2.0 8.27778315 
3.0 9.5288298 
3.0 9.425738 
3.0 10.4600349 
3.0 12.55433095 
3.0 12.02674515 
3.0 9.436343 
3.0 13.12593975 
3.0 17.85678335 
3.0 11.52750655 
3.0 22.0962126 
3.0 29.4154259 
3.0 19.2112879 
3.0 16.13993255 
3.0 15.3695955 
3.0 31.8794455 
3.0 24.76010775 
3.0 18.37981565 
3.0 30.35385255 
3.0 14.39564035 
3.0 32.77099 
3.0 31.8931277 
3.0 30.03245455 
4.0 12.20054115 
4.0 11.1279931 
4.0 9.9999487 
4.0 9.52364595 
4.0 12.93412855 
4.0 14.12192705 
4.0 18.5630445 
4.0 17.816498 
4.0 11.38207385 
4.0 11.68695605 
4.0 22.68708085 
4.0 21.16246615 
4.0 28.43756545 
4.0 29.77950045 
4.0 18.24974515 
4.0 19.4147366 
4.0 15.7727514 
4.0 15.48828855 
4.0 15.50832815 
4.0 15.3433763 
4.0 31.93274735 
4.0 32.71931565 
4.0 23.90151295 
4.0 25.16304315 
4.0 17.7976778 
4.0 18.8351191 
4.0 30.92086235 
4.0 31.0482347 
4.0 13.9352108 
4.0 13.6468682 
4.0 32.2640521 
4.0 32.3465331 
4.0 31.6992851 
4.0 32.86991925 
4.0 30.00781595 
4.0 29.7515715 
