# Position.Z vs. Particle Type (97 data points):
# "Particle Type" Position.Z
1.0 0.0 
1.0 0.0 
1.0 0.0 
1.0 0.0 
1.0 0.0 
1.0 0.0 
1.0 0.0 
1.0 0.0 
1.0 0.0 
1.0 2.2741768 
1.0 2.2741768 
1.0 2.2741768 
1.0 2.2741768 
1.0 2.2741768 
1.0 2.2741768 
1.0 2.2741768 
1.0 2.2741768 
1.0 2.2741768 
1.0 4.5296776 
1.0 4.52307415 
1.0 4.52445 
1.0 4.52615485 
1.0 4.5275797 
1.0 4.53367145 
1.0 4.5311091 
1.0 4.5284827 
1.0 4.525213 
1.0 6.89739505 
1.0 6.8783225 
1.0 6.8542775 
1.0 6.87389955 
1.0 6.8256349 
1.0 6.81696645 
1.0 6.87925875 
1.0 6.84363435 
1.0 6.85825735 
2.0 8.11224645 
2.0 10.81230745 
2.0 8.06315615 
3.0 9.33349515 
3.0 9.29252555 
3.0 9.66085365 
3.0 11.96199515 
3.0 10.1456537 
3.0 9.5792193 
3.0 9.734438 
3.0 10.3521663 
3.0 10.47167975 
3.0 10.43364035 
3.0 15.014272 
3.0 13.75129455 
3.0 13.5730175 
3.0 13.8510344 
3.0 14.03289755 
3.0 13.6943289 
3.0 17.08418635 
3.0 17.92669725 
3.0 17.58765505 
3.0 17.5282226 
3.0 17.80826635 
3.0 17.60177125 
4.0 9.1994616 
4.0 10.083409 
4.0 9.88735825 
4.0 9.70233075 
4.0 10.0446794 
4.0 10.052434 
4.0 10.4454126 
4.0 9.4022278 
4.0 10.6801163 
4.0 10.9834564 
4.0 10.5164717 
4.0 9.54295265 
4.0 15.50480365 
4.0 14.5756268 
4.0 13.93019005 
4.0 13.9418594 
4.0 13.7693192 
4.0 12.62122785 
4.0 14.0704585 
4.0 14.2785447 
4.0 13.85443465 
4.0 13.50122795 
4.0 13.83595955 
4.0 12.73695675 
4.0 16.1077903 
4.0 17.42665155 
4.0 17.9184677 
4.0 17.8519103 
4.0 17.7933224 
4.0 17.8305071 
4.0 17.4044066 
4.0 16.6270181 
4.0 17.8792054 
4.0 18.05321105 
4.0 17.5093303 
4.0 16.69208555 
