# Position.Z vs. Particle Type (97 data points):
# "Particle Type" Position.Z
1.0 0.0 
1.0 0.0 
1.0 0.0 
1.0 0.0 
1.0 0.0 
1.0 0.0 
1.0 0.0 
1.0 0.0 
1.0 0.0 
1.0 2.2741768 
1.0 2.2741768 
1.0 2.2741768 
1.0 2.2741768 
1.0 2.2741768 
1.0 2.2741768 
1.0 2.2741768 
1.0 2.2741768 
1.0 2.2741768 
1.0 4.51543435 
1.0 5.21254545 
1.0 4.36656885 
1.0 4.4973096 
1.0 4.25648125 
1.0 4.2326998 
1.0 4.4584099 
1.0 4.6578119 
1.0 4.64995545 
1.0 7.06570305 
1.0 7.0234619 
1.0 6.7874849 
1.0 6.99285265 
1.0 7.8928059 
1.0 6.56852105 
1.0 6.7288914 
1.0 6.34943015 
1.0 6.8894455 
2.0 8.30243855 
2.0 16.12107245 
2.0 8.01787245 
3.0 9.4838926 
3.0 9.1955234 
3.0 14.95607995 
3.0 17.26710335 
3.0 11.89078485 
3.0 11.825471 
3.0 9.5987353 
3.0 26.47080555 
3.0 26.09058935 
3.0 29.67567575 
3.0 30.322537 
3.0 25.98843345 
3.0 31.1700424 
3.0 27.48718105 
3.0 32.3978746 
3.0 27.59817585 
3.0 29.34508465 
3.0 31.36260785 
3.0 29.291626 
3.0 32.43750335 
3.0 32.58883775 
3.0 31.8789793 
4.0 10.95462095 
4.0 12.35897145 
4.0 12.4128914 
4.0 12.15976615 
4.0 10.4237224 
4.0 9.2821596 
4.0 26.9656583 
4.0 26.2640679 
4.0 25.85165695 
4.0 26.65884585 
4.0 29.44945745 
4.0 29.0250037 
4.0 30.89021985 
4.0 29.82740565 
4.0 25.60423705 
4.0 26.5346165 
4.0 30.56556755 
4.0 31.5508886 
4.0 27.57710235 
4.0 26.9849636 
4.0 31.79250795 
4.0 33.2851666 
4.0 27.15175995 
4.0 28.53395895 
4.0 29.67023605 
4.0 30.089689 
4.0 32.3183385 
4.0 31.3812905 
4.0 29.58927265 
4.0 28.76549935 
4.0 31.61809035 
4.0 32.2177086 
4.0 33.021975 
4.0 32.40647375 
4.0 32.60291055 
4.0 32.05097455 
