# Position.Z vs. Particle Type (97 data points):
# "Particle Type" Position.Z
1.0 0.0 
1.0 0.0 
1.0 0.0 
1.0 0.0 
1.0 0.0 
1.0 0.0 
1.0 0.0 
1.0 0.0 
1.0 0.0 
1.0 2.2741768 
1.0 2.2741768 
1.0 2.2741768 
1.0 2.2741768 
1.0 2.2741768 
1.0 2.2741768 
1.0 2.2741768 
1.0 2.2741768 
1.0 2.2741768 
1.0 4.40556095 
1.0 4.5850336 
1.0 4.38431945 
1.0 5.2755549 
1.0 4.51116225 
1.0 4.3323182 
1.0 4.49883175 
1.0 4.36611595 
1.0 4.3709925 
1.0 6.9823887 
1.0 6.6762591 
1.0 6.51796985 
1.0 7.53939305 
1.0 6.73496985 
1.0 6.46652475 
1.0 7.068005 
1.0 7.133455 
1.0 7.48280295 
2.0 8.09065005 
2.0 26.2356801 
2.0 8.47649215 
3.0 9.28646705 
3.0 9.71974465 
3.0 26.4860071 
3.0 26.06253615 
3.0 19.31319495 
3.0 23.4878007 
3.0 32.66099445 
3.0 27.99902805 
3.0 12.8489879 
3.0 11.5182396 
3.0 31.7821063 
3.0 15.41105965 
3.0 20.45255765 
3.0 9.74266125 
3.0 29.76913415 
3.0 29.44516505 
3.0 30.05482515 
3.0 32.50393545 
3.0 12.2930801 
3.0 11.6626608 
3.0 25.69591045 
3.0 25.46363785 
4.0 19.24316695 
4.0 18.40416235 
4.0 22.7490816 
4.0 23.9687168 
4.0 33.20157645 
4.0 32.42504475 
4.0 28.1566635 
4.0 28.19176465 
4.0 13.2796699 
4.0 11.92761255 
4.0 12.015451 
4.0 12.10311445 
4.0 32.34475965 
4.0 32.39932815 
4.0 15.5398089 
4.0 15.6578989 
4.0 20.1395838 
4.0 21.4236512 
4.0 9.43583235 
4.0 10.10594095 
4.0 29.19510895 
4.0 30.21908225 
4.0 28.69406155 
4.0 29.1131855 
4.0 30.6397763 
4.0 29.5865885 
4.0 31.97355175 
4.0 32.7886559 
4.0 11.68661165 
4.0 12.914671 
4.0 11.40048875 
4.0 11.68407695 
4.0 25.0934488 
4.0 25.01117885 
4.0 26.163375 
4.0 24.632041 
