# Position.Z vs. Particle Type (97 data points):
# "Particle Type" Position.Z
1.0 0.0 
1.0 0.0 
1.0 0.0 
1.0 0.0 
1.0 0.0 
1.0 0.0 
1.0 0.0 
1.0 0.0 
1.0 0.0 
1.0 2.2741768 
1.0 2.2741768 
1.0 2.2741768 
1.0 2.2741768 
1.0 2.2741768 
1.0 2.2741768 
1.0 2.2741768 
1.0 2.2741768 
1.0 2.2741768 
1.0 4.2958328 
1.0 5.3445665 
1.0 4.5169026 
1.0 4.1717389 
1.0 4.4254742 
1.0 4.7018433 
1.0 4.55745955 
1.0 4.26061545 
1.0 4.7535019 
1.0 7.0853118 
1.0 7.4224661 
1.0 6.90910885 
1.0 7.93650585 
1.0 6.6986948 
1.0 6.53035285 
1.0 6.56228825 
1.0 6.5748508 
1.0 6.65904435 
2.0 8.62100995 
2.0 15.74290935 
2.0 7.8577898 
3.0 9.7357295 
3.0 9.082192 
3.0 15.61476595 
3.0 15.9976264 
3.0 9.3560565 
3.0 11.77993845 
3.0 13.02611905 
3.0 15.9620272 
3.0 10.06675005 
3.0 19.47471435 
3.0 28.1397627 
3.0 18.41557655 
3.0 14.54996655 
3.0 12.33042895 
3.0 29.34235955 
3.0 31.7907464 
3.0 17.8875578 
3.0 32.2927612 
3.0 17.9641189 
3.0 29.8189843 
3.0 30.7332207 
3.0 31.75239795 
4.0 9.4771453 
4.0 9.3682099 
4.0 11.684939 
4.0 11.142859 
4.0 12.92563055 
4.0 12.48427145 
4.0 16.4419724 
4.0 15.0527986 
4.0 10.44481095 
4.0 9.8965524 
4.0 18.81833695 
4.0 19.7866851 
4.0 28.0941948 
4.0 28.8622271 
4.0 19.3004112 
4.0 18.0539184 
4.0 14.70384545 
4.0 14.682759 
4.0 12.9652551 
4.0 12.39323995 
4.0 30.31867125 
4.0 29.02768645 
4.0 32.6658591 
4.0 31.5240884 
4.0 17.21473915 
4.0 18.02547215 
4.0 32.08725205 
4.0 31.91559875 
4.0 18.4024505 
4.0 17.1454339 
4.0 30.511124 
4.0 29.57070795 
4.0 30.0819162 
4.0 30.24748265 
4.0 31.15893655 
4.0 32.3421343 
