# Position.Z vs. Particle Type (97 data points):
# "Particle Type" Position.Z
1.0 0.0 
1.0 0.0 
1.0 0.0 
1.0 0.0 
1.0 0.0 
1.0 0.0 
1.0 0.0 
1.0 0.0 
1.0 0.0 
1.0 2.2741768 
1.0 2.2741768 
1.0 2.2741768 
1.0 2.2741768 
1.0 2.2741768 
1.0 2.2741768 
1.0 2.2741768 
1.0 2.2741768 
1.0 2.2741768 
1.0 4.23700585 
1.0 4.1869891 
1.0 4.48443765 
1.0 5.0925581 
1.0 4.5050292 
1.0 4.5444308 
1.0 4.3218105 
1.0 4.5089912 
1.0 4.2853216 
1.0 6.5681798 
1.0 6.72176155 
1.0 6.3823417 
1.0 7.56949165 
1.0 6.34614925 
1.0 6.5619498 
1.0 7.1352099 
1.0 6.62572155 
1.0 7.3086671 
2.0 7.76148065 
2.0 25.8624842 
2.0 8.60567225 
3.0 8.93537085 
3.0 9.698731 
3.0 26.6970613 
3.0 25.02633595 
3.0 18.51153815 
3.0 24.0417842 
3.0 32.14606325 
3.0 27.90832905 
3.0 14.03243205 
3.0 10.4763379 
3.0 32.19069945 
3.0 14.64821015 
3.0 20.7311468 
3.0 9.56327645 
3.0 29.35243535 
3.0 30.095737 
3.0 30.2157821 
3.0 31.7557814 
3.0 11.70908025 
3.0 10.86841595 
3.0 25.5768548 
3.0 25.2185899 
4.0 18.80422355 
4.0 19.1543954 
4.0 24.51127 
4.0 23.70260445 
4.0 32.69055755 
4.0 32.16036775 
4.0 28.07959315 
4.0 28.5154548 
4.0 13.4887431 
4.0 13.59646225 
4.0 10.942113 
4.0 11.1774166 
4.0 31.7012668 
4.0 32.81746755 
4.0 15.43188395 
4.0 14.676137 
4.0 20.1503463 
4.0 21.3753869 
4.0 9.5141753 
4.0 9.92511835 
4.0 30.0172712 
4.0 29.395142 
4.0 29.707503 
4.0 29.62210755 
4.0 29.56736545 
4.0 30.6785367 
4.0 31.22619185 
4.0 32.61641705 
4.0 11.1718026 
4.0 12.56585505 
4.0 10.96975215 
4.0 10.99356475 
4.0 25.08087225 
4.0 26.5481181 
4.0 26.1262491 
4.0 25.10089995 
