# Position.Z vs. Particle Type (97 data points):
# "Particle Type" Position.Z
1.0 0.0 
1.0 0.0 
1.0 0.0 
1.0 0.0 
1.0 0.0 
1.0 0.0 
1.0 0.0 
1.0 0.0 
1.0 0.0 
1.0 2.2741768 
1.0 2.2741768 
1.0 2.2741768 
1.0 2.2741768 
1.0 2.2741768 
1.0 2.2741768 
1.0 2.2741768 
1.0 2.2741768 
1.0 2.2741768 
1.0 4.3302329 
1.0 5.44201315 
1.0 4.1995527 
1.0 4.6015802 
1.0 4.4786665 
1.0 4.38731615 
1.0 4.82977845 
1.0 4.6006135 
1.0 4.4012822 
1.0 7.0547694 
1.0 7.14067655 
1.0 6.54384185 
1.0 7.7959721 
1.0 7.7859397 
1.0 6.4573691 
1.0 7.1677683 
1.0 6.4874957 
1.0 6.73454635 
2.0 8.459899 
2.0 25.5775408 
2.0 8.1088938 
3.0 9.60403885 
3.0 9.2306284 
3.0 25.1953401 
3.0 25.8813149 
3.0 14.99261995 
3.0 9.9078308 
3.0 14.35040985 
3.0 23.04090565 
3.0 11.21230915 
3.0 12.48541455 
3.0 25.518528 
3.0 18.6253291 
3.0 11.1715254 
3.0 15.5286425 
3.0 28.68747035 
3.0 31.62587295 
3.0 19.5525176 
3.0 32.31159225 
3.0 17.6233603 
3.0 20.15051185 
3.0 32.1729779 
3.0 31.41249825 
4.0 15.17025965 
4.0 15.26148785 
4.0 10.35796825 
4.0 10.54686535 
4.0 13.42621105 
4.0 14.30905455 
4.0 22.22175445 
4.0 23.7795488 
4.0 10.4288289 
4.0 11.43603895 
4.0 13.3456316 
4.0 12.51474105 
4.0 26.09833275 
4.0 24.80743685 
4.0 18.12324605 
4.0 18.07957165 
4.0 10.83866245 
4.0 10.7249716 
4.0 15.81669845 
4.0 16.0953401 
4.0 29.38748995 
4.0 29.11089335 
4.0 32.43992815 
4.0 30.9340199 
4.0 19.4636456 
4.0 19.88204925 
4.0 33.0908053 
4.0 31.8242372 
4.0 18.3833335 
4.0 16.88279285 
4.0 21.10616445 
4.0 19.7710842 
4.0 31.7287705 
4.0 32.67241845 
4.0 30.8876407 
4.0 32.31993345 
