# Position.Z vs. Particle Type (97 data points):
# "Particle Type" Position.Z
1.0 0.0 
1.0 0.0 
1.0 0.0 
1.0 0.0 
1.0 0.0 
1.0 0.0 
1.0 0.0 
1.0 0.0 
1.0 0.0 
1.0 2.2741768 
1.0 2.2741768 
1.0 2.2741768 
1.0 2.2741768 
1.0 2.2741768 
1.0 2.2741768 
1.0 2.2741768 
1.0 2.2741768 
1.0 2.2741768 
1.0 4.2203238 
1.0 5.1132606 
1.0 4.35779715 
1.0 4.53005105 
1.0 4.40529355 
1.0 4.55025795 
1.0 4.31096505 
1.0 4.62019005 
1.0 4.2571046 
1.0 7.0787003 
1.0 7.37702175 
1.0 6.7411253 
1.0 7.08650775 
1.0 7.0255801 
1.0 6.38955485 
1.0 6.331626 
1.0 6.3805322 
1.0 7.18239025 
2.0 8.37403 
2.0 21.81205285 
2.0 7.94449425 
3.0 9.51845895 
3.0 9.0170773 
3.0 21.5160974 
3.0 21.94033835 
3.0 12.15372865 
3.0 9.06032575 
3.0 12.0111327 
3.0 16.7486046 
3.0 10.69681025 
3.0 13.7128838 
3.0 29.6992871 
3.0 17.47557315 
3.0 11.10679115 
3.0 13.0954642 
3.0 27.5112425 
3.0 31.84103265 
3.0 16.03151305 
3.0 32.21796305 
3.0 14.47277895 
3.0 15.98591715 
3.0 32.2731766 
3.0 32.16914785 
4.0 11.82152825 
4.0 13.02157535 
4.0 8.98814875 
4.0 9.6080222 
4.0 12.4702585 
4.0 11.12132525 
4.0 17.15009415 
4.0 16.42608275 
4.0 11.3457183 
4.0 11.1581652 
4.0 13.57737815 
4.0 13.06473385 
4.0 30.1565026 
4.0 29.1859001 
4.0 17.8590776 
4.0 17.4028036 
4.0 10.84251035 
4.0 10.5085253 
4.0 13.5468466 
4.0 12.81590065 
4.0 28.1546832 
4.0 27.9824174 
4.0 31.63536075 
4.0 32.80216205 
4.0 15.6599387 
4.0 16.01858055 
4.0 33.1208451 
4.0 31.7240756 
4.0 15.32994855 
4.0 14.2647932 
4.0 16.668932 
4.0 15.1788007 
4.0 32.2678503 
4.0 31.77919815 
4.0 32.6392248 
4.0 32.71256765 
