# Position.Z vs. Particle Type (97 data points):
# "Particle Type" Position.Z
1.0 0.0 
1.0 0.0 
1.0 0.0 
1.0 0.0 
1.0 0.0 
1.0 0.0 
1.0 0.0 
1.0 0.0 
1.0 0.0 
1.0 2.2741768 
1.0 2.2741768 
1.0 2.2741768 
1.0 2.2741768 
1.0 2.2741768 
1.0 2.2741768 
1.0 2.2741768 
1.0 2.2741768 
1.0 2.2741768 
1.0 5.368587 
1.0 4.57224635 
1.0 4.1790469 
1.0 4.56008455 
1.0 4.6554627 
1.0 4.37448655 
1.0 4.22341325 
1.0 4.3529941 
1.0 5.17912255 
1.0 7.31073315 
1.0 7.5636057 
1.0 6.8978049 
1.0 7.1101513 
1.0 6.47670695 
1.0 7.70361935 
1.0 6.5984457 
1.0 6.5985696 
1.0 6.9175267 
2.0 8.59399905 
2.0 24.2980766 
2.0 8.2116748 
3.0 9.8068236 
3.0 9.40233525 
3.0 23.99521355 
3.0 24.6381065 
3.0 15.10139505 
3.0 28.05583235 
3.0 28.1693111 
3.0 25.14721545 
3.0 9.4383954 
3.0 19.41380595 
3.0 31.8852835 
3.0 17.8626546 
3.0 24.15523705 
3.0 17.82426345 
3.0 26.6552706 
3.0 30.52343805 
3.0 30.931495 
3.0 32.02888885 
3.0 17.80930585 
3.0 9.8764022 
3.0 28.5455352 
3.0 32.69009905 
4.0 14.81267025 
4.0 14.3013479 
4.0 27.4355193 
4.0 28.92090985 
4.0 28.2090928 
4.0 27.3694624 
4.0 24.52152185 
4.0 25.22496445 
4.0 9.6137356 
4.0 9.2488235 
4.0 18.8369426 
4.0 19.11606935 
4.0 31.15621075 
4.0 32.1593692 
4.0 18.1387731 
4.0 18.38339265 
4.0 23.8460712 
4.0 23.9662794 
4.0 17.22315105 
4.0 17.8520426 
4.0 26.38249285 
4.0 26.7031835 
4.0 29.84882145 
4.0 30.65763925 
4.0 31.32923045 
4.0 30.0387808 
4.0 31.54966745 
4.0 32.8894391 
4.0 18.14210825 
4.0 17.08511945 
4.0 9.83586555 
4.0 9.5675069 
4.0 28.8164821 
4.0 28.5691854 
4.0 32.4996385 
4.0 32.28139425 
