# Position.Z vs. Particle Type (97 data points):
# "Particle Type" Position.Z
1.0 0.0 
1.0 0.0 
1.0 0.0 
1.0 0.0 
1.0 0.0 
1.0 0.0 
1.0 0.0 
1.0 0.0 
1.0 0.0 
1.0 2.2741768 
1.0 2.2741768 
1.0 2.2741768 
1.0 2.2741768 
1.0 2.2741768 
1.0 2.2741768 
1.0 2.2741768 
1.0 2.2741768 
1.0 2.2741768 
1.0 4.24592595 
1.0 4.2858375 
1.0 4.3679713 
1.0 5.05965635 
1.0 4.35748775 
1.0 4.46995115 
1.0 4.3953889 
1.0 4.65196235 
1.0 4.45411295 
1.0 7.0386309 
1.0 6.7248986 
1.0 6.60059085 
1.0 7.3674867 
1.0 6.1878222 
1.0 6.64455435 
1.0 7.2722321 
1.0 6.5680006 
1.0 7.3122966 
2.0 7.9648401 
2.0 20.5197111 
2.0 8.3616547 
3.0 9.08837335 
3.0 9.58526135 
3.0 19.52432895 
3.0 21.54701185 
3.0 17.14878515 
3.0 21.0106729 
3.0 31.93841 
3.0 27.65261555 
3.0 14.2993781 
3.0 10.68554165 
3.0 29.8151224 
3.0 17.9717909 
3.0 27.28296235 
3.0 13.47403435 
3.0 32.3628858 
3.0 31.7355521 
3.0 32.551995 
3.0 25.15697345 
3.0 12.64550525 
3.0 9.81490615 
3.0 24.2628988 
3.0 14.56245 
4.0 16.24509565 
4.0 17.50090475 
4.0 21.14984865 
4.0 21.3885203 
4.0 32.8877493 
4.0 32.0480076 
4.0 28.2055347 
4.0 27.193943 
4.0 13.78797385 
4.0 14.73326365 
4.0 10.5600348 
4.0 10.40643485 
4.0 29.18989535 
4.0 29.66512115 
4.0 18.70187375 
4.0 17.947132 
4.0 26.83029545 
4.0 28.23971745 
4.0 13.8025951 
4.0 13.2817888 
4.0 32.2926877 
4.0 32.10630605 
4.0 31.54791815 
4.0 32.6871846 
4.0 32.08495955 
4.0 31.9158637 
4.0 25.86405395 
4.0 24.5481194 
4.0 13.10179675 
4.0 11.7417972 
4.0 10.2500405 
4.0 10.0101491 
4.0 24.16399755 
4.0 23.6515909 
4.0 15.36087525 
4.0 14.12947935 
