# Position.Z vs. Particle Type (97 data points):
# "Particle Type" Position.Z
1.0 0.0 
1.0 0.0 
1.0 0.0 
1.0 0.0 
1.0 0.0 
1.0 0.0 
1.0 0.0 
1.0 0.0 
1.0 0.0 
1.0 2.2741768 
1.0 2.2741768 
1.0 2.2741768 
1.0 2.2741768 
1.0 2.2741768 
1.0 2.2741768 
1.0 2.2741768 
1.0 2.2741768 
1.0 2.2741768 
1.0 4.6614638 
1.0 5.43956 
1.0 4.35292025 
1.0 4.32002095 
1.0 4.5428313 
1.0 4.33790175 
1.0 4.61857375 
1.0 4.4561545 
1.0 4.660936 
1.0 7.0529669 
1.0 7.47267185 
1.0 6.94899765 
1.0 7.70393995 
1.0 7.81509155 
1.0 6.1919333 
1.0 6.8288766 
1.0 6.47076815 
1.0 6.6087329 
2.0 8.60170675 
2.0 17.73726815 
2.0 7.9959915 
3.0 9.7226808 
3.0 9.2112734 
3.0 18.04252415 
3.0 17.23031555 
3.0 9.56333805 
3.0 9.7603275 
3.0 13.85943335 
3.0 13.86887145 
3.0 12.4601036 
3.0 14.3479098 
3.0 29.807645 
3.0 16.0149703 
3.0 12.2060631 
3.0 12.0164359 
3.0 31.8241462 
3.0 30.7572671 
3.0 17.13087355 
3.0 31.95885525 
3.0 16.3077754 
3.0 19.09920355 
3.0 32.38610025 
3.0 32.32174295 
4.0 10.1614359 
4.0 8.70786 
4.0 10.1756256 
4.0 10.5513758 
4.0 13.414478 
4.0 14.7013181 
4.0 14.45646895 
4.0 14.47212445 
4.0 12.9490053 
4.0 12.2940986 
4.0 14.12340895 
4.0 13.62227545 
4.0 30.3097487 
4.0 30.1016205 
4.0 16.44037815 
4.0 16.6802664 
4.0 11.2340151 
4.0 12.42964695 
4.0 11.31715795 
4.0 11.74333755 
4.0 32.6627112 
4.0 32.1291803 
4.0 30.2265215 
4.0 31.2896927 
4.0 17.09129065 
4.0 18.04239465 
4.0 31.5545748 
4.0 32.8882568 
4.0 16.43665415 
4.0 15.7260761 
4.0 18.29154495 
4.0 19.58647565 
4.0 31.90754035 
4.0 33.1290673 
4.0 31.5235389 
4.0 32.53815915 
