# Position.Z vs. Particle Type (97 data points):
# "Particle Type" Position.Z
1.0 0.0 
1.0 0.0 
1.0 0.0 
1.0 0.0 
1.0 0.0 
1.0 0.0 
1.0 0.0 
1.0 0.0 
1.0 0.0 
1.0 2.2741768 
1.0 2.2741768 
1.0 2.2741768 
1.0 2.2741768 
1.0 2.2741768 
1.0 2.2741768 
1.0 2.2741768 
1.0 2.2741768 
1.0 2.2741768 
1.0 4.24192335 
1.0 4.76071575 
1.0 4.22672005 
1.0 5.0053262 
1.0 4.38481085 
1.0 4.4011716 
1.0 4.50613835 
1.0 4.8568373 
1.0 4.3524908 
1.0 7.08688925 
1.0 6.74981965 
1.0 6.7538275 
1.0 7.446012 
1.0 6.63772585 
1.0 6.41901855 
1.0 6.64480005 
1.0 6.71083035 
1.0 7.01463175 
2.0 8.357349 
2.0 13.34012295 
2.0 7.93049215 
3.0 9.39988385 
3.0 9.13229485 
3.0 12.6657671 
3.0 13.9522068 
3.0 9.06964765 
3.0 12.3661608 
3.0 14.79952495 
3.0 16.38589085 
3.0 9.46047095 
3.0 17.035963 
3.0 29.7875949 
3.0 17.28133225 
3.0 13.97655805 
3.0 11.3521702 
3.0 29.9617402 
3.0 31.40386305 
3.0 19.4850754 
3.0 32.0052054 
3.0 15.6454298 
3.0 31.7277317 
3.0 32.38090695 
3.0 31.7328326 
4.0 8.7138499 
4.0 9.5726519 
4.0 12.1185729 
4.0 11.5216031 
4.0 14.0006419 
4.0 14.57581755 
4.0 16.9899331 
4.0 15.9597263 
4.0 9.94402465 
4.0 9.4886995 
4.0 17.9560136 
4.0 16.59841855 
4.0 30.2801954 
4.0 29.91118235 
4.0 18.2546168 
4.0 16.96097445 
4.0 14.4424357 
4.0 14.3188997 
4.0 11.87942945 
4.0 11.9304318 
4.0 29.2908469 
4.0 30.28560465 
4.0 30.606086 
4.0 31.34725615 
4.0 18.77864625 
4.0 19.0097964 
4.0 32.8311284 
4.0 31.5659407 
4.0 16.0718705 
4.0 15.24045565 
4.0 32.38393725 
4.0 32.23772125 
4.0 31.87366315 
4.0 31.9831106 
4.0 31.87198315 
4.0 31.65868895 
