# Position.Z vs. Particle Type (97 data points):
# "Particle Type" Position.Z
1.0 0.0 
1.0 0.0 
1.0 0.0 
1.0 0.0 
1.0 0.0 
1.0 0.0 
1.0 0.0 
1.0 0.0 
1.0 0.0 
1.0 2.2741768 
1.0 2.2741768 
1.0 2.2741768 
1.0 2.2741768 
1.0 2.2741768 
1.0 2.2741768 
1.0 2.2741768 
1.0 2.2741768 
1.0 2.2741768 
1.0 4.96057555 
1.0 5.3917031 
1.0 4.30882935 
1.0 4.2992775 
1.0 4.1651218 
1.0 4.49385825 
1.0 4.4961007 
1.0 4.4593311 
1.0 4.5183509 
1.0 7.04769485 
1.0 7.62281975 
1.0 6.74779385 
1.0 7.0925596 
1.0 8.09652725 
1.0 6.50480985 
1.0 6.6674503 
1.0 6.200544 
1.0 6.741693 
2.0 8.39877255 
2.0 15.92451385 
2.0 7.8112475 
3.0 9.566557 
3.0 9.01765655 
3.0 14.83999895 
3.0 17.0028446 
3.0 12.49930395 
3.0 11.03157475 
3.0 9.7742855 
3.0 24.55655895 
3.0 26.68240015 
3.0 29.1269321 
3.0 29.8481946 
3.0 26.2150966 
3.0 30.47238495 
3.0 27.2121913 
3.0 31.72650565 
3.0 27.323079 
3.0 29.4709954 
3.0 31.74742795 
3.0 28.4795021 
3.0 32.51597195 
3.0 32.3464883 
3.0 32.3478694 
4.0 11.66577685 
4.0 12.05825425 
4.0 11.8912773 
4.0 11.022613 
4.0 10.5445536 
4.0 9.5994829 
4.0 24.2449375 
4.0 25.4191238 
4.0 26.85496695 
4.0 27.5954784 
4.0 29.5877302 
4.0 28.2033283 
4.0 29.7694047 
4.0 29.85252165 
4.0 25.9589225 
4.0 25.9255696 
4.0 29.54453635 
4.0 30.80959385 
4.0 26.86925955 
4.0 27.13761925 
4.0 31.1122637 
4.0 32.4741823 
4.0 27.3761852 
4.0 27.9437788 
4.0 28.71561035 
4.0 30.2546776 
4.0 32.72517465 
4.0 31.68900945 
4.0 29.1615933 
4.0 28.5231324 
4.0 31.81671045 
4.0 32.1884367 
4.0 32.8152923 
4.0 32.3706586 
4.0 32.79288775 
4.0 32.6229029 
