# Position.Z vs. Particle Type (97 data points):
# "Particle Type" Position.Z
1.0 0.0 
1.0 0.0 
1.0 0.0 
1.0 0.0 
1.0 0.0 
1.0 0.0 
1.0 0.0 
1.0 0.0 
1.0 0.0 
1.0 2.2741768 
1.0 2.2741768 
1.0 2.2741768 
1.0 2.2741768 
1.0 2.2741768 
1.0 2.2741768 
1.0 2.2741768 
1.0 2.2741768 
1.0 2.2741768 
1.0 4.3270367 
1.0 4.38911305 
1.0 4.3672104 
1.0 4.20102655 
1.0 4.40818455 
1.0 4.3360863 
1.0 4.4476817 
1.0 4.3792147 
1.0 5.1783046 
1.0 7.0194026 
1.0 7.19622295 
1.0 7.42255185 
1.0 6.89407355 
1.0 6.6051328 
1.0 6.48788875 
1.0 6.32403205 
1.0 6.42463325 
1.0 7.1780996 
2.0 8.04993735 
2.0 24.3933795 
2.0 8.35570295 
3.0 9.2434167 
3.0 9.5318041 
3.0 24.143896 
3.0 24.8410302 
3.0 21.1751253 
3.0 15.9198816 
3.0 17.96897655 
3.0 19.9053036 
3.0 9.30274415 
3.0 19.0818208 
3.0 31.28112925 
3.0 19.49045385 
3.0 17.9961992 
3.0 10.8309138 
3.0 31.9655035 
3.0 24.06845595 
3.0 21.35726075 
3.0 28.78881635 
3.0 21.19027365 
3.0 9.5842642 
3.0 31.8247146 
3.0 32.5910172 
4.0 21.10690155 
4.0 21.2933665 
4.0 14.98811965 
4.0 15.7650171 
4.0 18.85876125 
4.0 17.6851584 
4.0 20.2632122 
4.0 19.06945565 
4.0 9.7601987 
4.0 9.05612715 
4.0 19.3711686 
4.0 19.08057935 
4.0 32.00713845 
4.0 31.31363235 
4.0 18.6193777 
4.0 20.08842535 
4.0 17.97884235 
4.0 18.84358945 
4.0 10.7330517 
4.0 10.88868725 
4.0 31.84954745 
4.0 32.79822945 
4.0 23.38262395 
4.0 24.82089995 
4.0 21.84883225 
4.0 21.2178778 
4.0 29.3591445 
4.0 27.9176051 
4.0 20.4133125 
4.0 21.8925329 
4.0 9.95936305 
4.0 8.6859486 
4.0 30.8625667 
4.0 32.1482903 
4.0 32.27774725 
4.0 32.04980555 
