# Position.Z vs. Particle Type (97 data points):
# "Particle Type" Position.Z
1.0 0.0 
1.0 0.0 
1.0 0.0 
1.0 0.0 
1.0 0.0 
1.0 0.0 
1.0 0.0 
1.0 0.0 
1.0 0.0 
1.0 2.2741768 
1.0 2.2741768 
1.0 2.2741768 
1.0 2.2741768 
1.0 2.2741768 
1.0 2.2741768 
1.0 2.2741768 
1.0 2.2741768 
1.0 2.2741768 
1.0 4.19803895 
1.0 5.0377985 
1.0 4.45078585 
1.0 4.4270506 
1.0 4.18695305 
1.0 4.455024 
1.0 5.2381952 
1.0 4.3615978 
1.0 4.18612075 
1.0 7.76851705 
1.0 6.90914175 
1.0 6.4293936 
1.0 6.7993891 
1.0 7.57895355 
1.0 6.55374685 
1.0 6.9009584 
1.0 6.42293645 
1.0 6.90086915 
2.0 8.1800292 
2.0 18.49780835 
2.0 8.05135555 
3.0 9.36356645 
3.0 9.1979006 
3.0 17.3385058 
3.0 19.6334684 
3.0 10.3942041 
3.0 9.40002245 
3.0 13.18285325 
3.0 13.61737125 
3.0 11.53739895 
3.0 13.7109546 
3.0 30.1862176 
3.0 15.98928135 
3.0 12.32533015 
3.0 11.72201695 
3.0 32.0498031 
3.0 32.37231865 
3.0 16.7112988 
3.0 32.2444136 
3.0 15.7520132 
3.0 18.6196472 
3.0 31.72503005 
3.0 30.84549545 
4.0 9.4839801 
4.0 10.8836014 
4.0 10.06269005 
4.0 10.10767905 
4.0 12.5096475 
4.0 12.85642925 
4.0 14.567693 
4.0 13.44446355 
4.0 12.40787835 
4.0 11.5840711 
4.0 14.3647434 
4.0 12.97782115 
4.0 29.88217295 
4.0 29.6210082 
4.0 16.1569478 
4.0 16.4445176 
4.0 11.7264238 
4.0 13.15949285 
4.0 12.02577565 
4.0 11.6470165 
4.0 32.90217945 
4.0 32.24947145 
4.0 32.26237525 
4.0 32.5621401 
4.0 16.72962445 
4.0 16.99374355 
4.0 32.8501145 
4.0 31.82056885 
4.0 15.5093869 
4.0 14.9386104 
4.0 19.1426844 
4.0 17.731098 
4.0 32.58687845 
4.0 31.2355967 
4.0 30.8220738 
4.0 30.90804395 
