# Position.Z vs. Particle Type (97 data points):
# "Particle Type" Position.Z
1.0 0.0 
1.0 0.0 
1.0 0.0 
1.0 0.0 
1.0 0.0 
1.0 0.0 
1.0 0.0 
1.0 0.0 
1.0 0.0 
1.0 2.2741768 
1.0 2.2741768 
1.0 2.2741768 
1.0 2.2741768 
1.0 2.2741768 
1.0 2.2741768 
1.0 2.2741768 
1.0 2.2741768 
1.0 2.2741768 
1.0 5.02706575 
1.0 4.35835925 
1.0 4.6774343 
1.0 5.1225699 
1.0 4.2477498 
1.0 4.47018005 
1.0 4.30823155 
1.0 4.3780408 
1.0 4.25023515 
1.0 6.8569781 
1.0 6.9579958 
1.0 6.5813909 
1.0 7.3704505 
1.0 6.324892 
1.0 7.3686109 
1.0 7.6072234 
1.0 6.7622051 
1.0 7.00510405 
2.0 7.96770625 
2.0 19.39682465 
2.0 8.46086605 
3.0 9.11872465 
3.0 9.6709431 
3.0 18.4492182 
3.0 20.37388745 
3.0 13.3256921 
3.0 25.5076262 
3.0 28.1966888 
3.0 32.09081785 
3.0 9.533489 
3.0 14.16642745 
3.0 30.36550965 
3.0 12.7786309 
3.0 23.09690845 
3.0 10.1047016 
3.0 30.44147015 
3.0 32.6912229 
3.0 32.12482035 
3.0 31.967355 
3.0 11.7460357 
3.0 16.96428615 
3.0 23.5003671 
3.0 31.82874205 
4.0 13.8271686 
4.0 12.90509115 
4.0 25.57126495 
4.0 26.2130519 
4.0 28.4843699 
4.0 27.2155506 
4.0 31.87454515 
4.0 33.05931895 
4.0 9.87184065 
4.0 9.9171191 
4.0 14.2021894 
4.0 13.4683255 
4.0 30.0421331 
4.0 30.66254765 
4.0 13.101893 
4.0 11.8614923 
4.0 22.76326185 
4.0 22.74802635 
4.0 10.26086495 
4.0 9.12522975 
4.0 31.21024655 
4.0 29.77690555 
4.0 32.4578793 
4.0 32.767217 
4.0 32.71062935 
4.0 32.23628695 
4.0 31.4665155 
4.0 31.57379435 
4.0 12.44283075 
4.0 12.0882909 
4.0 16.0430809 
4.0 17.68996215 
4.0 23.69276805 
4.0 22.5554021 
4.0 32.27944615 
4.0 31.2049528 
