# Position.Z vs. Particle Type (97 data points):
# "Particle Type" Position.Z
1.0 0.0 
1.0 0.0 
1.0 0.0 
1.0 0.0 
1.0 0.0 
1.0 0.0 
1.0 0.0 
1.0 0.0 
1.0 0.0 
1.0 2.2741768 
1.0 2.2741768 
1.0 2.2741768 
1.0 2.2741768 
1.0 2.2741768 
1.0 2.2741768 
1.0 2.2741768 
1.0 2.2741768 
1.0 2.2741768 
1.0 4.40244805 
1.0 4.6948524 
1.0 4.4331742 
1.0 4.80351655 
1.0 4.2308245 
1.0 4.49697745 
1.0 4.37773945 
1.0 4.450355 
1.0 4.4134181 
1.0 7.19837195 
1.0 6.4705179 
1.0 6.9454623 
1.0 7.55032985 
1.0 6.56854905 
1.0 6.4832418 
1.0 7.04230765 
1.0 7.07416675 
1.0 7.07033285 
2.0 8.2613699 
2.0 12.1678739 
2.0 8.3031277 
3.0 9.4138716 
3.0 9.4401237 
3.0 12.4519213 
3.0 12.0873928 
3.0 9.84438175 
3.0 11.88808425 
3.0 14.5258477 
3.0 17.31054255 
3.0 9.6712154 
3.0 17.3746776 
3.0 31.14674255 
3.0 17.0677612 
3.0 15.00947665 
3.0 12.21136945 
3.0 30.5489555 
3.0 31.3429382 
3.0 19.5181931 
3.0 32.2925575 
3.0 16.2254162 
3.0 32.23091305 
3.0 32.6797184 
3.0 31.91201055 
4.0 9.85789385 
4.0 10.7378859 
4.0 11.27228305 
4.0 11.33493585 
4.0 13.67383605 
4.0 14.20309695 
4.0 17.61328065 
4.0 16.4258493 
4.0 10.25879155 
4.0 9.468711 
4.0 18.1683005 
4.0 16.98953375 
4.0 31.39080875 
4.0 30.98574465 
4.0 16.21643205 
4.0 17.23517145 
4.0 15.44116945 
4.0 15.6201836 
4.0 13.0823105 
4.0 12.31591795 
4.0 31.20965365 
4.0 30.4023692 
4.0 30.77257575 
4.0 32.1479718 
4.0 18.89374165 
4.0 19.08918725 
4.0 33.0406111 
4.0 31.5300265 
4.0 16.7453965 
4.0 15.63219525 
4.0 33.1429119 
4.0 32.06012355 
4.0 32.73572365 
4.0 32.0497387 
4.0 31.67718575 
4.0 32.26328525 
