# Position.Z vs. Particle Type (97 data points):
# "Particle Type" Position.Z
1.0 0.0 
1.0 0.0 
1.0 0.0 
1.0 0.0 
1.0 0.0 
1.0 0.0 
1.0 0.0 
1.0 0.0 
1.0 0.0 
1.0 2.2741768 
1.0 2.2741768 
1.0 2.2741768 
1.0 2.2741768 
1.0 2.2741768 
1.0 2.2741768 
1.0 2.2741768 
1.0 2.2741768 
1.0 2.2741768 
1.0 4.52655525 
1.0 5.0863981 
1.0 4.22730805 
1.0 4.6132128 
1.0 4.34748615 
1.0 4.3130927 
1.0 4.72436965 
1.0 4.20973035 
1.0 4.687634 
1.0 7.2414818 
1.0 7.766857 
1.0 6.8725321 
1.0 6.9850592 
1.0 6.92438985 
1.0 6.32530745 
1.0 6.9532519 
1.0 6.30782985 
1.0 6.77052915 
2.0 8.32867455 
2.0 22.27376865 
2.0 8.09291595 
3.0 9.56890795 
3.0 9.32733165 
3.0 21.44745155 
3.0 22.99981005 
3.0 13.10686475 
3.0 9.14737705 
3.0 11.8936678 
3.0 18.4757818 
3.0 11.1634187 
3.0 13.47757985 
3.0 28.81974095 
3.0 17.31620345 
3.0 10.8078915 
3.0 13.23251965 
3.0 27.25707635 
3.0 32.3868916 
3.0 16.82017085 
3.0 31.9349149 
3.0 15.2513571 
3.0 16.61322145 
3.0 31.455781 
3.0 31.82750935 
4.0 12.22053875 
4.0 13.2022002 
4.0 9.3571513 
4.0 9.77079215 
4.0 11.2222537 
4.0 11.8821304 
4.0 18.1059907 
4.0 18.19212325 
4.0 11.91155525 
4.0 10.8374567 
4.0 12.6464156 
4.0 13.3533981 
4.0 28.5292049 
4.0 29.2090645 
4.0 18.28930985 
4.0 17.21036695 
4.0 10.9611166 
4.0 10.62939185 
4.0 13.92316275 
4.0 13.35014695 
4.0 26.3434822 
4.0 27.7689888 
4.0 31.85294245 
4.0 32.54531175 
4.0 16.60136555 
4.0 17.2516652 
4.0 32.8116894 
4.0 31.3069603 
4.0 15.2725552 
4.0 14.78904665 
4.0 16.6670189 
4.0 15.86199475 
4.0 31.64353535 
4.0 32.2807765 
4.0 32.4366875 
4.0 31.2984784 
