# Position.Z vs. Particle Type (97 data points):
# "Particle Type" Position.Z
1.0 0.0 
1.0 0.0 
1.0 0.0 
1.0 0.0 
1.0 0.0 
1.0 0.0 
1.0 0.0 
1.0 0.0 
1.0 0.0 
1.0 2.2741768 
1.0 2.2741768 
1.0 2.2741768 
1.0 2.2741768 
1.0 2.2741768 
1.0 2.2741768 
1.0 2.2741768 
1.0 2.2741768 
1.0 2.2741768 
1.0 4.59296495 
1.0 5.85386795 
1.0 4.5582544 
1.0 4.48985635 
1.0 4.36625175 
1.0 4.4443511 
1.0 4.635169 
1.0 4.52873855 
1.0 4.80584335 
1.0 7.19558525 
1.0 7.22208025 
1.0 7.02728425 
1.0 7.77087535 
1.0 8.2051543 
1.0 6.3507731 
1.0 7.0946218 
1.0 6.5763117 
1.0 6.735022 
2.0 8.67679015 
2.0 15.10472845 
2.0 8.2410188 
3.0 9.7915426 
3.0 9.3851667 
3.0 15.22641085 
3.0 15.0873023 
3.0 9.6241474 
3.0 10.1789814 
3.0 13.0780209 
3.0 15.518685 
3.0 11.01624475 
3.0 20.53940525 
3.0 31.9078256 
3.0 16.79450605 
3.0 14.50778385 
3.0 11.37432835 
3.0 29.9795272 
3.0 31.9522455 
3.0 18.2163492 
3.0 32.23542315 
3.0 20.41007255 
3.0 27.7013527 
3.0 32.6753756 
3.0 30.97661245 
4.0 9.9643446 
4.0 9.1589981 
4.0 10.74184265 
4.0 10.6194102 
4.0 13.0322052 
4.0 12.19730155 
4.0 15.1720163 
4.0 14.8828939 
4.0 11.048002 
4.0 10.20990425 
4.0 19.67830445 
4.0 21.247107 
4.0 31.39604825 
4.0 31.5952049 
4.0 16.4764264 
4.0 16.59978215 
4.0 15.33378455 
4.0 14.854357 
4.0 12.09917975 
4.0 10.46964415 
4.0 30.69660825 
4.0 29.23720415 
4.0 32.5792152 
4.0 32.50703365 
4.0 18.6283888 
4.0 17.9629919 
4.0 33.1352168 
4.0 32.543406 
4.0 20.3023135 
4.0 20.76795245 
4.0 27.93997605 
4.0 26.92333245 
4.0 32.3421266 
4.0 32.29815505 
4.0 30.68163105 
4.0 30.66353955 
