# Position.Z vs. Particle Type (97 data points):
# "Particle Type" Position.Z
1.0 0.0 
1.0 0.0 
1.0 0.0 
1.0 0.0 
1.0 0.0 
1.0 0.0 
1.0 0.0 
1.0 0.0 
1.0 0.0 
1.0 2.2741768 
1.0 2.2741768 
1.0 2.2741768 
1.0 2.2741768 
1.0 2.2741768 
1.0 2.2741768 
1.0 2.2741768 
1.0 2.2741768 
1.0 2.2741768 
1.0 4.25367915 
1.0 4.8964573 
1.0 4.3890336 
1.0 4.2113309 
1.0 4.25823265 
1.0 4.48579495 
1.0 4.83874055 
1.0 4.58120285 
1.0 4.76322315 
1.0 7.27173895 
1.0 7.25183865 
1.0 6.97099935 
1.0 6.72946645 
1.0 7.18638655 
1.0 6.62384625 
1.0 6.55588395 
1.0 6.3881699 
1.0 6.9667423 
2.0 8.3389348 
2.0 14.64932385 
2.0 7.8957977 
3.0 9.55174045 
3.0 9.07106655 
3.0 15.46254325 
3.0 13.79218365 
3.0 10.1682224 
3.0 9.5848921 
3.0 9.82518775 
3.0 17.0689841 
3.0 16.88549555 
3.0 22.385741 
3.0 32.60269985 
3.0 19.40223775 
3.0 20.23861 
3.0 18.4889278 
3.0 29.8889409 
3.0 20.7282754 
3.0 20.7916093 
3.0 32.00788465 
3.0 16.49329675 
3.0 32.31428095 
3.0 31.71980805 
3.0 31.4331605 
4.0 10.6601789 
4.0 9.9905659 
4.0 9.38201355 
4.0 9.75717925 
4.0 10.0632679 
4.0 10.1355282 
4.0 17.28525295 
4.0 16.5915463 
4.0 16.6915413 
4.0 17.3890507 
4.0 22.46281135 
4.0 21.89561815 
4.0 32.15491755 
4.0 32.1902112 
4.0 18.51592015 
4.0 19.65343905 
4.0 19.4806836 
4.0 20.4712018 
4.0 18.31743235 
4.0 19.5061244 
4.0 30.4550106 
4.0 29.2272043 
4.0 21.5536034 
4.0 20.12442075 
4.0 19.8490334 
4.0 21.0985166 
4.0 32.81735555 
4.0 32.3769908 
4.0 17.05692275 
4.0 16.6673374 
4.0 31.77094445 
4.0 31.77271615 
4.0 32.66394495 
4.0 31.8811353 
4.0 30.5182283 
4.0 31.50617365 
