# Position.Z vs. Particle Type (97 data points):
# "Particle Type" Position.Z
1.0 0.0 
1.0 0.0 
1.0 0.0 
1.0 0.0 
1.0 0.0 
1.0 0.0 
1.0 0.0 
1.0 0.0 
1.0 0.0 
1.0 2.2741768 
1.0 2.2741768 
1.0 2.2741768 
1.0 2.2741768 
1.0 2.2741768 
1.0 2.2741768 
1.0 2.2741768 
1.0 2.2741768 
1.0 2.2741768 
1.0 4.7840401 
1.0 4.420577 
1.0 4.3009939 
1.0 4.52289285 
1.0 4.41560525 
1.0 4.29954875 
1.0 4.17009635 
1.0 4.30921085 
1.0 5.0950109 
1.0 7.0078659 
1.0 7.24291855 
1.0 6.44470785 
1.0 6.92492185 
1.0 6.26833865 
1.0 7.24774295 
1.0 6.56859385 
1.0 6.49169885 
1.0 7.56434945 
2.0 8.3429213 
2.0 24.407747 
2.0 8.5897007 
3.0 9.52772695 
3.0 9.68805215 
3.0 23.26184525 
3.0 25.5004372 
3.0 16.9488186 
3.0 26.2331055 
3.0 28.0777343 
3.0 26.0544557 
3.0 9.50745075 
3.0 20.40955595 
3.0 32.76770595 
3.0 18.95149655 
3.0 23.9824886 
3.0 17.17259775 
3.0 26.0833062 
3.0 29.5540588 
3.0 31.44679545 
3.0 31.94858835 
3.0 20.37221445 
3.0 9.2535366 
3.0 28.2920246 
3.0 32.53880385 
4.0 17.48884165 
4.0 16.00922015 
4.0 25.444251 
4.0 26.11317765 
4.0 27.10692495 
4.0 28.07965265 
4.0 26.08231605 
4.0 26.73067775 
4.0 9.70853695 
4.0 9.3761689 
4.0 21.26419995 
4.0 20.1413884 
4.0 32.5250401 
4.0 33.0436295 
4.0 18.99418815 
4.0 19.4859154 
4.0 23.7209623 
4.0 23.10342545 
4.0 16.67697535 
4.0 16.8141407 
4.0 26.60236705 
4.0 26.01638725 
4.0 29.31354685 
4.0 30.43656525 
4.0 32.2068761 
4.0 30.781772 
4.0 32.8048896 
4.0 32.27564235 
4.0 20.17921185 
4.0 20.44129535 
4.0 10.0014257 
4.0 8.8273927 
4.0 28.250229 
4.0 28.44742565 
4.0 32.16650325 
4.0 31.9488309 
