# Position.Z vs. Particle Type (97 data points):
# "Particle Type" Position.Z
1.0 0.0 
1.0 0.0 
1.0 0.0 
1.0 0.0 
1.0 0.0 
1.0 0.0 
1.0 0.0 
1.0 0.0 
1.0 0.0 
1.0 2.2741768 
1.0 2.2741768 
1.0 2.2741768 
1.0 2.2741768 
1.0 2.2741768 
1.0 2.2741768 
1.0 2.2741768 
1.0 2.2741768 
1.0 2.2741768 
1.0 4.58752595 
1.0 4.45866785 
1.0 4.47585565 
1.0 5.3996096 
1.0 4.3469846 
1.0 4.2888398 
1.0 4.71149175 
1.0 4.4164946 
1.0 4.30786195 
1.0 6.7244387 
1.0 6.64770925 
1.0 6.6611097 
1.0 7.61890325 
1.0 6.6629213 
1.0 6.30253785 
1.0 7.72135175 
1.0 6.72671195 
1.0 7.2526797 
2.0 7.8841238 
2.0 20.3839027 
2.0 8.6937263 
3.0 9.0276354 
3.0 9.81770335 
3.0 21.32731895 
3.0 19.34484335 
3.0 12.02366515 
3.0 29.47231035 
3.0 32.6117043 
3.0 31.6704199 
3.0 11.94111835 
3.0 9.11973335 
3.0 31.6754256 
3.0 11.9853531 
3.0 19.14726485 
3.0 9.66163765 
3.0 25.1840134 
3.0 32.1018838 
3.0 29.3620453 
3.0 31.8300969 
3.0 13.2317542 
3.0 10.83806605 
3.0 20.31734495 
3.0 27.88262435 
4.0 11.23761205 
4.0 11.9369292 
4.0 29.4228935 
4.0 28.55867 
4.0 32.4947231 
4.0 32.33396145 
4.0 31.6433712 
4.0 30.7174126 
4.0 11.8446146 
4.0 12.4817504 
4.0 8.8801314 
4.0 9.73018025 
4.0 31.8831975 
4.0 31.9225662 
4.0 11.28521835 
4.0 11.56334305 
4.0 19.59719265 
4.0 18.24411855 
4.0 10.1334828 
4.0 9.6454911 
4.0 25.9431662 
4.0 25.07632085 
4.0 32.1516601 
4.0 33.01410665 
4.0 29.75791315 
4.0 29.29586485 
4.0 31.6003989 
4.0 31.7788485 
4.0 12.4991335 
4.0 13.3149359 
4.0 10.67013395 
4.0 11.6506957 
4.0 19.55535715 
4.0 20.66177785 
4.0 27.18850295 
4.0 27.4078007 
