# Position.Z vs. Particle Type (97 data points):
# "Particle Type" Position.Z
1.0 0.0 
1.0 0.0 
1.0 0.0 
1.0 0.0 
1.0 0.0 
1.0 0.0 
1.0 0.0 
1.0 0.0 
1.0 0.0 
1.0 2.2741768 
1.0 2.2741768 
1.0 2.2741768 
1.0 2.2741768 
1.0 2.2741768 
1.0 2.2741768 
1.0 2.2741768 
1.0 2.2741768 
1.0 2.2741768 
1.0 4.31933495 
1.0 4.2661661 
1.0 4.500475 
1.0 4.3775242 
1.0 4.44479105 
1.0 4.3290471 
1.0 4.42246105 
1.0 4.4476705 
1.0 5.0975694 
1.0 7.23435895 
1.0 6.99829235 
1.0 7.30912735 
1.0 6.5901815 
1.0 6.4841973 
1.0 6.854834 
1.0 6.5446626 
1.0 6.3491232 
1.0 7.2310798 
2.0 8.25886985 
2.0 23.6587155 
2.0 8.42884385 
3.0 9.37604675 
3.0 9.60492155 
3.0 24.0239139 
3.0 23.49055695 
3.0 21.3640777 
3.0 17.0037581 
3.0 18.02870265 
3.0 23.49165175 
3.0 9.2463266 
3.0 20.29408675 
3.0 31.9724839 
3.0 18.41474285 
3.0 19.9466848 
3.0 9.9249024 
3.0 32.4052253 
3.0 26.5372625 
3.0 24.29896105 
3.0 29.82981785 
3.0 20.2928999 
3.0 11.5959522 
3.0 29.4941941 
3.0 32.01780995 
4.0 21.62800535 
4.0 20.91461365 
4.0 16.03563045 
4.0 17.32618405 
4.0 18.72239005 
4.0 17.4116768 
4.0 23.57742415 
4.0 24.22160965 
4.0 9.2422708 
4.0 9.1192787 
4.0 20.1445055 
4.0 20.60564835 
4.0 31.2832191 
4.0 32.7493453 
4.0 18.22632805 
4.0 18.26658785 
4.0 19.54390795 
4.0 20.9167483 
4.0 10.30757945 
4.0 9.82512335 
4.0 32.2494942 
4.0 31.8823134 
4.0 25.7598537 
4.0 27.1562823 
4.0 23.7428856 
4.0 25.1874742 
4.0 29.6507743 
4.0 28.965202 
4.0 20.60389135 
4.0 19.32864675 
4.0 11.2472885 
4.0 11.77027215 
4.0 29.5188026 
4.0 30.36013995 
4.0 31.941217 
4.0 32.9914032 
