# Position.Z vs. Particle Type (97 data points):
# "Particle Type" Position.Z
1.0 0.0 
1.0 0.0 
1.0 0.0 
1.0 0.0 
1.0 0.0 
1.0 0.0 
1.0 0.0 
1.0 0.0 
1.0 0.0 
1.0 2.2741768 
1.0 2.2741768 
1.0 2.2741768 
1.0 2.2741768 
1.0 2.2741768 
1.0 2.2741768 
1.0 2.2741768 
1.0 2.2741768 
1.0 2.2741768 
1.0 5.1688532 
1.0 5.51663385 
1.0 4.37196725 
1.0 4.43963135 
1.0 4.3611253 
1.0 4.38387215 
1.0 4.4016798 
1.0 4.42573495 
1.0 4.5359076 
1.0 7.5981178 
1.0 7.18732315 
1.0 6.78494005 
1.0 7.4306932 
1.0 8.0268965 
1.0 6.90087475 
1.0 6.7068204 
1.0 6.4543192 
1.0 6.7640713 
2.0 8.61213185 
2.0 15.08956435 
2.0 8.08669995 
3.0 9.8040607 
3.0 9.2083285 
3.0 14.3975986 
3.0 15.8041513 
3.0 11.67321715 
3.0 11.2463022 
3.0 9.89688455 
3.0 21.52771425 
3.0 25.83929565 
3.0 28.58600045 
3.0 30.71757815 
3.0 23.2269954 
3.0 29.68975905 
3.0 25.64156665 
3.0 31.5880292 
3.0 27.1017936 
3.0 29.5023666 
3.0 32.18240795 
3.0 25.5887422 
3.0 32.77267175 
3.0 31.4978538 
3.0 31.83178635 
4.0 11.1002577 
4.0 11.6895212 
4.0 11.7854065 
4.0 11.09799355 
4.0 10.44440705 
4.0 9.80374535 
4.0 21.3897215 
4.0 21.9110864 
4.0 25.32832015 
4.0 25.1110076 
4.0 28.71473395 
4.0 29.04815235 
4.0 31.6316126 
4.0 30.4364914 
4.0 22.52649175 
4.0 23.0249516 
4.0 29.91454235 
4.0 28.76318515 
4.0 25.75911975 
4.0 24.7950773 
4.0 31.00785415 
4.0 32.263413 
4.0 26.6962038 
4.0 27.34615275 
4.0 29.15930955 
4.0 29.9862087 
4.0 32.48399315 
4.0 32.08798775 
4.0 25.80962195 
4.0 26.3475324 
4.0 32.6248958 
4.0 32.21104985 
4.0 32.429019 
4.0 31.47562915 
4.0 32.5376142 
4.0 31.02482915 
