# Position.Z vs. Particle Type (97 data points):
# "Particle Type" Position.Z
1.0 0.0 
1.0 0.0 
1.0 0.0 
1.0 0.0 
1.0 0.0 
1.0 0.0 
1.0 0.0 
1.0 0.0 
1.0 0.0 
1.0 2.2741768 
1.0 2.2741768 
1.0 2.2741768 
1.0 2.2741768 
1.0 2.2741768 
1.0 2.2741768 
1.0 2.2741768 
1.0 2.2741768 
1.0 2.2741768 
1.0 5.01228875 
1.0 5.9179127 
1.0 4.19167735 
1.0 4.5433556 
1.0 4.50069725 
1.0 4.39140975 
1.0 4.3730911 
1.0 4.6163411 
1.0 4.4193891 
1.0 7.31586345 
1.0 8.04801305 
1.0 7.011263 
1.0 7.0340424 
1.0 8.384348 
1.0 6.61336235 
1.0 6.67896355 
1.0 6.13290125 
1.0 6.8337773 
2.0 8.61479535 
2.0 13.2278762 
2.0 8.15823505 
3.0 9.8292761 
3.0 9.34388805 
3.0 12.93839645 
3.0 13.44079695 
3.0 9.99950595 
3.0 11.3386343 
3.0 9.7601147 
3.0 19.00050425 
3.0 21.89968725 
3.0 26.25798595 
3.0 31.8444504 
3.0 23.30591655 
3.0 24.61346055 
3.0 21.5568717 
3.0 29.8534803 
3.0 24.00406155 
3.0 26.8945516 
3.0 32.13968625 
3.0 20.0608135 
3.0 32.53306105 
3.0 31.24452135 
3.0 31.81045595 
4.0 9.1710563 
4.0 10.0658593 
4.0 11.2809592 
4.0 11.67239955 
4.0 10.154879 
4.0 10.4398686 
4.0 18.17917045 
4.0 19.50893665 
4.0 22.80678995 
4.0 21.81751495 
4.0 26.85062345 
4.0 25.5344411 
4.0 32.6137133 
4.0 31.87609285 
4.0 23.417114 
4.0 23.3676786 
4.0 25.4893072 
4.0 24.85147245 
4.0 20.64793745 
4.0 21.4897725 
4.0 29.04562255 
4.0 30.4472091 
4.0 24.2306736 
4.0 23.07020135 
4.0 27.63058865 
4.0 26.08453785 
4.0 32.8603779 
4.0 31.99482055 
4.0 20.05575845 
4.0 20.71698755 
4.0 32.5061989 
4.0 32.39944435 
4.0 31.26757165 
4.0 30.6461883 
4.0 31.7836757 
4.0 31.10151205 
