# Position.Z vs. Particle Type (97 data points):
# "Particle Type" Position.Z
1.0 0.0 
1.0 0.0 
1.0 0.0 
1.0 0.0 
1.0 0.0 
1.0 0.0 
1.0 0.0 
1.0 0.0 
1.0 0.0 
1.0 2.2741768 
1.0 2.2741768 
1.0 2.2741768 
1.0 2.2741768 
1.0 2.2741768 
1.0 2.2741768 
1.0 2.2741768 
1.0 2.2741768 
1.0 2.2741768 
1.0 4.4781156 
1.0 4.6007066 
1.0 4.36040745 
1.0 4.8364666 
1.0 4.3398929 
1.0 4.4649255 
1.0 4.55358435 
1.0 5.3571406 
1.0 4.28122835 
1.0 7.81571455 
1.0 7.0114121 
1.0 6.852146 
1.0 8.20522885 
1.0 6.1248145 
1.0 6.63353775 
1.0 7.1178107 
1.0 6.8557923 
1.0 6.77711615 
2.0 8.79323725 
2.0 12.50241895 
2.0 8.06602405 
3.0 9.9686419 
3.0 9.1104076 
3.0 11.69521465 
3.0 13.43483085 
3.0 9.45526505 
3.0 12.6298368 
3.0 14.45772475 
3.0 20.0394264 
3.0 10.5366247 
3.0 20.26733905 
3.0 32.552765 
3.0 18.7276236 
3.0 15.7867528 
3.0 13.08274415 
3.0 28.6623568 
3.0 26.7602566 
3.0 19.2618391 
3.0 32.21170925 
3.0 15.83410045 
3.0 30.1855547 
3.0 30.68365055 
3.0 32.56350685 
4.0 9.66497315 
4.0 9.37646045 
4.0 12.4797743 
4.0 12.92669385 
4.0 15.2709249 
4.0 14.8217251 
4.0 20.37413665 
4.0 20.8280436 
4.0 10.87483635 
4.0 10.84403915 
4.0 21.1596903 
4.0 19.85481155 
4.0 32.74214475 
4.0 32.0949251 
4.0 19.3073461 
4.0 18.78017435 
4.0 15.186808 
4.0 15.8978988 
4.0 13.83122615 
4.0 12.2546263 
4.0 29.38747 
4.0 28.863387 
4.0 26.8024932 
4.0 26.9626602 
4.0 19.89830185 
4.0 18.4430414 
4.0 31.7329677 
4.0 33.18360045 
4.0 16.4600688 
4.0 14.94696 
4.0 31.1966466 
4.0 30.14674845 
4.0 30.16941095 
4.0 30.1985978 
4.0 32.29004275 
4.0 32.89110965 
