# Position.Z vs. Particle Type (97 data points):
# "Particle Type" Position.Z
1.0 0.0 
1.0 0.0 
1.0 0.0 
1.0 0.0 
1.0 0.0 
1.0 0.0 
1.0 0.0 
1.0 0.0 
1.0 0.0 
1.0 2.2741768 
1.0 2.2741768 
1.0 2.2741768 
1.0 2.2741768 
1.0 2.2741768 
1.0 2.2741768 
1.0 2.2741768 
1.0 2.2741768 
1.0 2.2741768 
1.0 4.2385546 
1.0 4.4726122 
1.0 4.4499294 
1.0 4.34916685 
1.0 4.38573415 
1.0 4.7581639 
1.0 4.4438009 
1.0 4.253151 
1.0 5.2418639 
1.0 6.36482805 
1.0 7.4968936 
1.0 7.2443861 
1.0 6.9948361 
1.0 6.5893758 
1.0 6.90066475 
1.0 6.37654675 
1.0 6.70974675 
1.0 7.3718512 
2.0 8.22649695 
2.0 23.93327335 
2.0 8.6625266 
3.0 9.28915645 
3.0 9.8156954 
3.0 23.0650294 
3.0 24.67300045 
3.0 21.26382615 
3.0 15.44608975 
3.0 17.85883085 
3.0 25.13595735 
3.0 9.3837086 
3.0 21.1514604 
3.0 31.73636025 
3.0 18.0508307 
3.0 21.8786183 
3.0 10.50620165 
3.0 31.55997425 
3.0 26.34729615 
3.0 25.12394045 
3.0 29.3336624 
3.0 21.9855391 
3.0 12.50707605 
3.0 27.87632295 
3.0 32.3194914 
4.0 22.07816275 
4.0 20.7361784 
4.0 16.20412605 
4.0 15.0866268 
4.0 18.48647605 
4.0 17.00251175 
4.0 24.89404015 
4.0 25.7245121 
4.0 10.19985925 
4.0 9.78668705 
4.0 20.92597465 
4.0 21.34218275 
4.0 31.7820818 
4.0 30.93462645 
4.0 17.34967605 
4.0 17.60614975 
4.0 22.32685 
4.0 22.6129134 
4.0 10.17214905 
4.0 10.65731065 
4.0 32.47815305 
4.0 31.57559615 
4.0 25.80614785 
4.0 25.9952777 
4.0 25.09912545 
4.0 24.1517752 
4.0 28.97810755 
4.0 29.8088308 
4.0 21.8989554 
4.0 21.70468125 
4.0 11.7569396 
4.0 12.72803105 
4.0 28.2965214 
4.0 28.3780994 
4.0 32.2398636 
4.0 32.7425287 
