# Position.Z vs. Particle Type (97 data points):
# "Particle Type" Position.Z
1.0 0.0 
1.0 0.0 
1.0 0.0 
1.0 0.0 
1.0 0.0 
1.0 0.0 
1.0 0.0 
1.0 0.0 
1.0 0.0 
1.0 2.2741768 
1.0 2.2741768 
1.0 2.2741768 
1.0 2.2741768 
1.0 2.2741768 
1.0 2.2741768 
1.0 2.2741768 
1.0 2.2741768 
1.0 2.2741768 
1.0 4.52597285 
1.0 5.5248928 
1.0 4.28875755 
1.0 4.36976015 
1.0 4.2680568 
1.0 4.37205755 
1.0 5.0035216 
1.0 4.4913827 
1.0 4.3315804 
1.0 7.5938422 
1.0 7.23704625 
1.0 6.90103295 
1.0 7.18932585 
1.0 7.75766565 
1.0 6.4186094 
1.0 6.6677009 
1.0 6.6073721 
1.0 7.0116515 
2.0 8.6530598 
2.0 18.03259955 
2.0 8.04294295 
3.0 9.84309935 
3.0 9.19364425 
3.0 17.3001899 
3.0 18.7334427 
3.0 10.01256375 
3.0 9.745883 
3.0 13.9821836 
3.0 13.66564115 
3.0 11.61598235 
3.0 14.1255457 
3.0 29.85919965 
3.0 16.1737198 
3.0 12.595506 
3.0 11.69193445 
3.0 32.12923665 
3.0 32.1000344 
3.0 16.488164 
3.0 32.0498822 
3.0 16.2164639 
3.0 18.9400099 
3.0 32.5681034 
3.0 31.09908375 
4.0 9.36218115 
4.0 9.57773775 
4.0 10.08074165 
4.0 10.51431045 
4.0 13.0057053 
4.0 14.21969955 
4.0 14.19590305 
4.0 12.859119 
4.0 12.11653345 
4.0 10.9850475 
4.0 14.1617532 
4.0 14.04353195 
4.0 30.72596555 
4.0 29.3098876 
4.0 16.3065217 
4.0 17.00599635 
4.0 12.96745905 
4.0 12.8256156 
4.0 12.108887 
4.0 11.3045702 
4.0 32.75921005 
4.0 31.57082285 
4.0 32.7597683 
4.0 31.24342515 
4.0 16.51240675 
4.0 17.24720935 
4.0 31.9320946 
4.0 32.8612809 
4.0 15.3776931 
4.0 15.9597641 
4.0 19.32806015 
4.0 18.0013547 
4.0 32.3032773 
4.0 32.2910742 
4.0 30.40439255 
4.0 31.88139955 
