# Position.Z vs. Particle Type (97 data points):
# "Particle Type" Position.Z
1.0 0.0 
1.0 0.0 
1.0 0.0 
1.0 0.0 
1.0 0.0 
1.0 0.0 
1.0 0.0 
1.0 0.0 
1.0 0.0 
1.0 2.2741768 
1.0 2.2741768 
1.0 2.2741768 
1.0 2.2741768 
1.0 2.2741768 
1.0 2.2741768 
1.0 2.2741768 
1.0 2.2741768 
1.0 2.2741768 
1.0 4.30040835 
1.0 5.20354205 
1.0 4.3909033 
1.0 4.4514239 
1.0 4.35553055 
1.0 4.3140034 
1.0 4.5997651 
1.0 4.2698992 
1.0 4.43370865 
1.0 7.27363735 
1.0 7.0983423 
1.0 6.8760188 
1.0 6.9603989 
1.0 7.32451125 
1.0 6.33744825 
1.0 6.4866704 
1.0 6.4155266 
1.0 6.81915255 
2.0 8.4123214 
2.0 27.1625228 
2.0 8.05781375 
3.0 9.61680755 
3.0 9.1881958 
3.0 28.0988162 
3.0 26.26941485 
3.0 14.8647436 
3.0 9.226406 
3.0 9.80391335 
3.0 15.9514943 
3.0 10.4006511 
3.0 12.06521505 
3.0 27.48102385 
3.0 14.4831638 
3.0 12.5253352 
3.0 13.93472465 
3.0 30.29672835 
3.0 30.6001983 
3.0 19.58600315 
3.0 32.1367361 
3.0 19.4015591 
3.0 17.11499895 
3.0 32.480105 
3.0 31.6608964 
4.0 14.4276594 
4.0 14.3703742 
4.0 9.60086435 
4.0 9.85362875 
4.0 8.92185245 
4.0 9.73939995 
4.0 16.39539475 
4.0 16.67032535 
4.0 10.52482375 
4.0 11.28089725 
4.0 12.83986235 
4.0 11.4909564 
4.0 28.4283671 
4.0 27.4680042 
4.0 15.43825185 
4.0 14.4342786 
4.0 12.66350785 
4.0 11.5393404 
4.0 13.46568895 
4.0 14.7234276 
4.0 30.8205786 
4.0 30.95326045 
4.0 30.98521755 
4.0 29.73370365 
4.0 18.7040203 
4.0 20.1578048 
4.0 31.5926051 
4.0 32.8270544 
4.0 19.58437075 
4.0 19.8741081 
4.0 16.90305715 
4.0 16.26048445 
4.0 32.05750765 
4.0 32.1103503 
4.0 31.6596497 
4.0 32.56717905 
