# Position.Z vs. Particle Type (97 data points):
# "Particle Type" Position.Z
1.0 0.0 
1.0 0.0 
1.0 0.0 
1.0 0.0 
1.0 0.0 
1.0 0.0 
1.0 0.0 
1.0 0.0 
1.0 0.0 
1.0 2.2741768 
1.0 2.2741768 
1.0 2.2741768 
1.0 2.2741768 
1.0 2.2741768 
1.0 2.2741768 
1.0 2.2741768 
1.0 2.2741768 
1.0 2.2741768 
1.0 5.0499652 
1.0 5.598628 
1.0 4.26284565 
1.0 4.5297889 
1.0 4.3578122 
1.0 4.41063525 
1.0 4.67183675 
1.0 4.24020695 
1.0 4.36079175 
1.0 7.48530335 
1.0 6.99402025 
1.0 6.5638608 
1.0 8.0186162 
1.0 7.8774297 
1.0 6.54134215 
1.0 6.93050855 
1.0 6.5738001 
1.0 6.8207475 
2.0 8.54974505 
2.0 26.74615825 
2.0 8.0239628 
3.0 9.73869785 
3.0 9.2344861 
3.0 27.5815183 
3.0 25.88201455 
3.0 13.9212052 
3.0 9.7997431 
3.0 10.10112845 
3.0 18.37044685 
3.0 11.70316525 
3.0 12.43746315 
3.0 26.10119295 
3.0 16.54587795 
3.0 11.2114352 
3.0 15.5156694 
3.0 29.3994029 
3.0 31.92954765 
3.0 18.27817565 
3.0 32.0669335 
3.0 21.09842035 
3.0 19.0763321 
3.0 31.8685388 
3.0 31.2619552 
4.0 14.2726304 
4.0 12.9653342 
4.0 10.4164088 
4.0 10.36323575 
4.0 9.14479125 
4.0 10.587087 
4.0 17.45557345 
4.0 18.8776518 
4.0 11.33539785 
4.0 12.2979472 
4.0 13.26720045 
4.0 11.79301095 
4.0 26.3106144 
4.0 26.59670545 
4.0 16.7637379 
4.0 16.03084 
4.0 11.17971155 
4.0 11.17470795 
4.0 15.0381343 
4.0 15.36038245 
4.0 29.74743485 
4.0 28.71819685 
4.0 32.7195204 
4.0 32.12386555 
4.0 18.7450746 
4.0 18.555341 
4.0 31.5283409 
4.0 31.6119356 
4.0 20.40909395 
4.0 20.77818855 
4.0 19.5202868 
4.0 18.361406 
4.0 30.9654702 
4.0 31.74262 
4.0 31.2790695 
4.0 32.1434281 
