# Position.Z vs. Particle Type (97 data points):
# "Particle Type" Position.Z
1.0 0.0 
1.0 0.0 
1.0 0.0 
1.0 0.0 
1.0 0.0 
1.0 0.0 
1.0 0.0 
1.0 0.0 
1.0 0.0 
1.0 2.2741768 
1.0 2.2741768 
1.0 2.2741768 
1.0 2.2741768 
1.0 2.2741768 
1.0 2.2741768 
1.0 2.2741768 
1.0 2.2741768 
1.0 2.2741768 
1.0 4.66893665 
1.0 5.3412611 
1.0 4.3370859 
1.0 4.5552738 
1.0 4.2630588 
1.0 4.3711108 
1.0 4.8503721 
1.0 4.2354053 
1.0 4.548061 
1.0 7.7239764 
1.0 7.27369755 
1.0 6.9659093 
1.0 7.4002663 
1.0 7.9012871 
1.0 6.41661335 
1.0 6.84439035 
1.0 6.3248486 
1.0 6.7493699 
2.0 8.88974065 
2.0 26.4848248 
2.0 7.93007075 
3.0 10.05856705 
3.0 9.15393885 
3.0 26.49275895 
3.0 26.50445665 
3.0 14.60419275 
3.0 9.92852945 
3.0 10.73320185 
3.0 19.26131305 
3.0 11.5137806 
3.0 13.34374965 
3.0 25.69822535 
3.0 17.6826825 
3.0 11.00110795 
3.0 15.785231 
3.0 29.53253275 
3.0 32.20447755 
3.0 18.0904066 
3.0 32.1043513 
3.0 20.90854745 
3.0 19.84229765 
3.0 32.7158048 
3.0 31.6773086 
4.0 13.9862863 
4.0 14.793429 
4.0 10.3824413 
4.0 10.3937862 
4.0 10.172925 
4.0 11.4225559 
4.0 19.69743475 
4.0 19.1975595 
4.0 11.53216085 
4.0 11.974473 
4.0 14.05083295 
4.0 12.9998855 
4.0 26.3046721 
4.0 25.74440715 
4.0 16.9120119 
4.0 17.54672185 
4.0 10.37492155 
4.0 10.63918555 
4.0 15.46196785 
4.0 16.7468126 
4.0 29.0966347 
4.0 28.9828385 
4.0 32.90410585 
4.0 32.2743715 
4.0 18.7766194 
4.0 17.39213035 
4.0 31.81395035 
4.0 32.88362595 
4.0 20.01850515 
4.0 21.03438575 
4.0 20.80473605 
4.0 19.45863465 
4.0 32.4565808 
4.0 32.51013955 
4.0 31.06796315 
4.0 32.4524347 
