# Position.Z vs. Particle Type (97 data points):
# "Particle Type" Position.Z
1.0 0.0 
1.0 0.0 
1.0 0.0 
1.0 0.0 
1.0 0.0 
1.0 0.0 
1.0 0.0 
1.0 0.0 
1.0 0.0 
1.0 2.2741768 
1.0 2.2741768 
1.0 2.2741768 
1.0 2.2741768 
1.0 2.2741768 
1.0 2.2741768 
1.0 2.2741768 
1.0 2.2741768 
1.0 2.2741768 
1.0 4.43125095 
1.0 4.5193659 
1.0 4.4309902 
1.0 4.5317923 
1.0 4.4740542 
1.0 4.26046355 
1.0 4.4086637 
1.0 4.41560035 
1.0 5.28179785 
1.0 7.12063135 
1.0 7.2923928 
1.0 7.6509356 
1.0 6.5583133 
1.0 6.74836925 
1.0 6.48070605 
1.0 6.50384665 
1.0 6.6217074 
1.0 7.4922575 
2.0 8.39229615 
2.0 24.26995515 
2.0 8.61652155 
3.0 9.51620215 
3.0 9.79627775 
3.0 24.35966365 
3.0 24.13422165 
3.0 21.3708012 
3.0 16.34691695 
3.0 17.2327267 
3.0 21.47580995 
3.0 9.4565212 
3.0 19.28639265 
3.0 31.82753455 
3.0 20.2087417 
3.0 17.7428489 
3.0 9.898756 
3.0 32.31327505 
3.0 24.5373268 
3.0 21.70831145 
3.0 28.49607635 
3.0 21.2001615 
3.0 10.01008295 
3.0 32.2671965 
3.0 32.7628189 
4.0 21.4757823 
4.0 20.49246745 
4.0 17.2089694 
4.0 15.9523084 
4.0 17.34556495 
4.0 16.8815213 
4.0 21.45628625 
4.0 20.56750045 
4.0 9.75147705 
4.0 9.25497895 
4.0 19.821522 
4.0 19.7474914 
4.0 31.29483455 
4.0 32.6363331 
4.0 19.6817593 
4.0 20.3945889 
4.0 17.4564754 
4.0 17.71818195 
4.0 10.44155385 
4.0 9.2763419 
4.0 31.79472205 
4.0 32.02208345 
4.0 24.75380495 
4.0 25.304153 
4.0 22.42582895 
4.0 21.8340353 
4.0 28.46493615 
4.0 27.9708205 
4.0 21.1633415 
4.0 21.7761824 
4.0 9.14316095 
4.0 10.5301364 
4.0 32.3006159 
4.0 33.0784153 
4.0 32.3077797 
4.0 32.48760515 
