# Position.Z vs. Particle Type (97 data points):
# "Particle Type" Position.Z
1.0 0.0 
1.0 0.0 
1.0 0.0 
1.0 0.0 
1.0 0.0 
1.0 0.0 
1.0 0.0 
1.0 0.0 
1.0 0.0 
1.0 2.2741768 
1.0 2.2741768 
1.0 2.2741768 
1.0 2.2741768 
1.0 2.2741768 
1.0 2.2741768 
1.0 2.2741768 
1.0 2.2741768 
1.0 2.2741768 
1.0 4.49616405 
1.0 4.4789234 
1.0 4.2537796 
1.0 4.22506805 
1.0 4.4139046 
1.0 4.40399855 
1.0 4.93352615 
1.0 4.25516315 
1.0 4.60438055 
1.0 7.5774461 
1.0 7.4122223 
1.0 7.19126975 
1.0 6.48868955 
1.0 6.65094885 
1.0 6.49345095 
1.0 6.6464671 
1.0 6.3760074 
1.0 6.62794685 
2.0 8.51182815 
2.0 11.99834685 
2.0 8.0517185 
3.0 9.62000025 
3.0 9.2762873 
3.0 12.7415666 
3.0 11.42831445 
3.0 11.55282555 
3.0 8.81857095 
3.0 9.7796433 
3.0 14.16374995 
3.0 11.53226865 
3.0 23.56276685 
3.0 31.4317619 
3.0 18.63252825 
3.0 16.1065975 
3.0 18.58165505 
3.0 29.44309445 
3.0 21.0557781 
3.0 17.83359375 
3.0 31.8888024 
3.0 15.02929085 
3.0 32.4970219 
3.0 31.95187065 
3.0 28.28799995 
4.0 11.6148172 
4.0 10.8077522 
4.0 9.05407545 
4.0 8.502942 
4.0 10.02567475 
4.0 10.022075 
4.0 14.4837385 
4.0 14.92874705 
4.0 11.3586221 
4.0 12.3786089 
4.0 23.13967145 
4.0 22.91228695 
4.0 30.95821295 
4.0 32.28939385 
4.0 17.95999135 
4.0 18.4275595 
4.0 16.89635255 
4.0 15.42713585 
4.0 18.4503795 
4.0 19.4091744 
4.0 29.36650255 
4.0 28.5824735 
4.0 21.20474825 
4.0 20.12635065 
4.0 17.59117605 
4.0 17.7811088 
4.0 31.63073865 
4.0 32.70546055 
4.0 14.36283275 
4.0 14.7094276 
4.0 32.1778716 
4.0 32.58279325 
4.0 31.7801624 
4.0 32.416447 
4.0 27.99994225 
4.0 28.86336215 
