# Position.Z vs. Particle Type (97 data points):
# "Particle Type" Position.Z
1.0 0.0 
1.0 0.0 
1.0 0.0 
1.0 0.0 
1.0 0.0 
1.0 0.0 
1.0 0.0 
1.0 0.0 
1.0 0.0 
1.0 2.2741768 
1.0 2.2741768 
1.0 2.2741768 
1.0 2.2741768 
1.0 2.2741768 
1.0 2.2741768 
1.0 2.2741768 
1.0 2.2741768 
1.0 2.2741768 
1.0 4.5602942 
1.0 4.540445 
1.0 4.43179205 
1.0 4.30999765 
1.0 4.2988379 
1.0 4.39370085 
1.0 4.36504915 
1.0 4.45288725 
1.0 5.15526025 
1.0 6.8284405 
1.0 7.34825105 
1.0 7.1940876 
1.0 6.8829446 
1.0 6.35115355 
1.0 7.1032388 
1.0 6.3783062 
1.0 6.7718994 
1.0 6.98054595 
2.0 8.0193561 
2.0 24.5318577 
2.0 8.2063205 
3.0 9.17694435 
3.0 9.37707995 
3.0 23.7621286 
3.0 25.36902305 
3.0 20.5366357 
3.0 15.6886898 
3.0 18.24827655 
3.0 25.90076825 
3.0 9.0902476 
3.0 21.1152494 
3.0 32.183256 
3.0 18.1614636 
3.0 22.98004625 
3.0 10.5920794 
3.0 31.9643898 
3.0 26.716963 
3.0 24.4862044 
3.0 29.77266145 
3.0 22.0248616 
3.0 13.11789465 
3.0 27.2347187 
3.0 31.93866375 
4.0 20.0568298 
4.0 19.8515303 
4.0 15.1203682 
4.0 16.50941845 
4.0 18.87476535 
4.0 17.33756815 
4.0 26.34918895 
4.0 26.70193995 
4.0 9.0335553 
4.0 9.5426338 
4.0 21.48346795 
4.0 21.07161315 
4.0 32.30381945 
4.0 32.81610465 
4.0 18.0358402 
4.0 18.56890875 
4.0 22.3452838 
4.0 23.8656257 
4.0 10.4725075 
4.0 10.50288365 
4.0 32.69691705 
4.0 31.7904839 
4.0 25.9138278 
4.0 26.43361035 
4.0 24.4034427 
4.0 23.62286325 
4.0 28.9127482 
4.0 30.23017655 
4.0 22.9797379 
4.0 21.8687259 
4.0 13.50354285 
4.0 12.8597259 
4.0 27.24670585 
4.0 26.3311118 
4.0 31.93766485 
4.0 32.11494685 
