# Position.Z vs. Particle Type (97 data points):
# "Particle Type" Position.Z
1.0 0.0 
1.0 0.0 
1.0 0.0 
1.0 0.0 
1.0 0.0 
1.0 0.0 
1.0 0.0 
1.0 0.0 
1.0 0.0 
1.0 2.2741768 
1.0 2.2741768 
1.0 2.2741768 
1.0 2.2741768 
1.0 2.2741768 
1.0 2.2741768 
1.0 2.2741768 
1.0 2.2741768 
1.0 2.2741768 
1.0 4.4498321 
1.0 4.45739315 
1.0 4.32507705 
1.0 4.25501125 
1.0 4.3842295 
1.0 4.54763015 
1.0 5.32834785 
1.0 4.5381735 
1.0 5.40486275 
1.0 7.7299796 
1.0 7.62513395 
1.0 7.62013455 
1.0 7.0903238 
1.0 6.74783795 
1.0 6.5008335 
1.0 7.22399545 
1.0 6.56533605 
1.0 7.1064175 
2.0 8.5586186 
2.0 12.6314573 
2.0 8.47708085 
3.0 9.8636657 
3.0 9.71820395 
3.0 13.55648315 
3.0 11.6007556 
3.0 10.99289765 
3.0 9.93958665 
3.0 9.4591966 
3.0 15.9632396 
3.0 12.67312375 
3.0 21.8532916 
3.0 31.7851114 
3.0 19.04935585 
3.0 18.4887437 
3.0 17.5870716 
3.0 30.3312506 
3.0 21.0582855 
3.0 18.1299405 
3.0 32.4357068 
3.0 13.54868725 
3.0 32.3651748 
3.0 32.34291725 
3.0 28.38457825 
4.0 11.80111765 
4.0 11.04774475 
4.0 9.2734075 
4.0 9.76859345 
4.0 10.2443516 
4.0 9.555581 
4.0 15.09967095 
4.0 15.97448615 
4.0 11.9816564 
4.0 12.24578985 
4.0 21.78924965 
4.0 20.97166365 
4.0 31.14107255 
4.0 32.50286725 
4.0 18.8451886 
4.0 19.2043796 
4.0 18.98244565 
4.0 17.9133577 
4.0 16.85308345 
4.0 17.14512835 
4.0 30.7978972 
4.0 29.68336 
4.0 21.1013635 
4.0 20.5868726 
4.0 18.68302065 
4.0 17.76306735 
4.0 32.04181225 
4.0 33.10663055 
4.0 14.42953855 
4.0 13.6965829 
4.0 32.8157249 
4.0 32.3162588 
4.0 32.85342585 
4.0 32.07538775 
4.0 28.70406 
4.0 27.6387349 
