# Position.Z vs. Particle Type (97 data points):
# "Particle Type" Position.Z
1.0 0.0 
1.0 0.0 
1.0 0.0 
1.0 0.0 
1.0 0.0 
1.0 0.0 
1.0 0.0 
1.0 0.0 
1.0 0.0 
1.0 2.2741768 
1.0 2.2741768 
1.0 2.2741768 
1.0 2.2741768 
1.0 2.2741768 
1.0 2.2741768 
1.0 2.2741768 
1.0 2.2741768 
1.0 2.2741768 
1.0 4.68117335 
1.0 5.33549695 
1.0 4.32859245 
1.0 4.3211805 
1.0 4.27168035 
1.0 4.29185435 
1.0 4.59740505 
1.0 4.4077572 
1.0 4.30976455 
1.0 7.462196 
1.0 7.01130745 
1.0 6.80011885 
1.0 7.28018725 
1.0 7.8016029 
1.0 6.26538535 
1.0 6.53253825 
1.0 6.4905743 
1.0 6.6654994 
2.0 8.38299735 
2.0 24.24885085 
2.0 7.7447314 
3.0 9.5643093 
3.0 8.93060875 
3.0 24.9426457 
3.0 23.6523994 
3.0 13.70523665 
3.0 9.607696 
3.0 12.53441595 
3.0 24.88200855 
3.0 10.66568405 
3.0 12.3662679 
3.0 29.3829137 
3.0 18.73143405 
3.0 11.13424375 
3.0 13.8323759 
3.0 28.3980228 
3.0 32.0133324 
3.0 19.8281139 
3.0 31.68069695 
3.0 16.9440432 
3.0 18.09130295 
3.0 31.67328675 
3.0 32.49140335 
4.0 13.4397536 
4.0 13.36112855 
4.0 10.0655408 
4.0 10.2413703 
4.0 11.8365569 
4.0 12.8806083 
4.0 24.91999825 
4.0 24.45149 
4.0 10.26885825 
4.0 11.07931545 
4.0 11.9892934 
4.0 11.50244025 
4.0 29.1301059 
4.0 30.0846322 
4.0 18.08777145 
4.0 19.3998147 
4.0 11.94970875 
4.0 11.02294515 
4.0 14.37483215 
4.0 13.7259493 
4.0 28.7771841 
4.0 27.4522416 
4.0 32.4872821 
4.0 31.7749656 
4.0 19.4616275 
4.0 19.9425275 
4.0 32.6170565 
4.0 31.53040555 
4.0 16.0487733 
4.0 17.10240175 
4.0 17.30408855 
4.0 18.25799675 
4.0 31.3034155 
4.0 31.5009758 
4.0 32.1356112 
4.0 31.969742 
