# Position.Z vs. Particle Type (97 data points):
# "Particle Type" Position.Z
1.0 0.0 
1.0 0.0 
1.0 0.0 
1.0 0.0 
1.0 0.0 
1.0 0.0 
1.0 0.0 
1.0 0.0 
1.0 0.0 
1.0 2.2741768 
1.0 2.2741768 
1.0 2.2741768 
1.0 2.2741768 
1.0 2.2741768 
1.0 2.2741768 
1.0 2.2741768 
1.0 2.2741768 
1.0 2.2741768 
1.0 4.29362745 
1.0 5.0219554 
1.0 4.36523395 
1.0 4.48126805 
1.0 4.3600718 
1.0 4.4123009 
1.0 5.0088332 
1.0 4.3168979 
1.0 4.262041 
1.0 7.59930045 
1.0 7.61760405 
1.0 6.69499285 
1.0 7.0872599 
1.0 6.69265345 
1.0 6.39668365 
1.0 6.7735416 
1.0 6.2900117 
1.0 6.86470995 
2.0 8.63106475 
2.0 23.55405395 
2.0 7.89090155 
3.0 9.831486 
3.0 9.11776355 
3.0 23.2778098 
3.0 23.7900817 
3.0 13.436521 
3.0 8.89488915 
3.0 12.23531295 
3.0 23.2639645 
3.0 10.6539293 
3.0 12.64518185 
3.0 31.8918873 
3.0 18.3369893 
3.0 10.8700928 
3.0 13.10112965 
3.0 27.0142264 
3.0 32.2355334 
3.0 19.1189376 
3.0 32.0631654 
3.0 16.2656354 
3.0 17.7596139 
3.0 31.465567 
3.0 32.0090512 
4.0 12.7927569 
4.0 13.03801765 
4.0 9.1751534 
4.0 9.65790665 
4.0 12.40542345 
4.0 11.7242811 
4.0 22.8210192 
4.0 22.6765861 
4.0 10.63447665 
4.0 10.31229395 
4.0 12.2290196 
4.0 13.1079879 
4.0 31.7022335 
4.0 32.2258958 
4.0 17.6350027 
4.0 18.3479604 
4.0 11.78050405 
4.0 10.6017583 
4.0 14.0440566 
4.0 12.69709035 
4.0 26.35369135 
4.0 27.53392495 
4.0 32.3140251 
4.0 31.86541925 
4.0 18.425638 
4.0 18.93698065 
4.0 32.88133415 
4.0 32.32854695 
4.0 15.36390835 
4.0 16.12026605 
4.0 17.8976637 
4.0 18.40858565 
4.0 31.42605165 
4.0 32.41676515 
4.0 31.5643874 
4.0 32.14797075 
