# Position.Z vs. Particle Type (97 data points):
# "Particle Type" Position.Z
1.0 0.0 
1.0 0.0 
1.0 0.0 
1.0 0.0 
1.0 0.0 
1.0 0.0 
1.0 0.0 
1.0 0.0 
1.0 0.0 
1.0 2.2741768 
1.0 2.2741768 
1.0 2.2741768 
1.0 2.2741768 
1.0 2.2741768 
1.0 2.2741768 
1.0 2.2741768 
1.0 2.2741768 
1.0 2.2741768 
1.0 4.47424145 
1.0 4.3365322 
1.0 4.21626555 
1.0 5.1714474 
1.0 4.3304079 
1.0 4.3470763 
1.0 4.714248 
1.0 4.6944478 
1.0 4.21694735 
1.0 7.15379525 
1.0 7.0921487 
1.0 6.26772895 
1.0 7.2260503 
1.0 6.48957505 
1.0 6.39376885 
1.0 7.7010675 
1.0 6.6557995 
1.0 7.0005726 
2.0 8.22551695 
2.0 21.2820524 
2.0 8.4929124 
3.0 9.3853354 
3.0 9.7126022 
3.0 20.7080321 
3.0 21.8907255 
3.0 17.36805665 
3.0 21.4037313 
3.0 31.759742 
3.0 28.7843185 
3.0 13.75687215 
3.0 10.02486835 
3.0 30.37355405 
3.0 18.0594211 
3.0 27.95544885 
3.0 11.23129 
3.0 32.13638015 
3.0 32.29882215 
3.0 32.25784205 
3.0 25.45372375 
3.0 12.82350265 
3.0 9.57978875 
3.0 25.29353085 
3.0 16.3483334 
4.0 16.7875148 
4.0 18.23072265 
4.0 22.2256146 
4.0 21.7169155 
4.0 32.5751153 
4.0 32.09267285 
4.0 28.69088075 
4.0 28.3616249 
4.0 14.09561265 
4.0 14.6298824 
4.0 10.37803445 
4.0 10.4148884 
4.0 30.08698 
4.0 31.12317705 
4.0 18.99733185 
4.0 17.6240771 
4.0 28.2821364 
4.0 28.66429475 
4.0 11.1918772 
4.0 10.7598246 
4.0 32.20057995 
4.0 32.39542285 
4.0 32.1425125 
4.0 33.2566136 
4.0 32.12955935 
4.0 31.5894537 
4.0 25.07762005 
4.0 26.17750415 
4.0 12.70308025 
4.0 12.45481125 
4.0 9.4822427 
4.0 9.4773679 
4.0 25.50125585 
4.0 24.6867467 
4.0 17.1738518 
4.0 15.707209 
