# Position.Z vs. Particle Type (97 data points):
# "Particle Type" Position.Z
1.0 0.0 
1.0 0.0 
1.0 0.0 
1.0 0.0 
1.0 0.0 
1.0 0.0 
1.0 0.0 
1.0 0.0 
1.0 0.0 
1.0 2.2741768 
1.0 2.2741768 
1.0 2.2741768 
1.0 2.2741768 
1.0 2.2741768 
1.0 2.2741768 
1.0 2.2741768 
1.0 2.2741768 
1.0 2.2741768 
1.0 4.56192765 
1.0 5.52958945 
1.0 4.3731093 
1.0 4.4095289 
1.0 4.24574675 
1.0 4.3708826 
1.0 4.44077305 
1.0 4.63731485 
1.0 4.4529989 
1.0 6.82991015 
1.0 7.28397355 
1.0 6.882393 
1.0 7.41525015 
1.0 7.89613125 
1.0 6.2865572 
1.0 6.58503125 
1.0 6.24578395 
1.0 6.74345105 
2.0 8.29378095 
2.0 20.6304847 
2.0 7.7939176 
3.0 9.45358085 
3.0 8.93624375 
3.0 21.611121 
3.0 19.74308945 
3.0 9.8857262 
3.0 10.14647515 
3.0 11.25904675 
3.0 14.7387086 
3.0 11.66055625 
3.0 15.09818275 
3.0 31.9964099 
3.0 17.42590325 
3.0 12.207881 
3.0 11.91422575 
3.0 28.78091125 
3.0 32.1298166 
3.0 14.97712475 
3.0 31.81009405 
3.0 12.92288725 
3.0 14.33632235 
3.0 32.56297625 
3.0 31.1341751 
4.0 10.7716721 
4.0 9.2856309 
4.0 10.0957745 
4.0 10.648253 
4.0 11.07190945 
4.0 10.49993525 
4.0 15.0072853 
4.0 14.6492633 
4.0 11.9142947 
4.0 12.18516285 
4.0 15.45665625 
4.0 14.15392475 
4.0 32.1522537 
4.0 31.7327353 
4.0 16.8116172 
4.0 17.53932915 
4.0 11.8546442 
4.0 12.03005335 
4.0 12.48152255 
4.0 11.0419715 
4.0 29.18548535 
4.0 28.28374885 
4.0 33.0649522 
4.0 31.5740768 
4.0 14.8365798 
4.0 14.3712583 
4.0 32.74250105 
4.0 31.1921855 
4.0 12.56651515 
4.0 13.3292292 
4.0 15.30683945 
4.0 14.30047675 
4.0 31.94323475 
4.0 32.36947735 
4.0 31.923164 
4.0 30.919056 
