# Position.Z vs. Particle Type (97 data points):
# "Particle Type" Position.Z
1.0 0.0 
1.0 0.0 
1.0 0.0 
1.0 0.0 
1.0 0.0 
1.0 0.0 
1.0 0.0 
1.0 0.0 
1.0 0.0 
1.0 2.2741768 
1.0 2.2741768 
1.0 2.2741768 
1.0 2.2741768 
1.0 2.2741768 
1.0 2.2741768 
1.0 2.2741768 
1.0 2.2741768 
1.0 2.2741768 
1.0 5.016725 
1.0 4.3256647 
1.0 4.73749675 
1.0 4.9793625 
1.0 4.20375865 
1.0 4.06002415 
1.0 4.43461655 
1.0 4.4239048 
1.0 4.5693403 
1.0 6.8008969 
1.0 6.5371131 
1.0 6.45250865 
1.0 7.6398427 
1.0 6.80387925 
1.0 7.54863235 
1.0 7.1818621 
1.0 6.40758265 
1.0 6.94214955 
2.0 7.8849435 
2.0 19.90944305 
2.0 8.54460565 
3.0 9.03579005 
3.0 9.7038746 
3.0 19.4486355 
3.0 20.39543835 
3.0 12.3988088 
3.0 26.14934175 
3.0 28.36011045 
3.0 31.02546545 
3.0 9.63392535 
3.0 15.3217204 
3.0 29.70647575 
3.0 12.77008565 
3.0 23.86291355 
3.0 9.7138251 
3.0 28.2898483 
3.0 31.78754145 
3.0 31.3459783 
3.0 32.0949377 
3.0 12.125827 
3.0 16.15221685 
3.0 24.3556229 
3.0 32.27523075 
4.0 13.30205625 
4.0 12.32690795 
4.0 26.8880934 
4.0 26.4874666 
4.0 28.8370824 
4.0 27.509601 
4.0 30.44417775 
4.0 30.48396645 
4.0 9.88437835 
4.0 10.177384 
4.0 16.1620249 
4.0 14.81595605 
4.0 30.11885905 
4.0 30.36486005 
4.0 12.1326492 
4.0 12.21554215 
4.0 23.65749715 
4.0 22.981945 
4.0 9.8708827 
4.0 9.02874385 
4.0 28.27289675 
4.0 28.09787855 
4.0 32.5282461 
4.0 32.03154955 
4.0 32.0000737 
4.0 31.9354 
4.0 31.5266805 
4.0 31.6459997 
4.0 13.0047932 
4.0 11.9875917 
4.0 16.04651755 
4.0 16.0175848 
4.0 24.46213945 
4.0 24.61931605 
4.0 32.9163128 
4.0 31.6739584 
